 Interakcni diagram - METHOD=1
 25
 290.000000

 0.000000 0.000000
 11.600000 0.801046
 23.200000 1.522183
 34.800000 2.163412
 46.400000 2.724732
 58.000000 3.206143
 69.600000 3.607646
 81.200000 3.929241
 92.800000 4.170927
 104.400000 4.332704
 116.000000 4.414573
 127.600000 4.416533
 139.200000 4.338585
 150.800000 4.180728
 162.400000 3.942963
 173.990573 3.636923
 185.562146 3.312756
 197.152015 2.978659
 208.740361 2.640176
 220.323265 2.296979
 231.992346 1.928215
 243.589606 1.571075
 255.181915 1.204643
 266.760786 0.825907
 278.385521 0.484118
 290.000000 0.000000
