 Interakcni diagram - METHOD=4
 25
 290.000000

 0.000000 0.000000
 11.600000 0.796147
 23.200000 1.502587
 34.800000 2.119320
 46.400000 2.646347
 58.000000 3.083667
 69.600000 3.431280
 81.200000 3.689187
 92.800000 3.857387
 104.400000 3.935880
 116.000000 3.924667
 127.600000 3.823747
 139.200000 3.633120
 150.800000 3.364000
 162.400000 3.083667
 174.000000 2.803333
 185.600000 2.523000
 197.200000 2.242667
 208.800000 1.962333
 220.400000 1.682000
 232.000000 1.401667
 243.600000 1.121333
 255.200000 0.841000
 266.800000 0.560667
 278.400000 0.280333
 290.000000 0.000000
