 Interakcni diagram - METHOD=2
 25
 290.000000

 0.000000 0.000000
 11.600000 0.807360
 23.200000 1.547440
 34.800000 2.220240
 46.400000 2.825760
 58.000000 3.364000
 69.600000 3.834960
 81.200000 4.238640
 92.800000 4.575040
 104.400000 4.844160
 116.000000 5.046000
 127.600000 5.180560
 139.200000 5.247840
 150.800000 5.247840
 162.400000 5.180560
 174.000000 5.046000
 185.600000 4.844160
 197.200000 4.575040
 208.800000 4.238640
 220.400000 3.834960
 232.000000 3.364000
 243.600000 2.825760
 255.200000 2.220240
 266.800000 1.547440
 278.400000 0.807360
 290.000000 0.000000
