 Interakcni diagram - METHOD=3
 25
 290.000000

 0.000000 0.000000
 11.600000 0.799573
 23.200000 1.516292
 34.800000 2.150157
 46.400000 2.701167
 58.000000 3.169324
 69.600000 3.554627
 81.200000 3.857075
 92.800000 4.076670
 104.400000 4.213410
 116.000000 4.267296
 127.600000 4.238329
 139.200000 4.126507
 150.800000 3.931831
 162.399053 3.659721
 173.991724 3.369929
 185.589413 3.078383
 197.186157 2.784777
 208.781392 2.488479
 220.374116 2.188569
 231.962378 1.883643
 243.542028 1.571454
 255.103018 1.248146
 266.799950 0.900810
 278.398862 0.515969
 290.000000 0.000000
