Vstupni soubor: pokus_in
***kopie vstupniho souboru***

 3.140000
 0.365000
 1
 0.140000
 18.000000
 0.600000
 25
 10
 0.300000 1.000000 0.200000
 0.300000 1.000000 0.200000
 0.300000 1.000000 0.200000
 0.300000 1.000000 0.200000
 0.300000 1.000000 0.200000
 0.300000 1.000000 0.200000
 0.300000 1.000000 0.200000
 0.300000 1.000000 0.200000
 0.300000 1.000000 0.200000
 0.300000 1.000000 0.200000
 0.180000
 20.000000
 1 30.000000
 0 0.600000 0.400000 2.400000
 1
 1 1000.000000 inter.txt
*****************************
Ortoganalni souradnice intrados a extrados:
X_int	Y_int	X_ext	Y_ext
 +0.000000	 +0.000000	 -0.061758	 +0.125642
 +0.117760	 +0.055235	 +0.060635	 +0.183050
 +0.237460	 +0.106130	 +0.185043	 +0.235947
 +0.358940	 +0.152617	 +0.311302	 +0.284263
 +0.482037	 +0.194634	 +0.439241	 +0.327933
 +0.606587	 +0.232126	 +0.568690	 +0.366899
 +0.732424	 +0.265041	 +0.699477	 +0.401109
 +0.859380	 +0.293336	 +0.831427	 +0.430517
 +0.987285	 +0.316973	 +0.964363	 +0.455084
 +1.115968	 +0.335921	 +1.098108	 +0.474777
 +1.245258	 +0.350154	 +1.232484	 +0.489570
 +1.374981	 +0.359653	 +1.367310	 +0.499443
 +1.504965	 +0.364406	 +1.502406	 +0.504382
 +1.635035	 +0.364406	 +1.637594	 +0.504382
 +1.765019	 +0.359653	 +1.772690	 +0.499443
 +1.894742	 +0.350154	 +1.907517	 +0.489570
 +2.024032	 +0.335921	 +2.041892	 +0.474777
 +2.152715	 +0.316973	 +2.175637	 +0.455084
 +2.280620	 +0.293336	 +2.308573	 +0.430517
 +2.407576	 +0.265041	 +2.440523	 +0.401109
 +2.533413	 +0.232126	 +2.571310	 +0.366899
 +2.657963	 +0.194634	 +2.700759	 +0.327933
 +2.781060	 +0.152617	 +2.828699	 +0.284263
 +2.902540	 +0.106130	 +2.954957	 +0.235947
 +3.022240	 +0.055235	 +3.079365	 +0.183050
 +3.140000	 -0.000000	 +3.201758	 +0.125642
Vlastni tiha klenby - jednotlive bloky:
X_p	Y_p	P
 +0.028968	 +0.091389	 +0.334169
 +0.150049	 +0.145504	 +0.334169
 +0.273025	 +0.195159	 +0.334169
 +0.397734	 +0.240288	 +0.334169
 +0.524009	 +0.280829	 +0.334169
 +0.651681	 +0.316729	 +0.334169
 +0.780579	 +0.347940	 +0.334169
 +0.910532	 +0.374420	 +0.334169
 +1.041366	 +0.396134	 +0.334169
 +1.172905	 +0.413053	 +0.334169
 +1.304975	 +0.425153	 +0.334169
 +1.437399	 +0.432421	 +0.334169
 +1.570000	 +0.434844	 +0.334169
 +1.702601	 +0.432420	 +0.334169
 +1.835025	 +0.425153	 +0.334169
 +1.967095	 +0.413052	 +0.334169
 +2.098634	 +0.396134	 +0.334169
 +2.229468	 +0.374420	 +0.334169
 +2.359421	 +0.347940	 +0.334169
 +2.488319	 +0.316729	 +0.334169
 +2.615991	 +0.280829	 +0.334169
 +2.742266	 +0.240288	 +0.334169
 +2.866975	 +0.195159	 +0.334169
 +2.989951	 +0.145504	 +0.334169
 +3.111032	 +0.091389	 +0.334168
Tiha nadnasypu pusobici na bloky:
P	h_ver	X_p	Y_p
 +1.298961	 +0.057408	 -0.001665	 +0.153829
 +1.183129	 +0.052897	 +0.121686	 +0.209008
 +1.072930	 +0.048316	 +0.246976	 +0.259647
 +0.969529	 +0.043670	 +0.374042	 +0.305678
 +0.874003	 +0.038966	 +0.502720	 +0.347041
 +0.787328	 +0.034210	 +0.632845	 +0.383680
 +0.710383	 +0.029408	 +0.764251	 +0.415545
 +0.643942	 +0.024567	 +0.896771	 +0.442593
 +0.588665	 +0.019693	 +1.030238	 +0.464783
 +0.545098	 +0.014793	 +1.164479	 +0.482083
 +0.513671	 +0.009873	 +1.299314	 +0.494463
 +0.494691	 +0.004940	 +1.434554	 +0.501901
 +0.488344	 -0.000000	 +1.570000	 +0.504382
 +0.494691	 -0.004940	 +1.705446	 +0.501901
 +0.513672	 -0.009873	 +1.840686	 +0.494463
 +0.545098	 -0.014793	 +1.975521	 +0.482083
 +0.588665	 -0.019693	 +2.109761	 +0.464783
 +0.643941	 -0.024567	 +2.243229	 +0.442592
 +0.710384	 -0.029408	 +2.375749	 +0.415545
 +0.787329	 -0.034210	 +2.507155	 +0.383680
 +0.874001	 -0.038966	 +2.637280	 +0.347041
 +0.969532	 -0.043670	 +2.765957	 +0.305679
 +1.072929	 -0.048316	 +2.893024	 +0.259647
 +1.183128	 -0.052897	 +3.018315	 +0.209008
 +1.298961	 -0.057407	 +3.141664	 +0.153829
Vnejsi zatizeni pusobici na bloky:
X_q	Y_q	Q
 +0.013386	 +0.219147	 +1.415217
 +0.122839	 +0.288844	 +1.863168
 +0.248172	 +0.332579	 +1.890869
 +0.375271	 +0.371603	 +1.916046
 +0.503966	 +0.405865	 +1.938666
 +0.601277	 +0.504202	 +0.976034
 +0.699477	 +0.401109	 +0.000000
 +0.831427	 +0.430517	 +0.000000
 +0.964363	 +0.455084	 +0.000000
 +1.098108	 +0.474777	 +0.000000
 +1.232484	 +0.489570	 +0.000000
 +1.367310	 +0.499443	 +0.000000
 +1.502406	 +0.504382	 +0.000000
 +1.637594	 +0.504382	 +0.000000
 +1.772690	 +0.499443	 +0.000000
 +1.907517	 +0.489570	 +0.000000
 +2.041892	 +0.474777	 +0.000000
 +2.175637	 +0.455084	 +0.000000
 +2.308573	 +0.430517	 +0.000000
 +2.440523	 +0.401109	 +0.000000
 +2.571310	 +0.366899	 +0.000000
 +2.700759	 +0.327933	 +0.000000
 +2.828699	 +0.284263	 +0.000000
 +2.954957	 +0.235947	 +0.000000
 +3.079365	 +0.183050	 +0.000000
Ortogonalni lokalni souradnice jednotlivych bloku:
a	alfa	b	beta
 +0.070000	 +2.027649	 +0.132629	 +0.438579
 +0.070000	 +1.991101	 +0.132629	 +0.402030
 +0.070000	 +1.954553	 +0.132629	 +0.365482
 +0.070000	 +1.918005	 +0.132629	 +0.328935
 +0.070000	 +1.881456	 +0.132629	 +0.292385
 +0.070000	 +1.844908	 +0.132629	 +0.255837
 +0.070000	 +1.808360	 +0.132629	 +0.219290
 +0.070000	 +1.771812	 +0.132629	 +0.182741
 +0.070000	 +1.735264	 +0.132629	 +0.146193
 +0.070000	 +1.698715	 +0.132629	 +0.109644
 +0.070000	 +1.662167	 +0.132629	 +0.073097
 +0.070000	 +1.625618	 +0.132629	 +0.036548
 +0.070000	 +1.589071	 +0.132629	 -0.000001
 +0.070000	 +1.552521	 +0.132629	 -0.036548
 +0.070000	 +1.515974	 +0.132629	 -0.073097
 +0.070000	 +1.479425	 +0.132629	 -0.109644
 +0.070000	 +1.442875	 +0.132629	 -0.146193
 +0.070000	 +1.406329	 +0.132629	 -0.182741
 +0.070000	 +1.369782	 +0.132629	 -0.219289
 +0.070000	 +1.333234	 +0.132629	 -0.255838
 +0.070000	 +1.296683	 +0.132629	 -0.292385
 +0.070000	 +1.260139	 +0.132629	 -0.328934
 +0.070000	 +1.223589	 +0.132629	 -0.365483
 +0.070000	 +1.187041	 +0.132629	 -0.402030
 +0.070000	 +1.150492	 +0.132629	 -0.438579
 +0.070000	 +1.113944	 +1.000000	 -0.456852
Transformovane zatizeni vlastni tihou klenby:
Px	Py	Mp
 +0.000000	 +0.334169	 +0.019999
 +0.000000	 +0.334169	 +0.020335
 +0.000000	 +0.334169	 +0.020643
 +0.000000	 +0.334169	 +0.020924
 +0.000000	 +0.334169	 +0.021176
 +0.000000	 +0.334169	 +0.021401
 +0.000000	 +0.334169	 +0.021597
 +0.000000	 +0.334169	 +0.021764
 +0.000000	 +0.334169	 +0.021902
 +0.000000	 +0.334169	 +0.022011
 +0.000000	 +0.334169	 +0.022090
 +0.000000	 +0.334169	 +0.022140
 +0.000000	 +0.334169	 +0.022160
 +0.000000	 +0.334169	 +0.022151
 +0.000000	 +0.334169	 +0.022112
 +0.000000	 +0.334169	 +0.022044
 +0.000000	 +0.334169	 +0.021946
 +0.000000	 +0.334169	 +0.021819
 +0.000000	 +0.334169	 +0.021662
 +0.000000	 +0.334169	 +0.021477
 +0.000000	 +0.334169	 +0.021263
 +0.000000	 +0.334169	 +0.021021
 +0.000000	 +0.334169	 +0.020750
 +0.000000	 +0.334169	 +0.020452
 +0.000000	 +0.334168	 +0.020127
 +0.000000	 +0.000000	 +0.000000
Transformovane zatizeni nadnasypem:
Px	Py	Mp
 +0.000000	 +1.298961	 +0.037948
 +0.000000	 +1.183129	 +0.038438
 +0.000000	 +1.072930	 +0.038330
 +0.000000	 +0.969529	 +0.037736
 +0.000000	 +0.874003	 +0.036779
 +0.000000	 +0.787328	 +0.035592
 +0.000000	 +0.710383	 +0.034312
 +0.000000	 +0.643942	 +0.033078
 +0.000000	 +0.588665	 +0.032032
 +0.000000	 +0.545098	 +0.031311
 +0.000000	 +0.513671	 +0.031048
 +0.000000	 +0.494691	 +0.031368
 +0.000000	 +0.488344	 +0.032384
 +0.000000	 +0.494691	 +0.034198
 +0.000000	 +0.513672	 +0.036898
 +0.000000	 +0.545098	 +0.040551
 +0.000000	 +0.588665	 +0.045209
 +0.000000	 +0.643941	 +0.050905
 +0.000000	 +0.710384	 +0.057649
 +0.000000	 +0.787329	 +0.065432
 +0.000000	 +0.874001	 +0.074219
 +0.000000	 +0.969532	 +0.083957
 +0.000000	 +1.072929	 +0.094573
 +0.000000	 +1.183128	 +0.105969
 +0.000000	 +1.298961	 +0.118026
 +0.000000	 +0.000000	 +0.000000
Transformovane zatizeni vnejsich sil:
Qx	Qy	Mq
 +0.000000	 +1.415217	 +0.062644
 +0.000000	 +1.863168	 +0.062680
 +0.000000	 +1.890869	 +0.069812
 +0.000000	 +1.916046	 +0.076930
 +0.000000	 +1.938666	 +0.083996
 +0.000000	 +0.976034	 +0.013311
 +0.000000	 +0.000000	 +0.000000
 +0.000000	 +0.000000	 +0.000000
 +0.000000	 +0.000000	 +0.000000
 +0.000000	 +0.000000	 +0.000000
 +0.000000	 +0.000000	 +0.000000
 +0.000000	 +0.000000	 +0.000000
 +0.000000	 +0.000000	 +0.000000
 +0.000000	 +0.000000	 +0.000000
 +0.000000	 +0.000000	 +0.000000
 +0.000000	 +0.000000	 +0.000000
 +0.000000	 +0.000000	 +0.000000
 +0.000000	 +0.000000	 +0.000000
 +0.000000	 +0.000000	 +0.000000
 +0.000000	 +0.000000	 +0.000000
 +0.000000	 +0.000000	 +0.000000
 +0.000000	 +0.000000	 +0.000000
 +0.000000	 +0.000000	 +0.000000
 +0.000000	 +0.000000	 +0.000000
 +0.000000	 +0.000000	 +0.000000
 +0.000000	 +0.000000	 +0.000000

*** vysledky vypoctu ***
 icase = 0
         0 -> O.K.,
        -1 -> nelze splnit omezujici podminky,
        +1 -> cilova funkce je na polyedru neomezena.
 lambda = 5.979780
 pocet bloku N = 25
 Vektor lokalnich deformaci:
   1: fi 00 int = 13.692829
  10: fi 04 ext = 3.980748
  31: fi 15 int = 7.135291
  52: fi 25 ext = 59.786781
 Vektor indexu spary mezi bloky:
0		1		2		3		4		5		6		7		8		9		10		11		12		13		14		15		16		17		18		19		20		21		22		23		24		25		
 Vektor normalovych sil ve sparach (+ znaci tlak):
+84.938362	+79.400276	+73.470398	+68.281044	+63.860001	+60.230713	+58.796646	+58.959114	+59.128208	+59.296116	+59.455551	+59.601360	+59.729847	+59.838875	+59.928432	+60.000351	+60.057644	+60.105537	+60.150925	+60.201538	+60.266827	+60.356964	+60.482983	+60.656677	+60.889477	+61.193520	
 Vektor vzdalenosti N od hornoho povrchu klenby:
 +0.140000	 +0.089865	 +0.047787	 +0.016319	 +0.000000	 +0.003583	 +0.027377	 +0.051668	 +0.073167	 +0.091768	 +0.107395	 +0.120000	 +0.129558	 +0.136065	 +0.139535	 +0.140000	 +0.137509	 +0.132128	 +0.123943	 +0.113060	 +0.099607	 +0.083737	 +0.065627	 +0.045480	 +0.023522	 +0.000000	
 Vektor posouvajicich sil ve sparach:
+37.270279	+31.131947	+22.274536	+12.988891	 +3.324825	 -6.667006	-11.224234	-10.091854	 -8.895648	 -7.644437	 -6.348264	 -5.018044	 -3.665653	 -2.302937	 -0.942568	 +0.403624	 +1.723776	 +3.006651	 +4.242415	 +5.422269	 +6.538943	 +7.586155	 +8.560695	 +9.460304	+10.285204	+11.037546	
 Vektor d_crush:
 +0.084938	 +0.079400	 +0.073470	 +0.068281	 +0.063860	 +0.060231	 +0.058797	 +0.058959	 +0.059128	 +0.059296	 +0.059456	 +0.059601	 +0.059730	 +0.059839	 +0.059928	 +0.060000	 +0.060058	 +0.060106	 +0.060151	 +0.060202	 +0.060267	 +0.060357	 +0.060483	 +0.060657	 +0.060889	 +0.061194	

 * Iterace c. 1 * Delta =  +4.285943 *
 icase = 0
         0 -> O.K.,
        -1 -> nelze splnit omezujici podminky,
        +1 -> cilova funkce je na polyedru neomezena.
 lambda = 1.693837
 pocet bloku N = 25
 Vektor lokalnich deformaci:
   1: fi 00 int = 17.085682
  10: fi 04 ext = 1.289662
  29: fi 14 int = 1.400468
  52: fi 25 ext = 36.936577
 Vektor indexu spary mezi bloky:
0		1		2		3		4		5		6		7		8		9		10		11		12		13		14		15		16		17		18		19		20		21		22		23		24		25		
 Vektor normalovych sil ve sparach (+ znaci tlak):
+46.461788	+44.391869	+42.290913	+40.471642	+38.933788	+37.675892	+37.087978	+36.992828	+36.934006	+36.903328	+36.894402	+36.901875	+36.922253	+36.953663	+36.996239	+37.051579	+37.123295	+37.216190	+37.336872	+37.493473	+37.694954	+37.951527	+38.273972	+38.673580	+39.161846	+39.750164	
 Vektor vzdalenosti N od hornoho povrchu klenby:
 +0.097531	 +0.071248	 +0.050752	 +0.037146	 +0.031930	 +0.036443	 +0.049718	 +0.062942	 +0.074856	 +0.085250	 +0.093957	 +0.100851	 +0.105850	 +0.108912	 +0.110036	 +0.109258	 +0.106654	 +0.102336	 +0.096455	 +0.089196	 +0.080778	 +0.071449	 +0.061480	 +0.051156	 +0.040767	 +0.030597	
 Vektor posouvajicich sil ve sparach:
+10.791422	 +8.802436	 +6.085347	 +3.291767	 +0.436997	 -2.464902	 -3.783364	 -3.449184	 -3.060065	 -2.623736	 -2.149143	 -1.646130	 -1.125401	 -0.597819	 -0.074788	 +0.432853	 +0.914407	 +1.359837	 +1.760351	 +2.108243	 +2.397312	 +2.622607	 +2.781743	 +2.873679	 +2.899693	 +2.863055	
 Vektor d_crush:
 +0.046462	 +0.044392	 +0.042291	 +0.040472	 +0.038934	 +0.037676	 +0.037088	 +0.036993	 +0.036934	 +0.036903	 +0.036894	 +0.036902	 +0.036922	 +0.036954	 +0.036996	 +0.037052	 +0.037123	 +0.037216	 +0.037337	 +0.037493	 +0.037695	 +0.037952	 +0.038274	 +0.038674	 +0.039162	 +0.039750	

 * Iterace c. 2 * Delta =  -1.229182 *
 icase = 0
         0 -> O.K.,
        -1 -> nelze splnit omezujici podminky,
        +1 -> cilova funkce je na polyedru neomezena.
 lambda = 2.923018
 pocet bloku N = 25
 Vektor lokalnich deformaci:
   1: fi 00 int = 15.907595
  10: fi 04 ext = 2.050295
  29: fi 14 int = 3.135843
  52: fi 25 ext = 43.282318
 Vektor indexu spary mezi bloky:
0		1		2		3		4		5		6		7		8		9		10		11		12		13		14		15		16		17		18		19		20		21		22		23		24		25		
 Vektor normalovych sil ve sparach (+ znaci tlak):
+57.311474	+54.243744	+51.041618	+48.253254	+45.885727	+43.945385	+43.112831	+43.089611	+43.094856	+43.119987	+43.158344	+43.204865	+43.255844	+43.309422	+43.365715	+43.426189	+43.494442	+43.575485	+43.675861	+43.803627	+43.967838	+44.178829	+44.447262	+44.784691	+45.202625	+45.712528	
 Vektor vzdalenosti N od hornoho povrchu klenby:
 +0.116769	 +0.080006	 +0.050236	 +0.029176	 +0.019467	 +0.023650	 +0.040997	 +0.058449	 +0.074055	 +0.087632	 +0.099042	 +0.108181	 +0.114986	 +0.119426	 +0.121502	 +0.121248	 +0.118730	 +0.114042	 +0.107310	 +0.098695	 +0.088384	 +0.076596	 +0.063577	 +0.049594	 +0.034930	 +0.019875	
 Vektor posouvajicich sil ve sparach:
+18.479382	+15.293571	+10.808529	 +6.146021	 +1.331239	 -3.611239	 -5.865876	 -5.310158	 -4.697017	 -4.034472	 -3.331783	 -2.599092	 -1.847425	 -1.087916	 -0.332324	 +0.408231	 +1.122743	 +1.800826	 +2.433405	 +3.012475	 +3.531534	 +3.985260	 +4.371036	 +4.687486	 +4.935598	 +5.118320	
 Vektor d_crush:
 +0.057311	 +0.054244	 +0.051042	 +0.048253	 +0.045886	 +0.043945	 +0.043113	 +0.043090	 +0.043095	 +0.043120	 +0.043158	 +0.043205	 +0.043256	 +0.043309	 +0.043366	 +0.043426	 +0.043494	 +0.043575	 +0.043676	 +0.043804	 +0.043968	 +0.044179	 +0.044447	 +0.044785	 +0.045203	 +0.045713	

 * Iterace c. 3 * Delta =  +0.388268 *
 icase = 0
         0 -> O.K.,
        -1 -> nelze splnit omezujici podminky,
        +1 -> cilova funkce je na polyedru neomezena.
 lambda = 2.534750
 pocet bloku N = 25
 Vektor lokalnich deformaci:
   1: fi 00 int = 16.308525
  10: fi 04 ext = 1.811893
  29: fi 14 int = 2.575190
  52: fi 25 ext = 41.306503
 Vektor indexu spary mezi bloky:
0		1		2		3		4		5		6		7		8		9		10		11		12		13		14		15		16		17		18		19		20		21		22		23		24		25		
 Vektor normalovych sil ve sparach (+ znaci tlak):
+53.909714	+51.157642	+48.303665	+45.821812	+43.716610	+41.992290	+41.237156	+41.191666	+41.176899	+41.184525	+41.208206	+41.242378	+41.283752	+41.330536	+41.382423	+41.441257	+41.510498	+41.595142	+41.701855	+41.838539	+42.014328	+42.239357	+42.524632	+42.881351	+43.321121	+43.855389	
 Vektor vzdalenosti N od hornoho povrchu klenby:
 +0.111344	 +0.077460	 +0.050274	 +0.031335	 +0.022943	 +0.027272	 +0.043486	 +0.059748	 +0.074315	 +0.087000	 +0.097651	 +0.106161	 +0.112459	 +0.116510	 +0.118317	 +0.117912	 +0.115364	 +0.110773	 +0.104271	 +0.096027	 +0.086237	 +0.075129	 +0.062957	 +0.049996	 +0.036533	 +0.022856	
 Vektor posouvajicich sil ve sparach:
+16.037262	+13.230424	 +9.304787	 +5.233586	 +1.038901	 -3.258021	 -5.215939	 -4.729186	 -4.185786	 -3.593668	 -2.961991	 -2.300812	 -1.621043	 -0.933751	 -0.250572	 +0.417461	 +1.059432	 +1.665071	 +2.225380	 +2.732457	 +3.179894	 +3.562478	 +3.877669	 +4.124194	 +4.303131	 +4.417531	
 Vektor d_crush:
 +0.053910	 +0.051158	 +0.048304	 +0.045822	 +0.043717	 +0.041992	 +0.041237	 +0.041192	 +0.041177	 +0.041185	 +0.041208	 +0.041242	 +0.041284	 +0.041331	 +0.041382	 +0.041441	 +0.041510	 +0.041595	 +0.041702	 +0.041839	 +0.042014	 +0.042239	 +0.042525	 +0.042881	 +0.043321	 +0.043855	

 * Iterace c. 4 * Delta =  -0.117011 *
 icase = 0
         0 -> O.K.,
        -1 -> nelze splnit omezujici podminky,
        +1 -> cilova funkce je na polyedru neomezena.
 lambda = 2.651761
 pocet bloku N = 25
 Vektor lokalnich deformaci:
   1: fi 00 int = 16.188377
  10: fi 04 ext = 1.883794
  29: fi 14 int = 2.743832
  52: fi 25 ext = 41.902641
 Vektor indexu spary mezi bloky:
0		1		2		3		4		5		6		7		8		9		10		11		12		13		14		15		16		17		18		19		20		21		22		23		24		25		
 Vektor normalovych sil ve sparach (+ znaci tlak):
+54.935329	+52.088120	+49.129467	+46.555019	+44.370949	+42.581512	+41.803101	+41.764305	+41.755478	+41.768497	+41.796539	+41.834457	+41.878784	+41.927578	+41.980793	+42.040131	+42.109123	+42.192654	+42.297436	+42.431450	+42.603752	+42.824539	+43.104713	+43.455597	+43.888783	+44.415680	
 Vektor vzdalenosti N od hornoho povrchu klenby:
 +0.113045	 +0.078256	 +0.050260	 +0.030658	 +0.021858	 +0.026145	 +0.042712	 +0.059343	 +0.074234	 +0.087196	 +0.098084	 +0.106790	 +0.113246	 +0.117418	 +0.119309	 +0.118951	 +0.116412	 +0.111790	 +0.105216	 +0.096856	 +0.086903	 +0.075583	 +0.063148	 +0.049869	 +0.036032	 +0.021928	
 Vektor posouvajicich sil ve sparach:
+16.772928	+13.851904	 +9.757699	 +5.508321	 +1.126782	 -3.364662	 -5.411977	 -4.904419	 -4.339974	 -3.726607	 -3.073507	 -2.390750	 -1.689292	 -0.980207	 -0.275180	 +0.414736	 +1.078590	 +1.706084	 +2.288200	 +2.816999	 +3.286043	 +3.690092	 +4.026580	 +4.294202	 +4.494008	 +4.629021	
 Vektor d_crush:
 +0.054935	 +0.052088	 +0.049129	 +0.046555	 +0.044371	 +0.042582	 +0.041803	 +0.041764	 +0.041755	 +0.041768	 +0.041797	 +0.041834	 +0.041879	 +0.041928	 +0.041981	 +0.042040	 +0.042109	 +0.042193	 +0.042297	 +0.042431	 +0.042604	 +0.042825	 +0.043105	 +0.043456	 +0.043889	 +0.044416	

 * Iterace c. 5 * Delta =  +0.035678 *
 icase = 0
         0 -> O.K.,
        -1 -> nelze splnit omezujici podminky,
        +1 -> cilova funkce je na polyedru neomezena.
 lambda = 2.616084
 pocet bloku N = 25
 Vektor lokalnich deformaci:
   1: fi 00 int = 16.225124
  10: fi 04 ext = 1.861884
  29: fi 14 int = 2.692344
  52: fi 25 ext = 41.720989
 Vektor indexu spary mezi bloky:
0		1		2		3		4		5		6		7		8		9		10		11		12		13		14		15		16		17		18		19		20		21		22		23		24		25		
 Vektor normalovych sil ve sparach (+ znaci tlak):
+54.622757	+51.804520	+48.877659	+46.331509	+44.171593	+42.401985	+41.630608	+41.589794	+41.579189	+41.590595	+41.617199	+41.654091	+41.697559	+41.745586	+41.798412	+41.857792	+41.926746	+42.010574	+42.115967	+42.250710	+42.424088	+42.646244	+42.927963	+43.280609	+43.715809	+44.244942	
 Vektor vzdalenosti N od hornoho povrchu klenby:
 +0.112532	 +0.078015	 +0.050264	 +0.030862	 +0.022185	 +0.026486	 +0.042946	 +0.059465	 +0.074259	 +0.087137	 +0.097953	 +0.106600	 +0.113008	 +0.117145	 +0.119010	 +0.118637	 +0.116095	 +0.111483	 +0.104931	 +0.096606	 +0.086702	 +0.075446	 +0.063090	 +0.049907	 +0.036183	 +0.022208	
 Vektor posouvajicich sil ve sparach:
+16.548565	+13.662360	 +9.619557	 +5.424513	 +1.099947	 -3.332179	 -5.352236	 -4.851014	 -4.292982	 -3.686090	 -3.039519	 -2.363335	 -1.668487	 -0.966043	 -0.267673	 +0.415573	 +1.072762	 +1.693595	 +2.269068	 +2.791246	 +3.253707	 +3.651214	 +3.981211	 +4.242406	 +4.435850	 +4.564587	
 Vektor d_crush:
 +0.054623	 +0.051805	 +0.048878	 +0.046332	 +0.044172	 +0.042402	 +0.041631	 +0.041590	 +0.041579	 +0.041591	 +0.041617	 +0.041654	 +0.041698	 +0.041746	 +0.041798	 +0.041858	 +0.041927	 +0.042011	 +0.042116	 +0.042251	 +0.042424	 +0.042646	 +0.042928	 +0.043281	 +0.043716	 +0.044245	

 * Iterace c. 6 * Delta =  -0.010828 *
 icase = 0
         0 -> O.K.,
        -1 -> nelze splnit omezujici podminky,
        +1 -> cilova funkce je na polyedru neomezena.
 lambda = 2.626912
 pocet bloku N = 25
 Vektor lokalnich deformaci:
   1: fi 00 int = 16.214039
  10: fi 04 ext = 1.868533
  29: fi 14 int = 2.707977
  52: fi 25 ext = 41.776184
 Vektor indexu spary mezi bloky:
0		1		2		3		4		5		6		7		8		9		10		11		12		13		14		15		16		17		18		19		20		21		22		23		24		25		
 Vektor normalovych sil ve sparach (+ znaci tlak):
+54.717651	+51.890579	+48.954147	+46.399616	+44.232037	+42.456543	+41.683140	+41.642895	+41.632729	+41.644611	+41.671703	+41.708908	+41.752563	+41.800846	+41.853931	+41.913109	+41.982128	+42.065926	+42.171070	+42.305626	+42.478703	+42.700386	+42.981659	+43.333778	+43.768375	+44.296822	
 Vektor vzdalenosti N od hornoho povrchu klenby:
 +0.112689	 +0.078089	 +0.050262	 +0.030800	 +0.022086	 +0.026382	 +0.042875	 +0.059429	 +0.074252	 +0.087156	 +0.097993	 +0.106658	 +0.113081	 +0.117228	 +0.119101	 +0.118733	 +0.116192	 +0.111576	 +0.105018	 +0.096682	 +0.086763	 +0.075488	 +0.063108	 +0.049895	 +0.036137	 +0.022122	
 Vektor posouvajicich sil ve sparach:
+16.616629	+13.719862	 +9.661459	 +5.449924	 +1.108075	 -3.342058	 -5.370382	 -4.867236	 -4.307255	 -3.698397	 -3.049840	 -2.371658	 -1.674801	 -0.970340	 -0.269947	 +0.415326	 +1.074538	 +1.697398	 +2.274888	 +2.799078	 +3.263540	 +3.663033	 +3.995004	 +4.258151	 +4.453527	 +4.584171	
 Vektor d_crush:
 +0.054718	 +0.051891	 +0.048954	 +0.046400	 +0.044232	 +0.042457	 +0.041683	 +0.041643	 +0.041633	 +0.041645	 +0.041672	 +0.041709	 +0.041753	 +0.041801	 +0.041854	 +0.041913	 +0.041982	 +0.042066	 +0.042171	 +0.042306	 +0.042479	 +0.042700	 +0.042982	 +0.043334	 +0.043768	 +0.044297	

 * Iterace c. 7 * Delta =  +0.003278 *
 icase = 0
         0 -> O.K.,
        -1 -> nelze splnit omezujici podminky,
        +1 -> cilova funkce je na polyedru neomezena.
 lambda = 2.623634
 pocet bloku N = 25
 Vektor lokalnich deformaci:
   1: fi 00 int = 16.217384
  10: fi 04 ext = 1.866508
  29: fi 14 int = 2.703228
  52: fi 25 ext = 41.759460
 Vektor indexu spary mezi bloky:
0		1		2		3		4		5		6		7		8		9		10		11		12		13		14		15		16		17		18		19		20		21		22		23		24		25		
 Vektor normalovych sil ve sparach (+ znaci tlak):
+54.689091	+51.864391	+48.931122	+46.378933	+44.213848	+42.440025	+41.667168	+41.626743	+41.616528	+41.628292	+41.655209	+41.692280	+41.735817	+41.784122	+41.837154	+41.896332	+41.965370	+42.049198	+42.154381	+42.288982	+42.462147	+42.683990	+42.965382	+43.317680	+43.752434	+44.281105	
 Vektor vzdalenosti N od hornoho povrchu klenby:
 +0.112641	 +0.078066	 +0.050263	 +0.030819	 +0.022116	 +0.026413	 +0.042896	 +0.059440	 +0.074254	 +0.087150	 +0.097981	 +0.106641	 +0.113059	 +0.117203	 +0.119073	 +0.118704	 +0.116163	 +0.111548	 +0.104992	 +0.096659	 +0.086745	 +0.075475	 +0.063102	 +0.049899	 +0.036151	 +0.022148	
 Vektor posouvajicich sil ve sparach:
+16.596027	+13.702456	 +9.648775	 +5.442232	 +1.105615	 -3.339067	 -5.364892	 -4.862328	 -4.302938	 -3.694675	 -3.046720	 -2.369143	 -1.672894	 -0.969046	 -0.269262	 +0.415394	 +1.073995	 +1.696240	 +2.273117	 +2.796699	 +3.260555	 +3.659448	 +3.990819	 +4.253374	 +4.448168	 +4.578235	
 Vektor d_crush:
 +0.054689	 +0.051864	 +0.048931	 +0.046379	 +0.044214	 +0.042440	 +0.041667	 +0.041627	 +0.041617	 +0.041628	 +0.041655	 +0.041692	 +0.041736	 +0.041784	 +0.041837	 +0.041896	 +0.041965	 +0.042049	 +0.042154	 +0.042289	 +0.042462	 +0.042684	 +0.042965	 +0.043318	 +0.043752	 +0.044281	
