Vstupni soubor: zlamal5_9.in
***kopie vstupniho souboru***

 2.472500
 0.713750
 1
 0.145000
 20.000000
 0.600000
 40
 1
 1.8 1.000000 0.200000
 0.500000
 0.000000
 0 30.000000
 0 0.600000 0.400000 2.400000
 1
 4 2000.000000 inter3.txt
*****************************
Ortoganalni souradnice intrados a extrados:
X_int	Y_int	X_ext	Y_ext
0.000000	0.000000	-0.125574	0.072500
0.039049	0.063722	-0.082558	0.142695
0.081379	0.125313	-0.035928	0.210542
0.126875	0.184605	0.014189	0.275856
0.175412	0.241434	0.067656	0.338458
0.226856	0.295645	0.124325	0.398175
0.281067	0.347089	0.184043	0.454845
0.337896	0.395626	0.246644	0.508312
0.397187	0.441122	0.311958	0.558429
0.458778	0.483452	0.379806	0.605059
0.522501	0.522501	0.450001	0.648075
0.588179	0.558162	0.522350	0.687358
0.655634	0.590336	0.596657	0.722800
0.724680	0.618936	0.672717	0.754305
0.795129	0.643883	0.750321	0.781786
0.866786	0.665109	0.829257	0.805168
0.939456	0.682556	0.909309	0.824387
1.012940	0.696175	0.990257	0.839390
1.087036	0.705930	1.071879	0.850136
1.161541	0.711794	1.153952	0.856595
1.236250	0.713750	1.236250	0.858750
1.310960	0.711794	1.318548	0.856595
1.385464	0.705930	1.400621	0.850136
1.459560	0.696175	1.482243	0.839390
1.533044	0.682556	1.563191	0.824387
1.605714	0.665109	1.643243	0.805168
1.677372	0.643883	1.722179	0.781786
1.747820	0.618936	1.799783	0.754305
1.816866	0.590336	1.875843	0.722800
1.884321	0.558162	1.950150	0.687358
1.949999	0.522501	2.022500	0.648075
2.013722	0.483452	2.092694	0.605059
2.075313	0.441122	2.160542	0.558429
2.134604	0.395626	2.225856	0.508312
2.191433	0.347089	2.288457	0.454845
2.245644	0.295645	2.348175	0.398175
2.297088	0.241434	2.404845	0.338458
2.345625	0.184605	2.458311	0.275856
2.391121	0.125313	2.508428	0.210542
2.433451	0.063722	2.555058	0.142695
2.472500	0.000000	2.598074	0.072500
Vlastni tiha klenby - jednotlive bloky:
X_p	Y_p	P
-0.043266	0.070339	0.227661
-0.000477	0.136230	0.227661
0.045702	0.199790	0.227661
0.095145	0.260847	0.227661
0.147715	0.319232	0.227661
0.203269	0.374786	0.227661
0.261654	0.427356	0.227661
0.322711	0.476799	0.227661
0.386271	0.522978	0.227661
0.452161	0.565768	0.227661
0.520200	0.605050	0.227661
0.590202	0.640718	0.227661
0.661975	0.672673	0.227661
0.735322	0.700828	0.227661
0.810042	0.725106	0.227661
0.885929	0.745440	0.227661
0.962778	0.761775	0.227662
1.040376	0.774065	0.227661
1.118510	0.782278	0.227661
1.196967	0.786389	0.227661
1.275532	0.786389	0.227661
1.353990	0.782278	0.227661
1.432125	0.774065	0.227661
1.509722	0.761775	0.227662
1.586570	0.745440	0.227661
1.662459	0.725106	0.227661
1.737178	0.700828	0.227661
1.810525	0.672673	0.227661
1.882298	0.640718	0.227661
1.952299	0.605050	0.227661
2.020339	0.565768	0.227661
2.086229	0.522978	0.227661
2.149790	0.476799	0.227661
2.210846	0.427356	0.227661
2.269231	0.374786	0.227661
2.324785	0.319232	0.227661
2.377355	0.260846	0.227661
2.426798	0.199790	0.227661
2.472977	0.136230	0.227662
2.515766	0.070339	0.227661
Tiha nadnasypu pusobici na bloky:
P	h_ver	X_p	Y_p
0.000000	0.070195	-0.104267	0.107269
0.000000	0.067847	-0.059466	0.176294
0.000000	0.065314	-0.011114	0.242881
0.000000	0.062602	0.040657	0.306846
0.000000	0.059718	0.095706	0.368017
0.000000	0.056670	0.153882	0.426223
0.000000	0.053467	0.215026	0.481307
0.000000	0.050117	0.278971	0.533117
0.000000	0.046630	0.345543	0.581511
0.000000	0.043015	0.414559	0.626357
0.000000	0.039283	0.485833	0.667530
0.000000	0.035442	0.559168	0.704919
0.000000	0.031505	0.634365	0.738419
0.000000	0.027481	0.711218	0.767939
0.000000	0.023382	0.789517	0.793397
0.000000	0.019219	0.869048	0.814721
0.000000	0.015003	0.949591	0.831853
0.000000	0.010746	1.030926	0.844744
0.000000	0.006459	1.112828	0.853358
0.000000	0.002155	1.195071	0.857672
0.000000	-0.002155	1.277429	0.857672
0.000000	-0.006459	1.359672	0.853358
0.000000	-0.010746	1.441574	0.844744
0.000000	-0.015003	1.522909	0.831853
0.000000	-0.019219	1.603452	0.814721
0.000000	-0.023382	1.682983	0.793397
0.000000	-0.027481	1.761282	0.767939
0.000000	-0.031505	1.838135	0.738420
0.000000	-0.035442	1.913332	0.704919
0.000000	-0.039283	1.986668	0.667530
0.000000	-0.043016	2.057940	0.626357
0.000000	-0.046630	2.126957	0.581511
0.000000	-0.050117	2.193529	0.533117
0.000000	-0.053467	2.257474	0.481307
0.000000	-0.056670	2.318619	0.426223
0.000000	-0.059718	2.376793	0.368017
0.000000	-0.062602	2.431843	0.306846
0.000000	-0.065314	2.483614	0.242880
0.000000	-0.067848	2.531968	0.176292
0.000000	-0.070195	2.576767	0.107270
Vnejsi zatizeni pusobici na bloky:
X_q	Y_q	Q
-0.125574	0.072500	0.000000
-0.082558	0.142695	0.000000
-0.035928	0.210542	0.000000
0.014189	0.275856	0.000000
0.067656	0.338458	0.000000
0.124325	0.398175	0.000000
0.184043	0.454845	0.000000
0.246644	0.508312	0.000000
0.311958	0.558429	0.000000
0.379806	0.605059	0.000000
0.450001	0.648075	0.000000
0.522350	0.687358	0.000000
0.596657	0.722800	0.000000
0.672717	0.754305	0.000000
0.750321	0.781786	0.000000
0.829257	0.805168	0.000000
0.909309	0.824387	0.000000
0.990257	0.839390	0.000000
1.071879	0.850136	0.000000
1.153952	0.856595	0.000000
1.236250	0.858750	0.000000
1.318548	0.856595	0.000000
1.400621	0.850136	0.000000
1.482243	0.839390	0.000000
1.563191	0.824387	0.000000
1.643243	0.805168	0.000000
1.722179	0.781786	0.000000
1.800000	-10.308593	1.000000
1.875843	0.722800	0.000000
1.950150	0.687358	0.000000
2.022500	0.648075	0.000000
2.092694	0.605059	0.000000
2.160542	0.558429	0.000000
2.225856	0.508312	0.000000
2.288457	0.454845	0.000000
2.348175	0.398175	0.000000
2.404845	0.338458	0.000000
2.458311	0.275856	0.000000
2.508428	0.210542	0.000000
2.555058	0.142695	0.000000
Ortogonalni lokalni souradnice jednotlivych bloku:
a	alfa	b	beta
0.072500	2.617995	0.078531	1.021018
0.072500	2.565635	0.078531	0.968659
0.072500	2.513275	0.078531	0.916299
0.072500	2.460915	0.078531	0.863939
0.072500	2.408555	0.078531	0.811579
0.072500	2.356195	0.078531	0.759219
0.072500	2.303835	0.078531	0.706859
0.072500	2.251475	0.078531	0.654500
0.072500	2.199115	0.078531	0.602139
0.072500	2.146756	0.078531	0.549778
0.072500	2.094395	0.078531	0.497420
0.072500	2.042036	0.078531	0.445059
0.072500	1.989676	0.078531	0.392700
0.072500	1.937316	0.078531	0.340338
0.072500	1.884957	0.078531	0.287981
0.072500	1.832596	0.078531	0.235619
0.072500	1.780236	0.078531	0.183260
0.072500	1.727876	0.078531	0.130899
0.072500	1.675516	0.078531	0.078541
0.072500	1.623156	0.078531	0.026179
0.072500	1.570796	0.078531	-0.026179
0.072500	1.518436	0.078531	-0.078540
0.072500	1.466077	0.078531	-0.130900
0.072500	1.413716	0.078531	-0.183260
0.072500	1.361356	0.078531	-0.235619
0.072500	1.308997	0.078531	-0.287979
0.072500	1.256637	0.078531	-0.340341
0.072500	1.204276	0.078531	-0.392699
0.072500	1.151917	0.078531	-0.445058
0.072500	1.099557	0.078531	-0.497421
0.072500	1.047197	0.078531	-0.549780
0.072500	0.994838	0.078531	-0.602137
0.072500	0.942477	0.078531	-0.654499
0.072500	0.890118	0.078531	-0.706859
0.072500	0.837758	0.078531	-0.759219
0.072500	0.785397	0.078531	-0.811578
0.072500	0.733037	0.078531	-0.863940
0.072500	0.680678	0.078531	-0.916301
0.072500	0.628319	0.078531	-0.968656
0.072500	0.575958	0.078531	-1.021019
0.072500	0.523597	1.000000	-1.047199
Transformovane zatizeni vlastni tihou klenby:
Px	Py	Mp
0.000000	0.227661	0.004444
0.000000	0.227661	0.004844
0.000000	0.227661	0.005231
0.000000	0.227661	0.005603
0.000000	0.227661	0.005961
0.000000	0.227661	0.006301
0.000000	0.227661	0.006625
0.000000	0.227661	0.006930
0.000000	0.227661	0.007216
0.000000	0.227661	0.007483
0.000000	0.227661	0.007729
0.000000	0.227661	0.007954
0.000000	0.227661	0.008157
0.000000	0.227661	0.008338
0.000000	0.227661	0.008496
0.000000	0.227661	0.008630
0.000000	0.227662	0.008741
0.000000	0.227661	0.008828
0.000000	0.227661	0.008891
0.000000	0.227661	0.008929
0.000000	0.227661	0.008943
0.000000	0.227661	0.008933
0.000000	0.227661	0.008897
0.000000	0.227662	0.008838
0.000000	0.227661	0.008754
0.000000	0.227661	0.008647
0.000000	0.227661	0.008515
0.000000	0.227661	0.008360
0.000000	0.227661	0.008183
0.000000	0.227661	0.007983
0.000000	0.227661	0.007761
0.000000	0.227661	0.007518
0.000000	0.227661	0.007254
0.000000	0.227661	0.006970
0.000000	0.227661	0.006667
0.000000	0.227661	0.006346
0.000000	0.227661	0.006008
0.000000	0.227661	0.005653
0.000000	0.227662	0.005282
0.000000	0.227661	0.004897
0.000000	0.000000	0.000000
Transformovane zatizeni nadnasypem:
Px	Py	Mp
0.000000	0.000000	0.000000
0.000000	0.000000	0.000000
0.000000	0.000000	0.000000
0.000000	0.000000	0.000000
0.000000	0.000000	0.000000
0.000000	0.000000	0.000000
0.000000	0.000000	0.000000
0.000000	0.000000	0.000000
0.000000	0.000000	0.000000
0.000000	0.000000	0.000000
0.000000	0.000000	0.000000
0.000000	0.000000	0.000000
0.000000	0.000000	0.000000
0.000000	0.000000	0.000000
0.000000	0.000000	0.000000
0.000000	0.000000	0.000000
0.000000	0.000000	0.000000
0.000000	0.000000	0.000000
0.000000	0.000000	0.000000
0.000000	0.000000	0.000000
0.000000	0.000000	0.000000
0.000000	0.000000	0.000000
0.000000	0.000000	0.000000
0.000000	0.000000	0.000000
0.000000	0.000000	0.000000
0.000000	0.000000	0.000000
0.000000	0.000000	0.000000
0.000000	0.000000	0.000000
0.000000	0.000000	0.000000
0.000000	0.000000	0.000000
0.000000	0.000000	0.000000
0.000000	0.000000	0.000000
0.000000	0.000000	0.000000
0.000000	0.000000	0.000000
0.000000	0.000000	0.000000
0.000000	0.000000	0.000000
0.000000	0.000000	0.000000
0.000000	0.000000	0.000000
0.000000	0.000000	0.000000
0.000000	0.000000	0.000000
0.000000	0.000000	0.000000
Transformovane zatizeni vnejsich sil:
Qx	Qy	Mq
0.000000	0.000000	0.000000
0.000000	0.000000	0.000000
0.000000	0.000000	0.000000
0.000000	0.000000	0.000000
0.000000	0.000000	0.000000
0.000000	0.000000	0.000000
0.000000	0.000000	0.000000
0.000000	0.000000	0.000000
0.000000	0.000000	0.000000
0.000000	0.000000	0.000000
0.000000	0.000000	0.000000
0.000000	0.000000	0.000000
0.000000	0.000000	0.000000
0.000000	0.000000	0.000000
0.000000	0.000000	0.000000
0.000000	0.000000	0.000000
0.000000	0.000000	0.000000
0.000000	0.000000	0.000000
0.000000	0.000000	0.000000
0.000000	0.000000	0.000000
0.000000	0.000000	0.000000
0.000000	0.000000	0.000000
0.000000	0.000000	0.000000
0.000000	0.000000	0.000000
0.000000	0.000000	0.000000
0.000000	0.000000	0.000000
0.000000	0.000000	0.000000
0.000000	1.000000	0.026198
0.000000	0.000000	0.000000
0.000000	0.000000	0.000000
0.000000	0.000000	0.000000
0.000000	0.000000	0.000000
0.000000	0.000000	0.000000
0.000000	0.000000	0.000000
0.000000	0.000000	0.000000
0.000000	0.000000	0.000000
0.000000	0.000000	0.000000
0.000000	0.000000	0.000000
0.000000	0.000000	0.000000
0.000000	0.000000	0.000000
0.000000	0.000000	0.000000

*** vysledky vypoctu ***
 icase = 0
         0 -> O.K.,
        -1 -> nelze splnit omezujici podminky,
        +1 -> cilova funkce je na polyedru neomezena.
 lambda = 4.474189
 pocet bloku N = 40
 Vektor lokalnich deformaci:
   2: fi 00 ext = 2.663055
  27: fi 13 int = 5.699680
  56: fi 27 ext = 4.869386
  75: fi 37 int = 1.832761
 Vektor indexu spary mezi bloky:
0		1		2		3		4		5		6		7		8		9		10		11		12		13		14		15		16		17		18		19		20		21		22		23		24		25		26		27		28		29		30		31		32		33		34		35		36		37		38		39		40		
 Vektor normalovych sil ve sparach (+ znaci tlak):
7.643764	7.572005	7.492405	7.406218	7.314818	7.219349	7.120832	7.020594	6.919716	6.818994	6.719454	6.622275	6.528362	6.438091	6.352580	6.272216	6.197568	6.129579	6.068169	6.013570	5.966573	5.926684	5.894855	5.870489	5.853413	5.843546	5.840633	5.844564	7.674513	7.901590	8.128361	8.353566	8.575891	8.793865	9.006274	9.211701	9.408731	9.595901	9.771884	9.935019	10.083912	
 Vektor vzdalenosti N od hornoho povrchu klenby:
0.000000	0.023559	0.044686	0.063518	0.080176	0.094759	0.107352	0.118033	0.126862	0.133894	0.139186	0.142774	0.144696	0.145000	0.143714	0.140881	0.136535	0.130713	0.123456	0.114805	0.104798	0.093484	0.080890	0.067065	0.052039	0.035841	0.018489	0.000000	0.029245	0.055009	0.077294	0.096227	0.111920	0.124481	0.134000	0.140554	0.144207	0.145000	0.142960	0.138093	0.130384	
 Vektor posouvajicich sil ve sparach:
-2.476414	-2.196944	-1.931472	-1.679956	-1.442393	-1.218552	-1.008244	-0.811122	-0.626746	-0.454669	-0.294335	-0.145095	-0.006285	0.122845	0.243095	0.355335	0.460417	0.559299	0.652922	0.742226	0.828284	0.912079	0.994585	1.076885	1.159954	1.244795	1.332376	1.423682	-2.567713	-2.365410	-2.145807	-1.908378	-1.652750	-1.378612	-1.085640	-0.773786	-0.442972	-0.093196	0.275311	0.662388	1.067579	
 Vektor e_min:
0.002353	0.002331	0.002307	0.002280	0.002252	0.002223	0.002192	0.002161	0.002130	0.002099	0.002069	0.002039	0.002010	0.001982	0.001956	0.001931	0.001908	0.001887	0.001868	0.001851	0.001837	0.001825	0.001815	0.001807	0.001802	0.001799	0.001798	0.001799	0.002363	0.002433	0.002502	0.002572	0.002640	0.002707	0.002773	0.002836	0.002897	0.002954	0.003008	0.003059	0.003105	

 * Iterace c. 1 * Delta = 0.220148 *
 icase = 0
         0 -> O.K.,
        -1 -> nelze splnit omezujici podminky,
        +1 -> cilova funkce je na polyedru neomezena.
 lambda = 4.254041
 pocet bloku N = 40
 Vektor lokalnich deformaci:
   2: fi 00 ext = 2.594803
  27: fi 13 int = 5.571709
  56: fi 27 ext = 4.801963
  75: fi 37 int = 1.825057
 Vektor indexu spary mezi bloky:
0		1		2		3		4		5		6		7		8		9		10		11		12		13		14		15		16		17		18		19		20		21		22		23		24		25		26		27		28		29		30		31		32		33		34		35		36		37		38		39		40		
 Vektor normalovych sil ve sparach (+ znaci tlak):
7.558169	7.482446	7.399078	7.309512	7.214931	7.116467	7.015437	6.912650	6.809892	6.707231	6.606560	6.508040	6.413301	6.322572	6.236813	6.156662	6.082509	6.015096	5.954741	5.901576	5.856445	5.818540	5.788703	5.766807	5.752661	5.746225	5.746591	5.754100	7.498458	7.719331	7.940426	8.160382	8.377770	8.591776	8.800593	9.002907	9.197549	9.382854	9.557427	9.719879	9.868608	
 Vektor vzdalenosti N od hornoho povrchu klenby:
0.002353	0.025386	0.046022	0.064398	0.080629	0.094817	0.107045	0.117390	0.125912	0.132672	0.137719	0.141100	0.142848	0.143018	0.141635	0.138751	0.134402	0.128630	0.121472	0.112978	0.103188	0.092155	0.079911	0.066498	0.051960	0.036317	0.019594	0.001799	0.029909	0.055013	0.076725	0.095160	0.110423	0.122608	0.131798	0.138068	0.141470	0.142046	0.139818	0.134789	0.126942	
 Vektor posouvajicich sil ve sparach:
-2.398495	-2.123640	-1.862959	-1.616437	-1.383983	-1.165493	-0.960624	-0.769073	-0.590406	-0.424157	-0.269688	-0.126396	0.006401	0.129518	0.243687	0.349871	0.448912	0.541783	0.629429	0.712855	0.793080	0.871144	0.948045	1.024867	1.102603	1.182248	1.264842	1.351318	-2.443626	-2.250695	-2.040765	-1.813330	-1.567926	-1.304250	-1.022002	-0.720994	-0.401168	-0.062510	0.294791	0.670614	1.064574	
 Vektor e_min:
0.002327	0.002304	0.002278	0.002250	0.002221	0.002191	0.002160	0.002128	0.002097	0.002065	0.002034	0.002004	0.001974	0.001946	0.001920	0.001895	0.001873	0.001852	0.001833	0.001817	0.001803	0.001791	0.001782	0.001775	0.001771	0.001769	0.001769	0.001771	0.002309	0.002377	0.002445	0.002512	0.002579	0.002645	0.002709	0.002772	0.002832	0.002889	0.002942	0.002992	0.003038	

 * Iterace c. 2 * Delta = -0.003818 *
 icase = 0
         0 -> O.K.,
        -1 -> nelze splnit omezujici podminky,
        +1 -> cilova funkce je na polyedru neomezena.
 lambda = 4.257859
 pocet bloku N = 40
 Vektor lokalnich deformaci:
   2: fi 00 ext = 2.596042
  27: fi 13 int = 5.574003
  56: fi 27 ext = 4.803234
  75: fi 37 int = 1.825272
 Vektor indexu spary mezi bloky:
0		1		2		3		4		5		6		7		8		9		10		11		12		13		14		15		16		17		18		19		20		21		22		23		24		25		26		27		28		29		30		31		32		33		34		35		36		37		38		39		40		
 Vektor normalovych sil ve sparach (+ znaci tlak):
7.559536	7.483844	7.400620	7.311123	7.216555	7.118046	7.016997	6.914507	6.811493	6.708947	6.608253	6.510118	6.415048	6.324365	6.238551	6.158572	6.084155	6.016794	5.956558	5.903231	5.858039	5.820192	5.790376	5.768422	5.754134	5.747678	5.748192	5.755593	7.501417	7.722391	7.943574	8.163594	8.381145	8.595171	8.803939	9.006553	9.201132	9.386517	9.561085	9.723496	9.872246	
 Vektor vzdalenosti N od hornoho povrchu klenby:
0.002327	0.025367	0.046011	0.064394	0.080631	0.094825	0.107058	0.117408	0.125935	0.132700	0.137748	0.141130	0.142882	0.143054	0.141674	0.138789	0.134438	0.128664	0.121504	0.113010	0.103217	0.092178	0.079925	0.066513	0.051957	0.036306	0.019576	0.001771	0.029899	0.055016	0.076741	0.095185	0.110457	0.122650	0.131847	0.138122	0.141531	0.142111	0.139888	0.134863	0.127019	
 Vektor posouvajicich sil ve sparach:
-2.399680	-2.124743	-1.863969	-1.617392	-1.384848	-1.166257	-0.961321	-0.769691	-0.590931	-0.424559	-0.270010	-0.126657	0.006272	0.129460	0.243750	0.350016	0.449137	0.542108	0.629848	0.713365	0.793684	0.871823	0.948830	1.025722	1.103538	1.183281	1.265915	1.352480	-2.445862	-2.252768	-2.042676	-1.815089	-1.569521	-1.305701	-1.023253	-0.722062	-0.402020	-0.063212	0.294289	0.670299	1.064470	
 Vektor e_min:
0.002327	0.002304	0.002278	0.002251	0.002222	0.002191	0.002160	0.002129	0.002097	0.002065	0.002034	0.002004	0.001975	0.001947	0.001921	0.001896	0.001873	0.001852	0.001834	0.001817	0.001803	0.001792	0.001783	0.001776	0.001771	0.001769	0.001770	0.001772	0.002309	0.002377	0.002446	0.002513	0.002580	0.002646	0.002710	0.002773	0.002833	0.002890	0.002944	0.002994	0.003039	
