 icase = 0
         0 -> O.K.,
        -1 -> nelze splnit omezujici podminky,
        +1 -> cilova funkce je na polyedru neomezena.
 lambda = 7.309733
 pocet bloku N = 40
 Vektor lokalnich deformaci:
   2: fi 00 ext = 2.898558
  31: fi 15 int = 6.006729
  66: fi 32 ext = 6.777914
  81: fi 40 int = 3.669743
 Vektor indexu spary mezi bloky:
0		1		2		3		4		5		6		7		8		9		10		11		12		13		14		15		16		17		18		19		20		21		22		23		24		25		26		27		28		29		30		31		32		33		34		35		36		37		38		39		40		
 Vektor normalovych sil ve sparach (+ znaci tlak):
6.934293	6.844165	6.748122	6.647565	6.543786	6.438249	6.331686	6.225609	6.121058	6.018777	5.919813	5.825657	5.736897	5.653664	5.577691	5.508780	5.447717	5.395229	5.351539	5.316696	5.291255	5.274665	5.268072	5.270563	5.282272	5.302256	5.330832	5.367801	5.412413	5.463603	5.521028	5.584195	5.651947	10.323697	10.689012	11.042767	11.383084	11.708165	12.016231	12.305365	12.573694	
 Vektor vzdalenosti N od hornoho povrchu klenby:
0.000000	0.021837	0.041502	0.059134	0.074851	0.088758	0.100945	0.111498	0.120492	0.127987	0.134067	0.138769	0.142157	0.144296	0.145218	0.145000	0.143674	0.141303	0.137918	0.133576	0.128319	0.122190	0.115200	0.107402	0.098797	0.089400	0.079210	0.068211	0.056389	0.043704	0.030117	0.015574	0.000000	0.009058	0.041742	0.069487	0.092658	0.111561	0.126453	0.137544	0.145000	
 Vektor posouvajicich sil ve sparach:
-2.106211	-1.864387	-1.637462	-1.425295	-1.227792	-1.044591	-0.875416	-0.719775	-0.577139	-0.446911	-0.328476	-0.221034	-0.123814	-0.035957	0.043481	0.115429	0.180882	0.240899	0.296545	0.348830	0.398955	0.448001	0.497007	0.547204	0.599595	0.655308	0.715374	0.780843	0.852778	0.931985	1.019480	1.116131	1.222672	-4.340901	-3.963779	-3.559925	-3.129464	-2.672682	-2.190075	-1.682156	-1.149704	

 * Iterace c. 1 * Delta = 0.350613 *
 icase = 0
         0 -> O.K.,
        -1 -> nelze splnit omezujici podminky,
        +1 -> cilova funkce je na polyedru neomezena.
 lambda = 6.959120
 pocet bloku N = 40
 Vektor lokalnich deformaci:
   2: fi 00 ext = 3.058356
  29: fi 14 int = 5.956158
  66: fi 32 ext = 6.522813
  81: fi 40 int = 3.625011
 Vektor indexu spary mezi bloky:
0		1		2		3		4		5		6		7		8		9		10		11		12		13		14		15		16		17		18		19		20		21		22		23		24		25		26		27		28		29		30		31		32		33		34		35		36		37		38		39		40		
 Vektor normalovych sil ve sparach (+ znaci tlak):
6.893472	6.800769	6.702379	6.599649	6.493911	6.386272	6.277948	6.170245	6.063768	5.960524	5.860546	5.765399	5.675187	5.591461	5.514525	5.445518	5.384485	5.332096	5.287967	5.253947	5.228726	5.213402	5.207031	5.210501	5.223233	5.244995	5.274998	5.313639	5.359760	5.412750	5.472820	5.537836	5.607781	10.061342	10.415360	10.758572	11.089065	11.405054	11.704847	11.986577	12.248476	
 Vektor vzdalenosti N od hornoho povrchu klenby:
0.002135	0.023564	0.042843	0.060105	0.075466	0.089035	0.100899	0.111145	0.119846	0.127073	0.132893	0.137363	0.140554	0.142507	0.143283	0.142933	0.141517	0.139079	0.135685	0.131366	0.126175	0.120145	0.113313	0.105702	0.097328	0.088209	0.078337	0.067693	0.056263	0.044002	0.030871	0.016807	0.001740	0.009748	0.041558	0.068527	0.091004	0.109281	0.123601	0.134164	0.141129	
 Vektor posouvajicich sil ve sparach:
-2.057690	-1.818058	-1.593463	-1.383776	-1.188827	-1.008283	-0.841858	-0.689103	-0.549425	-0.422225	-0.306857	-0.202605	-0.108562	-0.023954	0.052205	0.120857	0.182999	0.239697	0.291987	0.341001	0.387835	0.433613	0.479448	0.526446	0.575725	0.628389	0.685492	0.748114	0.817170	0.893743	0.978634	1.072781	1.176980	-4.116372	-3.753301	-3.364048	-2.948689	-2.507611	-2.041075	-1.549657	-1.034057	

 * Iterace c. 2 * Delta = -0.006296 *
 icase = 0
         0 -> O.K.,
        -1 -> nelze splnit omezujici podminky,
        +1 -> cilova funkce je na polyedru neomezena.
 lambda = 6.965416
 pocet bloku N = 40
 Vektor lokalnich deformaci:
   2: fi 00 ext = 3.060096
  29: fi 14 int = 5.959142
  66: fi 32 ext = 6.525366
  81: fi 40 int = 3.626319
 Vektor indexu spary mezi bloky:
0		1		2		3		4		5		6		7		8		9		10		11		12		13		14		15		16		17		18		19		20		21		22		23		24		25		26		27		28		29		30		31		32		33		34		35		36		37		38		39		40		
 Vektor normalovych sil ve sparach (+ znaci tlak):
6.893906	6.801229	6.702923	6.600155	6.494491	6.386755	6.278567	6.170678	6.064454	5.960942	5.861108	5.765672	5.675813	5.592002	5.515356	5.446372	5.384940	5.332421	5.288812	5.254242	5.229467	5.213672	5.207755	5.211154	5.223549	5.245093	5.275971	5.313830	5.360015	5.413472	5.472992	5.538325	5.608461	10.065770	10.420070	10.763410	11.094079	11.410263	11.710230	11.992126	12.254084	
 Vektor vzdalenosti N od hornoho povrchu klenby:
0.002122	0.023556	0.042839	0.060102	0.075468	0.089039	0.100906	0.111157	0.119859	0.127090	0.132911	0.137393	0.140573	0.142528	0.143302	0.142954	0.141544	0.139106	0.135714	0.131393	0.126193	0.120169	0.113332	0.105719	0.097343	0.088224	0.078341	0.067698	0.056257	0.043997	0.030857	0.016794	0.001726	0.009744	0.041573	0.068561	0.091053	0.109344	0.123677	0.134253	0.141229	
 Vektor posouvajicich sil ve sparach:
-2.058156	-1.818521	-1.593872	-1.384142	-1.189189	-1.008659	-0.842181	-0.689356	-0.549671	-0.422415	-0.307056	-0.202736	-0.108674	-0.024022	0.052158	0.120834	0.183030	0.239734	0.292085	0.341116	0.387983	0.433778	0.479635	0.526688	0.576019	0.628697	0.685835	0.748447	0.817587	0.894146	0.979099	1.073218	1.177446	-4.120730	-3.757478	-3.367949	-2.952362	-2.510963	-2.044210	-1.552548	-1.036593	
