Vstupni soubor: zlamal5_1.in
***kopie vstupniho souboru***

 2.472500
 0.713750
 1
 0.145000
 20.000000
 0.600000
 40
 1
 0.2 1.000000 0.200000
 0.500000
 0.000000
 0 30.000000
 0 0.600000 0.400000 2.400000
 1
 4 2000.000000 inter3.txt
*****************************
Ortoganalni souradnice intrados a extrados:
X_int	Y_int	X_ext	Y_ext
0.000000	0.000000	-0.125574	0.072500
0.039049	0.063722	-0.082558	0.142695
0.081379	0.125313	-0.035928	0.210542
0.126875	0.184605	0.014189	0.275856
0.175412	0.241434	0.067656	0.338458
0.226856	0.295645	0.124325	0.398175
0.281067	0.347089	0.184043	0.454845
0.337896	0.395626	0.246644	0.508312
0.397187	0.441122	0.311958	0.558429
0.458778	0.483452	0.379806	0.605059
0.522501	0.522501	0.450001	0.648075
0.588179	0.558162	0.522350	0.687358
0.655634	0.590336	0.596657	0.722800
0.724680	0.618936	0.672717	0.754305
0.795129	0.643883	0.750321	0.781786
0.866786	0.665109	0.829257	0.805168
0.939456	0.682556	0.909309	0.824387
1.012940	0.696175	0.990257	0.839390
1.087036	0.705930	1.071879	0.850136
1.161541	0.711794	1.153952	0.856595
1.236250	0.713750	1.236250	0.858750
1.310960	0.711794	1.318548	0.856595
1.385464	0.705930	1.400621	0.850136
1.459560	0.696175	1.482243	0.839390
1.533044	0.682556	1.563191	0.824387
1.605714	0.665109	1.643243	0.805168
1.677372	0.643883	1.722179	0.781786
1.747820	0.618936	1.799783	0.754305
1.816866	0.590336	1.875843	0.722800
1.884321	0.558162	1.950150	0.687358
1.949999	0.522501	2.022500	0.648075
2.013722	0.483452	2.092694	0.605059
2.075313	0.441122	2.160542	0.558429
2.134604	0.395626	2.225856	0.508312
2.191433	0.347089	2.288457	0.454845
2.245644	0.295645	2.348175	0.398175
2.297088	0.241434	2.404845	0.338458
2.345625	0.184605	2.458311	0.275856
2.391121	0.125313	2.508428	0.210542
2.433451	0.063722	2.555058	0.142695
2.472500	0.000000	2.598074	0.072500
Vlastni tiha klenby - jednotlive bloky:
X_p	Y_p	P
-0.043266	0.070339	0.227661
-0.000477	0.136230	0.227661
0.045702	0.199790	0.227661
0.095145	0.260847	0.227661
0.147715	0.319232	0.227661
0.203269	0.374786	0.227661
0.261654	0.427356	0.227661
0.322711	0.476799	0.227661
0.386271	0.522978	0.227661
0.452161	0.565768	0.227661
0.520200	0.605050	0.227661
0.590202	0.640718	0.227661
0.661975	0.672673	0.227661
0.735322	0.700828	0.227661
0.810042	0.725106	0.227661
0.885929	0.745440	0.227661
0.962778	0.761775	0.227662
1.040376	0.774065	0.227661
1.118510	0.782278	0.227661
1.196967	0.786389	0.227661
1.275532	0.786389	0.227661
1.353990	0.782278	0.227661
1.432125	0.774065	0.227661
1.509722	0.761775	0.227662
1.586570	0.745440	0.227661
1.662459	0.725106	0.227661
1.737178	0.700828	0.227661
1.810525	0.672673	0.227661
1.882298	0.640718	0.227661
1.952299	0.605050	0.227661
2.020339	0.565768	0.227661
2.086229	0.522978	0.227661
2.149790	0.476799	0.227661
2.210846	0.427356	0.227661
2.269231	0.374786	0.227661
2.324785	0.319232	0.227661
2.377355	0.260846	0.227661
2.426798	0.199790	0.227661
2.472977	0.136230	0.227662
2.515766	0.070339	0.227661
Tiha nadnasypu pusobici na bloky:
P	h_ver	X_p	Y_p
0.000000	0.070195	-0.104267	0.107269
0.000000	0.067847	-0.059466	0.176294
0.000000	0.065314	-0.011114	0.242881
0.000000	0.062602	0.040657	0.306846
0.000000	0.059718	0.095706	0.368017
0.000000	0.056670	0.153882	0.426223
0.000000	0.053467	0.215026	0.481307
0.000000	0.050117	0.278971	0.533117
0.000000	0.046630	0.345543	0.581511
0.000000	0.043015	0.414559	0.626357
0.000000	0.039283	0.485833	0.667530
0.000000	0.035442	0.559168	0.704919
0.000000	0.031505	0.634365	0.738419
0.000000	0.027481	0.711218	0.767939
0.000000	0.023382	0.789517	0.793397
0.000000	0.019219	0.869048	0.814721
0.000000	0.015003	0.949591	0.831853
0.000000	0.010746	1.030926	0.844744
0.000000	0.006459	1.112828	0.853358
0.000000	0.002155	1.195071	0.857672
0.000000	-0.002155	1.277429	0.857672
0.000000	-0.006459	1.359672	0.853358
0.000000	-0.010746	1.441574	0.844744
0.000000	-0.015003	1.522909	0.831853
0.000000	-0.019219	1.603452	0.814721
0.000000	-0.023382	1.682983	0.793397
0.000000	-0.027481	1.761282	0.767939
0.000000	-0.031505	1.838135	0.738420
0.000000	-0.035442	1.913332	0.704919
0.000000	-0.039283	1.986668	0.667530
0.000000	-0.043016	2.057940	0.626357
0.000000	-0.046630	2.126957	0.581511
0.000000	-0.050117	2.193529	0.533117
0.000000	-0.053467	2.257474	0.481307
0.000000	-0.056670	2.318619	0.426223
0.000000	-0.059718	2.376793	0.368017
0.000000	-0.062602	2.431843	0.306846
0.000000	-0.065314	2.483614	0.242880
0.000000	-0.067848	2.531968	0.176292
0.000000	-0.070195	2.576767	0.107270
Vnejsi zatizeni pusobici na bloky:
X_q	Y_q	Q
-0.125574	0.072500	0.000000
-0.082558	0.142695	0.000000
-0.035928	0.210542	0.000000
0.014189	0.275856	0.000000
0.067656	0.338458	0.000000
0.124325	0.398175	0.000000
0.200000	0.664601	1.000000
0.246644	0.508312	0.000000
0.311958	0.558429	0.000000
0.379806	0.605059	0.000000
0.450001	0.648075	0.000000
0.522350	0.687358	0.000000
0.596657	0.722800	0.000000
0.672717	0.754305	0.000000
0.750321	0.781786	0.000000
0.829257	0.805168	0.000000
0.909309	0.824387	0.000000
0.990257	0.839390	0.000000
1.071879	0.850136	0.000000
1.153952	0.856595	0.000000
1.236250	0.858750	0.000000
1.318548	0.856595	0.000000
1.400621	0.850136	0.000000
1.482243	0.839390	0.000000
1.563191	0.824387	0.000000
1.643243	0.805168	0.000000
1.722179	0.781786	0.000000
1.799783	0.754305	0.000000
1.875843	0.722800	0.000000
1.950150	0.687358	0.000000
2.022500	0.648075	0.000000
2.092694	0.605059	0.000000
2.160542	0.558429	0.000000
2.225856	0.508312	0.000000
2.288457	0.454845	0.000000
2.348175	0.398175	0.000000
2.404845	0.338458	0.000000
2.458311	0.275856	0.000000
2.508428	0.210542	0.000000
2.555058	0.142695	0.000000
Ortogonalni lokalni souradnice jednotlivych bloku:
a	alfa	b	beta
0.072500	2.617995	0.078531	1.021018
0.072500	2.565635	0.078531	0.968659
0.072500	2.513275	0.078531	0.916299
0.072500	2.460915	0.078531	0.863939
0.072500	2.408555	0.078531	0.811579
0.072500	2.356195	0.078531	0.759219
0.072500	2.303835	0.078531	0.706859
0.072500	2.251475	0.078531	0.654500
0.072500	2.199115	0.078531	0.602139
0.072500	2.146756	0.078531	0.549778
0.072500	2.094395	0.078531	0.497420
0.072500	2.042036	0.078531	0.445059
0.072500	1.989676	0.078531	0.392700
0.072500	1.937316	0.078531	0.340338
0.072500	1.884957	0.078531	0.287981
0.072500	1.832596	0.078531	0.235619
0.072500	1.780236	0.078531	0.183260
0.072500	1.727876	0.078531	0.130899
0.072500	1.675516	0.078531	0.078541
0.072500	1.623156	0.078531	0.026179
0.072500	1.570796	0.078531	-0.026179
0.072500	1.518436	0.078531	-0.078540
0.072500	1.466077	0.078531	-0.130900
0.072500	1.413716	0.078531	-0.183260
0.072500	1.361356	0.078531	-0.235619
0.072500	1.308997	0.078531	-0.287979
0.072500	1.256637	0.078531	-0.340341
0.072500	1.204276	0.078531	-0.392699
0.072500	1.151917	0.078531	-0.445058
0.072500	1.099557	0.078531	-0.497421
0.072500	1.047197	0.078531	-0.549780
0.072500	0.994838	0.078531	-0.602137
0.072500	0.942477	0.078531	-0.654499
0.072500	0.890118	0.078531	-0.706859
0.072500	0.837758	0.078531	-0.759219
0.072500	0.785397	0.078531	-0.811578
0.072500	0.733037	0.078531	-0.863940
0.072500	0.680678	0.078531	-0.916301
0.072500	0.628319	0.078531	-0.968656
0.072500	0.575958	0.078531	-1.021019
0.072500	0.523597	1.000000	-1.047199
Transformovane zatizeni vlastni tihou klenby:
Px	Py	Mp
0.000000	0.227661	0.004444
0.000000	0.227661	0.004844
0.000000	0.227661	0.005231
0.000000	0.227661	0.005603
0.000000	0.227661	0.005961
0.000000	0.227661	0.006301
0.000000	0.227661	0.006625
0.000000	0.227661	0.006930
0.000000	0.227661	0.007216
0.000000	0.227661	0.007483
0.000000	0.227661	0.007729
0.000000	0.227661	0.007954
0.000000	0.227661	0.008157
0.000000	0.227661	0.008338
0.000000	0.227661	0.008496
0.000000	0.227661	0.008630
0.000000	0.227662	0.008741
0.000000	0.227661	0.008828
0.000000	0.227661	0.008891
0.000000	0.227661	0.008929
0.000000	0.227661	0.008943
0.000000	0.227661	0.008933
0.000000	0.227661	0.008897
0.000000	0.227662	0.008838
0.000000	0.227661	0.008754
0.000000	0.227661	0.008647
0.000000	0.227661	0.008515
0.000000	0.227661	0.008360
0.000000	0.227661	0.008183
0.000000	0.227661	0.007983
0.000000	0.227661	0.007761
0.000000	0.227661	0.007518
0.000000	0.227661	0.007254
0.000000	0.227661	0.006970
0.000000	0.227661	0.006667
0.000000	0.227661	0.006346
0.000000	0.227661	0.006008
0.000000	0.227661	0.005653
0.000000	0.227662	0.005282
0.000000	0.227661	0.004897
0.000000	0.000000	0.000000
Transformovane zatizeni nadnasypem:
Px	Py	Mp
0.000000	0.000000	0.000000
0.000000	0.000000	0.000000
0.000000	0.000000	0.000000
0.000000	0.000000	0.000000
0.000000	0.000000	0.000000
0.000000	0.000000	0.000000
0.000000	0.000000	0.000000
0.000000	0.000000	0.000000
0.000000	0.000000	0.000000
0.000000	0.000000	0.000000
0.000000	0.000000	0.000000
0.000000	0.000000	0.000000
0.000000	0.000000	0.000000
0.000000	0.000000	0.000000
0.000000	0.000000	0.000000
0.000000	0.000000	0.000000
0.000000	0.000000	0.000000
0.000000	0.000000	0.000000
0.000000	0.000000	0.000000
0.000000	0.000000	0.000000
0.000000	0.000000	0.000000
0.000000	0.000000	0.000000
0.000000	0.000000	0.000000
0.000000	0.000000	0.000000
0.000000	0.000000	0.000000
0.000000	0.000000	0.000000
0.000000	0.000000	0.000000
0.000000	0.000000	0.000000
0.000000	0.000000	0.000000
0.000000	0.000000	0.000000
0.000000	0.000000	0.000000
0.000000	0.000000	0.000000
0.000000	0.000000	0.000000
0.000000	0.000000	0.000000
0.000000	0.000000	0.000000
0.000000	0.000000	0.000000
0.000000	0.000000	0.000000
0.000000	0.000000	0.000000
0.000000	0.000000	0.000000
0.000000	0.000000	0.000000
0.000000	0.000000	0.000000
Transformovane zatizeni vnejsich sil:
Qx	Qy	Mq
0.000000	0.000000	0.000000
0.000000	0.000000	0.000000
0.000000	0.000000	0.000000
0.000000	0.000000	0.000000
0.000000	0.000000	0.000000
0.000000	0.000000	0.000000
0.000000	1.000000	-0.032555
0.000000	0.000000	0.000000
0.000000	0.000000	0.000000
0.000000	0.000000	0.000000
0.000000	0.000000	0.000000
0.000000	0.000000	0.000000
0.000000	0.000000	0.000000
0.000000	0.000000	0.000000
0.000000	0.000000	0.000000
0.000000	0.000000	0.000000
0.000000	0.000000	0.000000
0.000000	0.000000	0.000000
0.000000	0.000000	0.000000
0.000000	0.000000	0.000000
0.000000	0.000000	0.000000
0.000000	0.000000	0.000000
0.000000	0.000000	0.000000
0.000000	0.000000	0.000000
0.000000	0.000000	0.000000
0.000000	0.000000	0.000000
0.000000	0.000000	0.000000
0.000000	0.000000	0.000000
0.000000	0.000000	0.000000
0.000000	0.000000	0.000000
0.000000	0.000000	0.000000
0.000000	0.000000	0.000000
0.000000	0.000000	0.000000
0.000000	0.000000	0.000000
0.000000	0.000000	0.000000
0.000000	0.000000	0.000000
0.000000	0.000000	0.000000
0.000000	0.000000	0.000000
0.000000	0.000000	0.000000
0.000000	0.000000	0.000000
0.000000	0.000000	0.000000

*** vysledky vypoctu ***
 icase = 0
         0 -> O.K.,
        -1 -> nelze splnit omezujici podminky,
        +1 -> cilova funkce je na polyedru neomezena.
 lambda = 9.158882
 pocet bloku N = 40
 Vektor lokalnich deformaci:
   1: fi 00 int = 5.000002
  16: fi 07 ext = 8.384995
  51: fi 25 int = 6.778130
  82: fi 40 ext = 3.393136
 Vektor indexu spary mezi bloky:
0		1		2		3		4		5		6		7		8		9		10		11		12		13		14		15		16		17		18		19		20		21		22		23		24		25		26		27		28		29		30		31		32		33		34		35		36		37		38		39		40		
 Vektor normalovych sil ve sparach (+ znaci tlak):
14.176798	13.851893	13.501942	13.128983	12.735071	12.322220	11.892380	5.683888	5.606809	5.533575	5.465048	5.402367	5.346131	5.296871	5.255471	5.222207	5.197648	5.182333	5.176313	5.179584	5.192635	5.215088	5.247268	5.288748	5.339258	5.398302	5.465555	5.540728	5.622838	5.711226	5.805188	5.903981	6.006613	6.111923	6.219080	6.326843	6.434171	6.539756	6.642501	6.741004	6.834007	
 Vektor vzdalenosti N od hornoho povrchu klenby:
0.145000	0.132544	0.116079	0.095354	0.070064	0.039835	0.004218	0.000000	0.015464	0.029830	0.043187	0.055603	0.067135	0.077836	0.087742	0.096881	0.105267	0.112907	0.119799	0.125928	0.131270	0.135803	0.139480	0.142271	0.144127	0.145000	0.144839	0.143589	0.141199	0.137614	0.132776	0.126624	0.119096	0.110126	0.099643	0.087569	0.073821	0.058301	0.040908	0.021519	0.000000	
 Vektor posouvajicich sil ve sparach:
2.189095	2.804080	3.391360	3.950088	4.479451	4.978848	5.447729	-1.232049	-1.117069	-1.013025	-0.919197	-0.834758	-0.758850	-0.690565	-0.628924	-0.572906	-0.521505	-0.473614	-0.428153	-0.384030	-0.340080	-0.295195	-0.248278	-0.198166	-0.143792	-0.084070	-0.017962	0.055568	0.137517	0.228738	0.330160	0.442602	0.566806	0.703447	0.853198	1.016520	1.193916	1.385756	1.592300	1.813784	2.050243	
 Vektor e_min:
0.004365	0.004265	0.004157	0.004042	0.003921	0.003794	0.003661	0.001750	0.001726	0.001704	0.001682	0.001663	0.001646	0.001631	0.001618	0.001608	0.001600	0.001595	0.001594	0.001595	0.001599	0.001605	0.001615	0.001628	0.001644	0.001662	0.001683	0.001706	0.001731	0.001758	0.001787	0.001818	0.001849	0.001882	0.001915	0.001948	0.001981	0.002013	0.002045	0.002075	0.002104	

 * Iterace c. 1 * Delta = 0.491303 *
 icase = 0
         0 -> O.K.,
        -1 -> nelze splnit omezujici podminky,
        +1 -> cilova funkce je na polyedru neomezena.
 lambda = 8.667579
 pocet bloku N = 40
 Vektor lokalnich deformaci:
   1: fi 00 int = 4.907255
  16: fi 07 ext = 8.204007
  51: fi 25 int = 6.573162
  82: fi 40 ext = 3.276410
 Vektor indexu spary mezi bloky:
0		1		2		3		4		5		6		7		8		9		10		11		12		13		14		15		16		17		18		19		20		21		22		23		24		25		26		27		28		29		30		31		32		33		34		35		36		37		38		39		40		
 Vektor normalovych sil ve sparach (+ znaci tlak):
13.731994	13.417967	13.080143	12.720419	12.340940	11.943479	11.530231	5.648184	5.569101	5.494090	5.423895	5.359436	5.301585	5.250976	5.208302	5.173797	5.148349	5.132006	5.125263	5.127839	5.140380	5.162624	5.194585	5.235920	5.286460	5.345940	5.413620	5.489075	5.572046	5.661262	5.756126	5.856054	5.959737	6.066526	6.175052	6.284537	6.393519	6.500939	6.605578	6.706076	6.801183	
 Vektor vzdalenosti N od hornoho povrchu klenby:
0.140635	0.128834	0.113072	0.093114	0.068666	0.039374	0.004815	0.001750	0.016782	0.030739	0.043703	0.055749	0.066939	0.077324	0.086942	0.095826	0.103992	0.111447	0.118188	0.124204	0.129473	0.133961	0.137637	0.140461	0.142375	0.143338	0.143298	0.142198	0.139977	0.136583	0.131958	0.126032	0.118751	0.110041	0.099832	0.088043	0.074594	0.059388	0.042319	0.023269	0.002104	
 Vektor posouvajicich sil ve sparach:
1.992528	2.584471	3.149347	3.686347	4.194680	4.673831	5.123302	-1.193165	-1.080110	-0.978090	-0.886377	-0.804138	-0.730524	-0.664601	-0.605394	-0.551894	-0.503030	-0.457767	-0.414951	-0.373520	-0.332298	-0.290148	-0.245988	-0.198640	-0.147015	-0.090060	-0.026671	0.044158	0.123407	0.211986	0.310831	0.420711	0.542448	0.676689	0.824060	0.985127	1.160360	1.350111	1.554675	1.774269	2.008970	
 Vektor e_min:
0.004228	0.004131	0.004027	0.003916	0.003799	0.003677	0.003550	0.001739	0.001714	0.001691	0.001670	0.001650	0.001632	0.001617	0.001603	0.001593	0.001585	0.001580	0.001578	0.001579	0.001582	0.001589	0.001599	0.001612	0.001627	0.001646	0.001667	0.001690	0.001715	0.001743	0.001772	0.001803	0.001835	0.001868	0.001901	0.001935	0.001968	0.002001	0.002034	0.002065	0.002094	

 * Iterace c. 2 * Delta = -0.010439 *
 icase = 0
         0 -> O.K.,
        -1 -> nelze splnit omezujici podminky,
        +1 -> cilova funkce je na polyedru neomezena.
 lambda = 8.678018
 pocet bloku N = 40
 Vektor lokalnich deformaci:
   1: fi 00 int = 4.910115
  16: fi 07 ext = 8.208961
  51: fi 25 int = 6.578002
  82: fi 40 ext = 3.279155
 Vektor indexu spary mezi bloky:
0		1		2		3		4		5		6		7		8		9		10		11		12		13		14		15		16		17		18		19		20		21		22		23		24		25		26		27		28		29		30		31		32		33		34		35		36		37		38		39		40		
 Vektor normalovych sil ve sparach (+ znaci tlak):
13.741172	13.426867	13.088726	12.728677	12.348834	11.950985	11.537276	5.648351	5.569453	5.494267	5.424118	5.359631	5.302031	5.251366	5.208621	5.174170	5.148610	5.132238	5.125522	5.128202	5.140840	5.163032	5.195014	5.236224	5.286755	5.346357	5.414090	5.489429	5.572309	5.661541	5.756580	5.856297	5.960155	6.066706	6.175332	6.284759	6.393815	6.501227	6.605826	6.706316	6.801405	
 Vektor vzdalenosti N od hornoho povrchu klenby:
0.140772	0.128953	0.113173	0.093194	0.068724	0.039407	0.004818	0.001739	0.016776	0.030736	0.043702	0.055751	0.066944	0.077332	0.086954	0.095839	0.104006	0.111460	0.118204	0.124223	0.129488	0.133977	0.137657	0.140476	0.142394	0.143354	0.143312	0.142212	0.139991	0.136597	0.131968	0.126043	0.118759	0.110046	0.099834	0.088045	0.074593	0.059385	0.042313	0.023261	0.002094	
 Vektor posouvajicich sil ve sparach:
1.997409	2.589833	3.155184	3.692587	4.201362	4.680915	5.130796	-1.193437	-1.080365	-0.978325	-0.886598	-0.804364	-0.730723	-0.664787	-0.605551	-0.552037	-0.503161	-0.457871	-0.415062	-0.373597	-0.332341	-0.290189	-0.245994	-0.198639	-0.147004	-0.090021	-0.026606	0.044217	0.123494	0.212103	0.310949	0.420866	0.542607	0.676865	0.824271	0.985343	1.160593	1.350352	1.554917	1.774543	2.009244	
 Vektor e_min:
0.004231	0.004134	0.004030	0.003919	0.003802	0.003679	0.003552	0.001739	0.001715	0.001691	0.001670	0.001650	0.001632	0.001617	0.001603	0.001593	0.001585	0.001580	0.001578	0.001579	0.001583	0.001589	0.001599	0.001612	0.001628	0.001646	0.001667	0.001690	0.001715	0.001743	0.001772	0.001803	0.001835	0.001868	0.001901	0.001935	0.001968	0.002001	0.002034	0.002065	0.002094	

 * Iterace c. 3 * Delta = 0.000336 *
 icase = 0
         0 -> O.K.,
        -1 -> nelze splnit omezujici podminky,
        +1 -> cilova funkce je na polyedru neomezena.
 lambda = 8.677682
 pocet bloku N = 40
 Vektor lokalnich deformaci:
   1: fi 00 int = 4.910040
  16: fi 07 ext = 8.208837
  51: fi 25 int = 6.577889
  82: fi 40 ext = 3.279093
 Vektor indexu spary mezi bloky:
0		1		2		3		4		5		6		7		8		9		10		11		12		13		14		15		16		17		18		19		20		21		22		23		24		25		26		27		28		29		30		31		32		33		34		35		36		37		38		39		40		
 Vektor normalovych sil ve sparach (+ znaci tlak):
13.740851	13.426559	13.088425	12.728448	12.348608	11.950851	11.537079	5.648365	5.569253	5.494446	5.424050	5.359725	5.301905	5.251312	5.208500	5.174047	5.148696	5.132306	5.125463	5.128283	5.140738	5.162945	5.194911	5.236273	5.286736	5.346109	5.413831	5.489390	5.572165	5.661407	5.756515	5.856228	5.960029	6.066720	6.175374	6.284746	6.393738	6.501152	6.605779	6.706266	6.801369	
 Vektor vzdalenosti N od hornoho povrchu klenby:
0.140769	0.128951	0.113171	0.093192	0.068722	0.039407	0.004818	0.001739	0.016775	0.030735	0.043700	0.055749	0.066942	0.077327	0.086949	0.095835	0.104001	0.111456	0.118199	0.124215	0.129484	0.133973	0.137650	0.140470	0.142387	0.143354	0.143310	0.142209	0.139988	0.136594	0.131961	0.126039	0.118754	0.110043	0.099832	0.088042	0.074592	0.059383	0.042312	0.023261	0.002094	
 Vektor posouvajicich sil ve sparach:
1.997286	2.589705	3.155036	3.692423	4.201191	4.680733	5.130586	-1.193383	-1.080318	-0.978288	-0.886557	-0.804320	-0.730697	-0.664746	-0.605538	-0.552008	-0.503150	-0.457857	-0.415037	-0.373571	-0.332341	-0.290187	-0.246000	-0.198642	-0.147009	-0.090020	-0.026620	0.044214	0.123468	0.212076	0.310922	0.420849	0.542577	0.676827	0.824246	0.985318	1.160555	1.350305	1.554896	1.774481	2.009196	
 Vektor e_min:
0.004230	0.004134	0.004030	0.003919	0.003802	0.003679	0.003552	0.001739	0.001715	0.001691	0.001670	0.001650	0.001632	0.001617	0.001603	0.001593	0.001585	0.001580	0.001578	0.001579	0.001583	0.001589	0.001599	0.001612	0.001628	0.001646	0.001667	0.001690	0.001715	0.001743	0.001772	0.001803	0.001835	0.001868	0.001901	0.001935	0.001968	0.002001	0.002034	0.002065	0.002094	
