Vstupni soubor: zlamal5_11.in
***kopie vstupniho souboru***

 2.472500
 0.713750
 1
 0.145000
 20.000000
 0.600000
 40
 1
 2.2 1.000000 0.200000
 0.500000
 0.000000
 0 30.000000
 0 0.600000 0.400000 2.400000
 1
 4 2000.000000 inter3.txt
*****************************
Ortoganalni souradnice intrados a extrados:
X_int	Y_int	X_ext	Y_ext
0.000000	0.000000	-0.125574	0.072500
0.039049	0.063722	-0.082558	0.142695
0.081379	0.125313	-0.035928	0.210542
0.126875	0.184605	0.014189	0.275856
0.175412	0.241434	0.067656	0.338458
0.226856	0.295645	0.124325	0.398175
0.281067	0.347089	0.184043	0.454845
0.337896	0.395626	0.246644	0.508312
0.397187	0.441122	0.311958	0.558429
0.458778	0.483452	0.379806	0.605059
0.522501	0.522501	0.450001	0.648075
0.588179	0.558162	0.522350	0.687358
0.655634	0.590336	0.596657	0.722800
0.724680	0.618936	0.672717	0.754305
0.795129	0.643883	0.750321	0.781786
0.866786	0.665109	0.829257	0.805168
0.939456	0.682556	0.909309	0.824387
1.012940	0.696175	0.990257	0.839390
1.087036	0.705930	1.071879	0.850136
1.161541	0.711794	1.153952	0.856595
1.236250	0.713750	1.236250	0.858750
1.310960	0.711794	1.318548	0.856595
1.385464	0.705930	1.400621	0.850136
1.459560	0.696175	1.482243	0.839390
1.533044	0.682556	1.563191	0.824387
1.605714	0.665109	1.643243	0.805168
1.677372	0.643883	1.722179	0.781786
1.747820	0.618936	1.799783	0.754305
1.816866	0.590336	1.875843	0.722800
1.884321	0.558162	1.950150	0.687358
1.949999	0.522501	2.022500	0.648075
2.013722	0.483452	2.092694	0.605059
2.075313	0.441122	2.160542	0.558429
2.134604	0.395626	2.225856	0.508312
2.191433	0.347089	2.288457	0.454845
2.245644	0.295645	2.348175	0.398175
2.297088	0.241434	2.404845	0.338458
2.345625	0.184605	2.458311	0.275856
2.391121	0.125313	2.508428	0.210542
2.433451	0.063722	2.555058	0.142695
2.472500	0.000000	2.598074	0.072500
Vlastni tiha klenby - jednotlive bloky:
X_p	Y_p	P
-0.043266	0.070339	0.227661
-0.000477	0.136230	0.227661
0.045702	0.199790	0.227661
0.095145	0.260847	0.227661
0.147715	0.319232	0.227661
0.203269	0.374786	0.227661
0.261654	0.427356	0.227661
0.322711	0.476799	0.227661
0.386271	0.522978	0.227661
0.452161	0.565768	0.227661
0.520200	0.605050	0.227661
0.590202	0.640718	0.227661
0.661975	0.672673	0.227661
0.735322	0.700828	0.227661
0.810042	0.725106	0.227661
0.885929	0.745440	0.227661
0.962778	0.761775	0.227662
1.040376	0.774065	0.227661
1.118510	0.782278	0.227661
1.196967	0.786389	0.227661
1.275532	0.786389	0.227661
1.353990	0.782278	0.227661
1.432125	0.774065	0.227661
1.509722	0.761775	0.227662
1.586570	0.745440	0.227661
1.662459	0.725106	0.227661
1.737178	0.700828	0.227661
1.810525	0.672673	0.227661
1.882298	0.640718	0.227661
1.952299	0.605050	0.227661
2.020339	0.565768	0.227661
2.086229	0.522978	0.227661
2.149790	0.476799	0.227661
2.210846	0.427356	0.227661
2.269231	0.374786	0.227661
2.324785	0.319232	0.227661
2.377355	0.260846	0.227661
2.426798	0.199790	0.227661
2.472977	0.136230	0.227662
2.515766	0.070339	0.227661
Tiha nadnasypu pusobici na bloky:
P	h_ver	X_p	Y_p
0.000000	0.070195	-0.104267	0.107269
0.000000	0.067847	-0.059466	0.176294
0.000000	0.065314	-0.011114	0.242881
0.000000	0.062602	0.040657	0.306846
0.000000	0.059718	0.095706	0.368017
0.000000	0.056670	0.153882	0.426223
0.000000	0.053467	0.215026	0.481307
0.000000	0.050117	0.278971	0.533117
0.000000	0.046630	0.345543	0.581511
0.000000	0.043015	0.414559	0.626357
0.000000	0.039283	0.485833	0.667530
0.000000	0.035442	0.559168	0.704919
0.000000	0.031505	0.634365	0.738419
0.000000	0.027481	0.711218	0.767939
0.000000	0.023382	0.789517	0.793397
0.000000	0.019219	0.869048	0.814721
0.000000	0.015003	0.949591	0.831853
0.000000	0.010746	1.030926	0.844744
0.000000	0.006459	1.112828	0.853358
0.000000	0.002155	1.195071	0.857672
0.000000	-0.002155	1.277429	0.857672
0.000000	-0.006459	1.359672	0.853358
0.000000	-0.010746	1.441574	0.844744
0.000000	-0.015003	1.522909	0.831853
0.000000	-0.019219	1.603452	0.814721
0.000000	-0.023382	1.682983	0.793397
0.000000	-0.027481	1.761282	0.767939
0.000000	-0.031505	1.838135	0.738420
0.000000	-0.035442	1.913332	0.704919
0.000000	-0.039283	1.986668	0.667530
0.000000	-0.043016	2.057940	0.626357
0.000000	-0.046630	2.126957	0.581511
0.000000	-0.050117	2.193529	0.533117
0.000000	-0.053467	2.257474	0.481307
0.000000	-0.056670	2.318619	0.426223
0.000000	-0.059718	2.376793	0.368017
0.000000	-0.062602	2.431843	0.306846
0.000000	-0.065314	2.483614	0.242880
0.000000	-0.067848	2.531968	0.176292
0.000000	-0.070195	2.576767	0.107270
Vnejsi zatizeni pusobici na bloky:
X_q	Y_q	Q
-0.125574	0.072500	0.000000
-0.082558	0.142695	0.000000
-0.035928	0.210542	0.000000
0.014189	0.275856	0.000000
0.067656	0.338458	0.000000
0.124325	0.398175	0.000000
0.184043	0.454845	0.000000
0.246644	0.508312	0.000000
0.311958	0.558429	0.000000
0.379806	0.605059	0.000000
0.450001	0.648075	0.000000
0.522350	0.687358	0.000000
0.596657	0.722800	0.000000
0.672717	0.754305	0.000000
0.750321	0.781786	0.000000
0.829257	0.805168	0.000000
0.909309	0.824387	0.000000
0.990257	0.839390	0.000000
1.071879	0.850136	0.000000
1.153952	0.856595	0.000000
1.236250	0.858750	0.000000
1.318548	0.856595	0.000000
1.400621	0.850136	0.000000
1.482243	0.839390	0.000000
1.563191	0.824387	0.000000
1.643243	0.805168	0.000000
1.722179	0.781786	0.000000
1.799783	0.754305	0.000000
1.875843	0.722800	0.000000
1.950150	0.687358	0.000000
2.022500	0.648075	0.000000
2.092694	0.605059	0.000000
2.200000	0.475472	1.000000
2.225856	0.508312	0.000000
2.288457	0.454845	0.000000
2.348175	0.398175	0.000000
2.404845	0.338458	0.000000
2.458311	0.275856	0.000000
2.508428	0.210542	0.000000
2.555058	0.142695	0.000000
Ortogonalni lokalni souradnice jednotlivych bloku:
a	alfa	b	beta
0.072500	2.617995	0.078531	1.021018
0.072500	2.565635	0.078531	0.968659
0.072500	2.513275	0.078531	0.916299
0.072500	2.460915	0.078531	0.863939
0.072500	2.408555	0.078531	0.811579
0.072500	2.356195	0.078531	0.759219
0.072500	2.303835	0.078531	0.706859
0.072500	2.251475	0.078531	0.654500
0.072500	2.199115	0.078531	0.602139
0.072500	2.146756	0.078531	0.549778
0.072500	2.094395	0.078531	0.497420
0.072500	2.042036	0.078531	0.445059
0.072500	1.989676	0.078531	0.392700
0.072500	1.937316	0.078531	0.340338
0.072500	1.884957	0.078531	0.287981
0.072500	1.832596	0.078531	0.235619
0.072500	1.780236	0.078531	0.183260
0.072500	1.727876	0.078531	0.130899
0.072500	1.675516	0.078531	0.078541
0.072500	1.623156	0.078531	0.026179
0.072500	1.570796	0.078531	-0.026179
0.072500	1.518436	0.078531	-0.078540
0.072500	1.466077	0.078531	-0.130900
0.072500	1.413716	0.078531	-0.183260
0.072500	1.361356	0.078531	-0.235619
0.072500	1.308997	0.078531	-0.287979
0.072500	1.256637	0.078531	-0.340341
0.072500	1.204276	0.078531	-0.392699
0.072500	1.151917	0.078531	-0.445058
0.072500	1.099557	0.078531	-0.497421
0.072500	1.047197	0.078531	-0.549780
0.072500	0.994838	0.078531	-0.602137
0.072500	0.942477	0.078531	-0.654499
0.072500	0.890118	0.078531	-0.706859
0.072500	0.837758	0.078531	-0.759219
0.072500	0.785397	0.078531	-0.811578
0.072500	0.733037	0.078531	-0.863940
0.072500	0.680678	0.078531	-0.916301
0.072500	0.628319	0.078531	-0.968656
0.072500	0.575958	0.078531	-1.021019
0.072500	0.523597	1.000000	-1.047199
Transformovane zatizeni vlastni tihou klenby:
Px	Py	Mp
0.000000	0.227661	0.004444
0.000000	0.227661	0.004844
0.000000	0.227661	0.005231
0.000000	0.227661	0.005603
0.000000	0.227661	0.005961
0.000000	0.227661	0.006301
0.000000	0.227661	0.006625
0.000000	0.227661	0.006930
0.000000	0.227661	0.007216
0.000000	0.227661	0.007483
0.000000	0.227661	0.007729
0.000000	0.227661	0.007954
0.000000	0.227661	0.008157
0.000000	0.227661	0.008338
0.000000	0.227661	0.008496
0.000000	0.227661	0.008630
0.000000	0.227662	0.008741
0.000000	0.227661	0.008828
0.000000	0.227661	0.008891
0.000000	0.227661	0.008929
0.000000	0.227661	0.008943
0.000000	0.227661	0.008933
0.000000	0.227661	0.008897
0.000000	0.227662	0.008838
0.000000	0.227661	0.008754
0.000000	0.227661	0.008647
0.000000	0.227661	0.008515
0.000000	0.227661	0.008360
0.000000	0.227661	0.008183
0.000000	0.227661	0.007983
0.000000	0.227661	0.007761
0.000000	0.227661	0.007518
0.000000	0.227661	0.007254
0.000000	0.227661	0.006970
0.000000	0.227661	0.006667
0.000000	0.227661	0.006346
0.000000	0.227661	0.006008
0.000000	0.227661	0.005653
0.000000	0.227662	0.005282
0.000000	0.227661	0.004897
0.000000	0.000000	0.000000
Transformovane zatizeni nadnasypem:
Px	Py	Mp
0.000000	0.000000	0.000000
0.000000	0.000000	0.000000
0.000000	0.000000	0.000000
0.000000	0.000000	0.000000
0.000000	0.000000	0.000000
0.000000	0.000000	0.000000
0.000000	0.000000	0.000000
0.000000	0.000000	0.000000
0.000000	0.000000	0.000000
0.000000	0.000000	0.000000
0.000000	0.000000	0.000000
0.000000	0.000000	0.000000
0.000000	0.000000	0.000000
0.000000	0.000000	0.000000
0.000000	0.000000	0.000000
0.000000	0.000000	0.000000
0.000000	0.000000	0.000000
0.000000	0.000000	0.000000
0.000000	0.000000	0.000000
0.000000	0.000000	0.000000
0.000000	0.000000	0.000000
0.000000	0.000000	0.000000
0.000000	0.000000	0.000000
0.000000	0.000000	0.000000
0.000000	0.000000	0.000000
0.000000	0.000000	0.000000
0.000000	0.000000	0.000000
0.000000	0.000000	0.000000
0.000000	0.000000	0.000000
0.000000	0.000000	0.000000
0.000000	0.000000	0.000000
0.000000	0.000000	0.000000
0.000000	0.000000	0.000000
0.000000	0.000000	0.000000
0.000000	0.000000	0.000000
0.000000	0.000000	0.000000
0.000000	0.000000	0.000000
0.000000	0.000000	0.000000
0.000000	0.000000	0.000000
0.000000	0.000000	0.000000
0.000000	0.000000	0.000000
Transformovane zatizeni vnejsich sil:
Qx	Qy	Mq
0.000000	0.000000	0.000000
0.000000	0.000000	0.000000
0.000000	0.000000	0.000000
0.000000	0.000000	0.000000
0.000000	0.000000	0.000000
0.000000	0.000000	0.000000
0.000000	0.000000	0.000000
0.000000	0.000000	0.000000
0.000000	0.000000	0.000000
0.000000	0.000000	0.000000
0.000000	0.000000	0.000000
0.000000	0.000000	0.000000
0.000000	0.000000	0.000000
0.000000	0.000000	0.000000
0.000000	0.000000	0.000000
0.000000	0.000000	0.000000
0.000000	0.000000	0.000000
0.000000	0.000000	0.000000
0.000000	0.000000	0.000000
0.000000	0.000000	0.000000
0.000000	0.000000	0.000000
0.000000	0.000000	0.000000
0.000000	0.000000	0.000000
0.000000	0.000000	0.000000
0.000000	0.000000	0.000000
0.000000	0.000000	0.000000
0.000000	0.000000	0.000000
0.000000	0.000000	0.000000
0.000000	0.000000	0.000000
0.000000	0.000000	0.000000
0.000000	0.000000	0.000000
0.000000	0.000000	0.000000
0.000000	1.000000	0.082073
0.000000	0.000000	0.000000
0.000000	0.000000	0.000000
0.000000	0.000000	0.000000
0.000000	0.000000	0.000000
0.000000	0.000000	0.000000
0.000000	0.000000	0.000000
0.000000	0.000000	0.000000
0.000000	0.000000	0.000000

*** vysledky vypoctu ***
 icase = 0
         0 -> O.K.,
        -1 -> nelze splnit omezujici podminky,
        +1 -> cilova funkce je na polyedru neomezena.
 lambda = 7.309733
 pocet bloku N = 40
 Vektor lokalnich deformaci:
   2: fi 00 ext = 2.898558
  31: fi 15 int = 6.006729
  66: fi 32 ext = 6.777914
  81: fi 40 int = 3.669743
 Vektor indexu spary mezi bloky:
0		1		2		3		4		5		6		7		8		9		10		11		12		13		14		15		16		17		18		19		20		21		22		23		24		25		26		27		28		29		30		31		32		33		34		35		36		37		38		39		40		
 Vektor normalovych sil ve sparach (+ znaci tlak):
6.934293	6.844165	6.748122	6.647565	6.543786	6.438249	6.331686	6.225609	6.121058	6.018777	5.919813	5.825657	5.736897	5.653664	5.577691	5.508780	5.447717	5.395229	5.351539	5.316696	5.291255	5.274665	5.268072	5.270563	5.282272	5.302256	5.330832	5.367801	5.412413	5.463603	5.521028	5.584195	5.651947	10.323697	10.689012	11.042767	11.383084	11.708165	12.016231	12.305365	12.573694	
 Vektor vzdalenosti N od hornoho povrchu klenby:
0.000000	0.021837	0.041502	0.059134	0.074851	0.088758	0.100945	0.111498	0.120492	0.127987	0.134067	0.138769	0.142157	0.144296	0.145218	0.145000	0.143674	0.141303	0.137918	0.133576	0.128319	0.122190	0.115200	0.107402	0.098797	0.089400	0.079210	0.068211	0.056389	0.043704	0.030117	0.015574	0.000000	0.009058	0.041742	0.069487	0.092658	0.111561	0.126453	0.137544	0.145000	
 Vektor posouvajicich sil ve sparach:
-2.106211	-1.864387	-1.637462	-1.425295	-1.227792	-1.044591	-0.875416	-0.719775	-0.577139	-0.446911	-0.328476	-0.221034	-0.123814	-0.035957	0.043481	0.115429	0.180882	0.240899	0.296545	0.348830	0.398955	0.448001	0.497007	0.547204	0.599595	0.655308	0.715374	0.780843	0.852778	0.931985	1.019480	1.116131	1.222672	-4.340901	-3.963779	-3.559925	-3.129464	-2.672682	-2.190075	-1.682156	-1.149704	
 Vektor e_min:
0.002135	0.002107	0.002077	0.002047	0.002015	0.001982	0.001949	0.001917	0.001884	0.001853	0.001822	0.001793	0.001766	0.001741	0.001717	0.001696	0.001677	0.001661	0.001647	0.001637	0.001629	0.001624	0.001622	0.001623	0.001626	0.001632	0.001641	0.001652	0.001666	0.001682	0.001700	0.001719	0.001740	0.003178	0.003291	0.003400	0.003505	0.003605	0.003699	0.003788	0.003871	

 * Iterace c. 1 * Delta = 0.350613 *
 icase = 0
         0 -> O.K.,
        -1 -> nelze splnit omezujici podminky,
        +1 -> cilova funkce je na polyedru neomezena.
 lambda = 6.959120
 pocet bloku N = 40
 Vektor lokalnich deformaci:
   2: fi 00 ext = 3.058356
  29: fi 14 int = 5.956158
  66: fi 32 ext = 6.522813
  81: fi 40 int = 3.625011
 Vektor indexu spary mezi bloky:
0		1		2		3		4		5		6		7		8		9		10		11		12		13		14		15		16		17		18		19		20		21		22		23		24		25		26		27		28		29		30		31		32		33		34		35		36		37		38		39		40		
 Vektor normalovych sil ve sparach (+ znaci tlak):
6.893472	6.800769	6.702379	6.599649	6.493911	6.386272	6.277948	6.170245	6.063768	5.960524	5.860546	5.765399	5.675187	5.591461	5.514525	5.445518	5.384485	5.332096	5.287967	5.253947	5.228726	5.213402	5.207031	5.210501	5.223233	5.244995	5.274998	5.313639	5.359760	5.412750	5.472820	5.537836	5.607781	10.061342	10.415360	10.758572	11.089065	11.405054	11.704847	11.986577	12.248476	
 Vektor vzdalenosti N od hornoho povrchu klenby:
0.002135	0.023564	0.042843	0.060105	0.075466	0.089035	0.100899	0.111145	0.119846	0.127073	0.132893	0.137363	0.140554	0.142507	0.143283	0.142933	0.141517	0.139079	0.135685	0.131366	0.126175	0.120145	0.113313	0.105702	0.097328	0.088209	0.078337	0.067693	0.056263	0.044002	0.030871	0.016807	0.001740	0.009748	0.041558	0.068527	0.091004	0.109281	0.123601	0.134164	0.141129	
 Vektor posouvajicich sil ve sparach:
-2.057690	-1.818058	-1.593463	-1.383776	-1.188827	-1.008283	-0.841858	-0.689103	-0.549425	-0.422225	-0.306857	-0.202605	-0.108562	-0.023954	0.052205	0.120857	0.182999	0.239697	0.291987	0.341001	0.387835	0.433613	0.479448	0.526446	0.575725	0.628389	0.685492	0.748114	0.817170	0.893743	0.978634	1.072781	1.176980	-4.116372	-3.753301	-3.364048	-2.948689	-2.507611	-2.041075	-1.549657	-1.034057	
 Vektor e_min:
0.002122	0.002094	0.002063	0.002032	0.001999	0.001966	0.001933	0.001900	0.001867	0.001835	0.001804	0.001775	0.001747	0.001721	0.001698	0.001676	0.001658	0.001642	0.001628	0.001617	0.001610	0.001605	0.001603	0.001604	0.001608	0.001615	0.001624	0.001636	0.001650	0.001666	0.001685	0.001705	0.001726	0.003098	0.003207	0.003312	0.003414	0.003511	0.003604	0.003690	0.003771	

 * Iterace c. 2 * Delta = -0.006296 *
 icase = 0
         0 -> O.K.,
        -1 -> nelze splnit omezujici podminky,
        +1 -> cilova funkce je na polyedru neomezena.
 lambda = 6.965416
 pocet bloku N = 40
 Vektor lokalnich deformaci:
   2: fi 00 ext = 3.060096
  29: fi 14 int = 5.959142
  66: fi 32 ext = 6.525366
  81: fi 40 int = 3.626319
 Vektor indexu spary mezi bloky:
0		1		2		3		4		5		6		7		8		9		10		11		12		13		14		15		16		17		18		19		20		21		22		23		24		25		26		27		28		29		30		31		32		33		34		35		36		37		38		39		40		
 Vektor normalovych sil ve sparach (+ znaci tlak):
6.893906	6.801229	6.702923	6.600155	6.494491	6.386755	6.278567	6.170678	6.064454	5.960942	5.861108	5.765672	5.675813	5.592002	5.515356	5.446372	5.384940	5.332421	5.288812	5.254242	5.229467	5.213672	5.207755	5.211154	5.223549	5.245093	5.275971	5.313830	5.360015	5.413472	5.472992	5.538325	5.608461	10.065770	10.420070	10.763410	11.094079	11.410263	11.710230	11.992126	12.254084	
 Vektor vzdalenosti N od hornoho povrchu klenby:
0.002122	0.023556	0.042839	0.060102	0.075468	0.089039	0.100906	0.111157	0.119859	0.127090	0.132911	0.137393	0.140573	0.142528	0.143302	0.142954	0.141544	0.139106	0.135714	0.131393	0.126193	0.120169	0.113332	0.105719	0.097343	0.088224	0.078341	0.067698	0.056257	0.043997	0.030857	0.016794	0.001726	0.009744	0.041573	0.068561	0.091053	0.109344	0.123677	0.134253	0.141229	
 Vektor posouvajicich sil ve sparach:
-2.058156	-1.818521	-1.593872	-1.384142	-1.189189	-1.008659	-0.842181	-0.689356	-0.549671	-0.422415	-0.307056	-0.202736	-0.108674	-0.024022	0.052158	0.120834	0.183030	0.239734	0.292085	0.341116	0.387983	0.433778	0.479635	0.526688	0.576019	0.628697	0.685835	0.748447	0.817587	0.894146	0.979099	1.073218	1.177446	-4.120730	-3.757478	-3.367949	-2.952362	-2.510963	-2.044210	-1.552548	-1.036593	
 Vektor e_min:
0.002122	0.002094	0.002064	0.002032	0.001999	0.001966	0.001933	0.001900	0.001867	0.001835	0.001804	0.001775	0.001747	0.001722	0.001698	0.001677	0.001658	0.001642	0.001628	0.001618	0.001610	0.001605	0.001603	0.001604	0.001608	0.001615	0.001624	0.001636	0.001650	0.001667	0.001685	0.001705	0.001727	0.003099	0.003208	0.003314	0.003416	0.003513	0.003605	0.003692	0.003773	
