Vstupni soubor: zlamal5_5.in
***kopie vstupniho souboru***

 2.472500
 0.713750
 1
 0.145000
 20.000000
 0.600000
 40
 1
 1.0 1.000000 0.200000
 0.500000
 0.000000
 0 30.000000
 0 0.600000 0.400000 2.400000
 1
 4 2000.000000 inter3.txt
*****************************
Ortoganalni souradnice intrados a extrados:
X_int	Y_int	X_ext	Y_ext
0.000000	0.000000	-0.125574	0.072500
0.039049	0.063722	-0.082558	0.142695
0.081379	0.125313	-0.035928	0.210542
0.126875	0.184605	0.014189	0.275856
0.175412	0.241434	0.067656	0.338458
0.226856	0.295645	0.124325	0.398175
0.281067	0.347089	0.184043	0.454845
0.337896	0.395626	0.246644	0.508312
0.397187	0.441122	0.311958	0.558429
0.458778	0.483452	0.379806	0.605059
0.522501	0.522501	0.450001	0.648075
0.588179	0.558162	0.522350	0.687358
0.655634	0.590336	0.596657	0.722800
0.724680	0.618936	0.672717	0.754305
0.795129	0.643883	0.750321	0.781786
0.866786	0.665109	0.829257	0.805168
0.939456	0.682556	0.909309	0.824387
1.012940	0.696175	0.990257	0.839390
1.087036	0.705930	1.071879	0.850136
1.161541	0.711794	1.153952	0.856595
1.236250	0.713750	1.236250	0.858750
1.310960	0.711794	1.318548	0.856595
1.385464	0.705930	1.400621	0.850136
1.459560	0.696175	1.482243	0.839390
1.533044	0.682556	1.563191	0.824387
1.605714	0.665109	1.643243	0.805168
1.677372	0.643883	1.722179	0.781786
1.747820	0.618936	1.799783	0.754305
1.816866	0.590336	1.875843	0.722800
1.884321	0.558162	1.950150	0.687358
1.949999	0.522501	2.022500	0.648075
2.013722	0.483452	2.092694	0.605059
2.075313	0.441122	2.160542	0.558429
2.134604	0.395626	2.225856	0.508312
2.191433	0.347089	2.288457	0.454845
2.245644	0.295645	2.348175	0.398175
2.297088	0.241434	2.404845	0.338458
2.345625	0.184605	2.458311	0.275856
2.391121	0.125313	2.508428	0.210542
2.433451	0.063722	2.555058	0.142695
2.472500	0.000000	2.598074	0.072500
Vlastni tiha klenby - jednotlive bloky:
X_p	Y_p	P
-0.043266	0.070339	0.227661
-0.000477	0.136230	0.227661
0.045702	0.199790	0.227661
0.095145	0.260847	0.227661
0.147715	0.319232	0.227661
0.203269	0.374786	0.227661
0.261654	0.427356	0.227661
0.322711	0.476799	0.227661
0.386271	0.522978	0.227661
0.452161	0.565768	0.227661
0.520200	0.605050	0.227661
0.590202	0.640718	0.227661
0.661975	0.672673	0.227661
0.735322	0.700828	0.227661
0.810042	0.725106	0.227661
0.885929	0.745440	0.227661
0.962778	0.761775	0.227662
1.040376	0.774065	0.227661
1.118510	0.782278	0.227661
1.196967	0.786389	0.227661
1.275532	0.786389	0.227661
1.353990	0.782278	0.227661
1.432125	0.774065	0.227661
1.509722	0.761775	0.227662
1.586570	0.745440	0.227661
1.662459	0.725106	0.227661
1.737178	0.700828	0.227661
1.810525	0.672673	0.227661
1.882298	0.640718	0.227661
1.952299	0.605050	0.227661
2.020339	0.565768	0.227661
2.086229	0.522978	0.227661
2.149790	0.476799	0.227661
2.210846	0.427356	0.227661
2.269231	0.374786	0.227661
2.324785	0.319232	0.227661
2.377355	0.260846	0.227661
2.426798	0.199790	0.227661
2.472977	0.136230	0.227662
2.515766	0.070339	0.227661
Tiha nadnasypu pusobici na bloky:
P	h_ver	X_p	Y_p
0.000000	0.070195	-0.104267	0.107269
0.000000	0.067847	-0.059466	0.176294
0.000000	0.065314	-0.011114	0.242881
0.000000	0.062602	0.040657	0.306846
0.000000	0.059718	0.095706	0.368017
0.000000	0.056670	0.153882	0.426223
0.000000	0.053467	0.215026	0.481307
0.000000	0.050117	0.278971	0.533117
0.000000	0.046630	0.345543	0.581511
0.000000	0.043015	0.414559	0.626357
0.000000	0.039283	0.485833	0.667530
0.000000	0.035442	0.559168	0.704919
0.000000	0.031505	0.634365	0.738419
0.000000	0.027481	0.711218	0.767939
0.000000	0.023382	0.789517	0.793397
0.000000	0.019219	0.869048	0.814721
0.000000	0.015003	0.949591	0.831853
0.000000	0.010746	1.030926	0.844744
0.000000	0.006459	1.112828	0.853358
0.000000	0.002155	1.195071	0.857672
0.000000	-0.002155	1.277429	0.857672
0.000000	-0.006459	1.359672	0.853358
0.000000	-0.010746	1.441574	0.844744
0.000000	-0.015003	1.522909	0.831853
0.000000	-0.019219	1.603452	0.814721
0.000000	-0.023382	1.682983	0.793397
0.000000	-0.027481	1.761282	0.767939
0.000000	-0.031505	1.838135	0.738420
0.000000	-0.035442	1.913332	0.704919
0.000000	-0.039283	1.986668	0.667530
0.000000	-0.043016	2.057940	0.626357
0.000000	-0.046630	2.126957	0.581511
0.000000	-0.050117	2.193529	0.533117
0.000000	-0.053467	2.257474	0.481307
0.000000	-0.056670	2.318619	0.426223
0.000000	-0.059718	2.376793	0.368017
0.000000	-0.062602	2.431843	0.306846
0.000000	-0.065314	2.483614	0.242880
0.000000	-0.067848	2.531968	0.176292
0.000000	-0.070195	2.576767	0.107270
Vnejsi zatizeni pusobici na bloky:
X_q	Y_q	Q
-0.125574	0.072500	0.000000
-0.082558	0.142695	0.000000
-0.035928	0.210542	0.000000
0.014189	0.275856	0.000000
0.067656	0.338458	0.000000
0.124325	0.398175	0.000000
0.184043	0.454845	0.000000
0.246644	0.508312	0.000000
0.311958	0.558429	0.000000
0.379806	0.605059	0.000000
0.450001	0.648075	0.000000
0.522350	0.687358	0.000000
0.596657	0.722800	0.000000
0.672717	0.754305	0.000000
0.750321	0.781786	0.000000
0.829257	0.805168	0.000000
0.909309	0.824387	0.000000
1.000000	0.929412	1.000000
1.071879	0.850136	0.000000
1.153952	0.856595	0.000000
1.236250	0.858750	0.000000
1.318548	0.856595	0.000000
1.400621	0.850136	0.000000
1.482243	0.839390	0.000000
1.563191	0.824387	0.000000
1.643243	0.805168	0.000000
1.722179	0.781786	0.000000
1.799783	0.754305	0.000000
1.875843	0.722800	0.000000
1.950150	0.687358	0.000000
2.022500	0.648075	0.000000
2.092694	0.605059	0.000000
2.160542	0.558429	0.000000
2.225856	0.508312	0.000000
2.288457	0.454845	0.000000
2.348175	0.398175	0.000000
2.404845	0.338458	0.000000
2.458311	0.275856	0.000000
2.508428	0.210542	0.000000
2.555058	0.142695	0.000000
Ortogonalni lokalni souradnice jednotlivych bloku:
a	alfa	b	beta
0.072500	2.617995	0.078531	1.021018
0.072500	2.565635	0.078531	0.968659
0.072500	2.513275	0.078531	0.916299
0.072500	2.460915	0.078531	0.863939
0.072500	2.408555	0.078531	0.811579
0.072500	2.356195	0.078531	0.759219
0.072500	2.303835	0.078531	0.706859
0.072500	2.251475	0.078531	0.654500
0.072500	2.199115	0.078531	0.602139
0.072500	2.146756	0.078531	0.549778
0.072500	2.094395	0.078531	0.497420
0.072500	2.042036	0.078531	0.445059
0.072500	1.989676	0.078531	0.392700
0.072500	1.937316	0.078531	0.340338
0.072500	1.884957	0.078531	0.287981
0.072500	1.832596	0.078531	0.235619
0.072500	1.780236	0.078531	0.183260
0.072500	1.727876	0.078531	0.130899
0.072500	1.675516	0.078531	0.078541
0.072500	1.623156	0.078531	0.026179
0.072500	1.570796	0.078531	-0.026179
0.072500	1.518436	0.078531	-0.078540
0.072500	1.466077	0.078531	-0.130900
0.072500	1.413716	0.078531	-0.183260
0.072500	1.361356	0.078531	-0.235619
0.072500	1.308997	0.078531	-0.287979
0.072500	1.256637	0.078531	-0.340341
0.072500	1.204276	0.078531	-0.392699
0.072500	1.151917	0.078531	-0.445058
0.072500	1.099557	0.078531	-0.497421
0.072500	1.047197	0.078531	-0.549780
0.072500	0.994838	0.078531	-0.602137
0.072500	0.942477	0.078531	-0.654499
0.072500	0.890118	0.078531	-0.706859
0.072500	0.837758	0.078531	-0.759219
0.072500	0.785397	0.078531	-0.811578
0.072500	0.733037	0.078531	-0.863940
0.072500	0.680678	0.078531	-0.916301
0.072500	0.628319	0.078531	-0.968656
0.072500	0.575958	0.078531	-1.021019
0.072500	0.523597	1.000000	-1.047199
Transformovane zatizeni vlastni tihou klenby:
Px	Py	Mp
0.000000	0.227661	0.004444
0.000000	0.227661	0.004844
0.000000	0.227661	0.005231
0.000000	0.227661	0.005603
0.000000	0.227661	0.005961
0.000000	0.227661	0.006301
0.000000	0.227661	0.006625
0.000000	0.227661	0.006930
0.000000	0.227661	0.007216
0.000000	0.227661	0.007483
0.000000	0.227661	0.007729
0.000000	0.227661	0.007954
0.000000	0.227661	0.008157
0.000000	0.227661	0.008338
0.000000	0.227661	0.008496
0.000000	0.227661	0.008630
0.000000	0.227662	0.008741
0.000000	0.227661	0.008828
0.000000	0.227661	0.008891
0.000000	0.227661	0.008929
0.000000	0.227661	0.008943
0.000000	0.227661	0.008933
0.000000	0.227661	0.008897
0.000000	0.227662	0.008838
0.000000	0.227661	0.008754
0.000000	0.227661	0.008647
0.000000	0.227661	0.008515
0.000000	0.227661	0.008360
0.000000	0.227661	0.008183
0.000000	0.227661	0.007983
0.000000	0.227661	0.007761
0.000000	0.227661	0.007518
0.000000	0.227661	0.007254
0.000000	0.227661	0.006970
0.000000	0.227661	0.006667
0.000000	0.227661	0.006346
0.000000	0.227661	0.006008
0.000000	0.227661	0.005653
0.000000	0.227662	0.005282
0.000000	0.227661	0.004897
0.000000	0.000000	0.000000
Transformovane zatizeni nadnasypem:
Px	Py	Mp
0.000000	0.000000	0.000000
0.000000	0.000000	0.000000
0.000000	0.000000	0.000000
0.000000	0.000000	0.000000
0.000000	0.000000	0.000000
0.000000	0.000000	0.000000
0.000000	0.000000	0.000000
0.000000	0.000000	0.000000
0.000000	0.000000	0.000000
0.000000	0.000000	0.000000
0.000000	0.000000	0.000000
0.000000	0.000000	0.000000
0.000000	0.000000	0.000000
0.000000	0.000000	0.000000
0.000000	0.000000	0.000000
0.000000	0.000000	0.000000
0.000000	0.000000	0.000000
0.000000	0.000000	0.000000
0.000000	0.000000	0.000000
0.000000	0.000000	0.000000
0.000000	0.000000	0.000000
0.000000	0.000000	0.000000
0.000000	0.000000	0.000000
0.000000	0.000000	0.000000
0.000000	0.000000	0.000000
0.000000	0.000000	0.000000
0.000000	0.000000	0.000000
0.000000	0.000000	0.000000
0.000000	0.000000	0.000000
0.000000	0.000000	0.000000
0.000000	0.000000	0.000000
0.000000	0.000000	0.000000
0.000000	0.000000	0.000000
0.000000	0.000000	0.000000
0.000000	0.000000	0.000000
0.000000	0.000000	0.000000
0.000000	0.000000	0.000000
0.000000	0.000000	0.000000
0.000000	0.000000	0.000000
0.000000	0.000000	0.000000
0.000000	0.000000	0.000000
Transformovane zatizeni vnejsich sil:
Qx	Qy	Mq
0.000000	0.000000	0.000000
0.000000	0.000000	0.000000
0.000000	0.000000	0.000000
0.000000	0.000000	0.000000
0.000000	0.000000	0.000000
0.000000	0.000000	0.000000
0.000000	0.000000	0.000000
0.000000	0.000000	0.000000
0.000000	0.000000	0.000000
0.000000	0.000000	0.000000
0.000000	0.000000	0.000000
0.000000	0.000000	0.000000
0.000000	0.000000	0.000000
0.000000	0.000000	0.000000
0.000000	0.000000	0.000000
0.000000	0.000000	0.000000
0.000000	0.000000	0.000000
0.000000	1.000000	-0.001599
0.000000	0.000000	0.000000
0.000000	0.000000	0.000000
0.000000	0.000000	0.000000
0.000000	0.000000	0.000000
0.000000	0.000000	0.000000
0.000000	0.000000	0.000000
0.000000	0.000000	0.000000
0.000000	0.000000	0.000000
0.000000	0.000000	0.000000
0.000000	0.000000	0.000000
0.000000	0.000000	0.000000
0.000000	0.000000	0.000000
0.000000	0.000000	0.000000
0.000000	0.000000	0.000000
0.000000	0.000000	0.000000
0.000000	0.000000	0.000000
0.000000	0.000000	0.000000
0.000000	0.000000	0.000000
0.000000	0.000000	0.000000
0.000000	0.000000	0.000000
0.000000	0.000000	0.000000
0.000000	0.000000	0.000000
0.000000	0.000000	0.000000

*** vysledky vypoctu ***
 icase = 0
         0 -> O.K.,
        -1 -> nelze splnit omezujici podminky,
        +1 -> cilova funkce je na polyedru neomezena.
 lambda = 5.138506
 pocet bloku N = 40
 Vektor lokalnich deformaci:
  15: fi 07 int = 1.597636
  36: fi 17 ext = 5.932830
  59: fi 29 int = 8.305346
  82: fi 40 ext = 3.970152
 Vektor indexu spary mezi bloky:
0		1		2		3		4		5		6		7		8		9		10		11		12		13		14		15		16		17		18		19		20		21		22		23		24		25		26		27		28		29		30		31		32		33		34		35		36		37		38		39		40		
 Vektor normalovych sil ve sparach (+ znaci tlak):
10.546947	10.471602	10.380468	10.274869	10.156162	10.025578	9.884300	9.733732	9.575021	9.409226	9.237552	9.061380	8.881691	8.699151	8.515183	8.330405	8.145891	7.962540	7.243711	7.332283	7.424790	7.520560	7.619868	7.721851	7.826243	7.932285	8.039575	8.147793	8.255862	8.362872	8.468190	8.571110	8.670549	8.765350	8.854715	8.937459	9.012638	9.078981	9.135530	9.181026	9.214316	
 Vektor vzdalenosti N od hornoho povrchu klenby:
0.083588	0.100688	0.114895	0.126301	0.134976	0.140967	0.144305	0.145000	0.143049	0.138433	0.131127	0.121085	0.108255	0.092582	0.073994	0.052421	0.027782	0.000000	0.017680	0.040154	0.060440	0.078540	0.094455	0.108190	0.119752	0.129141	0.136362	0.141411	0.144293	0.145000	0.143523	0.139845	0.133943	0.125785	0.115327	0.102514	0.087275	0.069522	0.049149	0.026027	0.000000	
 Vektor posouvajicich sil ve sparach:
-2.484128	-2.052715	-1.635689	-1.233435	-0.846342	-0.474618	-0.118458	0.222079	0.547025	0.856465	1.150568	1.429611	1.693915	1.943871	2.179963	2.402735	2.612732	2.810630	-2.113257	-1.958630	-1.799856	-1.636142	-1.466731	-1.290773	-1.107562	-0.916365	-0.716499	-0.507293	-0.288128	-0.058522	0.182064	0.434085	0.697888	0.973764	1.262021	1.562720	1.875993	2.201852	2.540161	2.890828	3.253510	
 Vektor e_min:
0.003247	0.003224	0.003196	0.003163	0.003127	0.003087	0.003043	0.002997	0.002948	0.002897	0.002844	0.002790	0.002734	0.002678	0.002622	0.002565	0.002508	0.002451	0.002230	0.002257	0.002286	0.002315	0.002346	0.002377	0.002409	0.002442	0.002475	0.002508	0.002542	0.002575	0.002607	0.002639	0.002669	0.002699	0.002726	0.002752	0.002775	0.002795	0.002813	0.002827	0.002837	

 * Iterace c. 1 * Delta = 0.427416 *
 icase = 0
         0 -> O.K.,
        -1 -> nelze splnit omezujici podminky,
        +1 -> cilova funkce je na polyedru neomezena.
 lambda = 4.711091
 pocet bloku N = 40
 Vektor lokalnich deformaci:
  15: fi 07 int = 1.586943
  36: fi 17 ext = 5.739752
  59: fi 29 int = 7.922918
  82: fi 40 ext = 3.770118
 Vektor indexu spary mezi bloky:
0		1		2		3		4		5		6		7		8		9		10		11		12		13		14		15		16		17		18		19		20		21		22		23		24		25		26		27		28		29		30		31		32		33		34		35		36		37		38		39		40		
 Vektor normalovych sil ve sparach (+ znaci tlak):
10.148607	10.067115	9.970969	9.861584	9.740173	9.607964	9.466267	9.316311	9.159366	8.996769	8.829286	8.658408	8.484750	8.309724	8.134254	7.959249	7.785344	7.613170	6.951528	7.031118	7.115796	7.204517	7.297430	7.393774	7.493422	7.595910	7.700823	7.806970	7.914053	8.021451	8.127709	8.232379	8.334897	8.433422	8.527467	8.615898	8.697488	8.771271	8.835960	8.890437	8.933535	
 Vektor vzdalenosti N od hornoho povrchu klenby:
0.081098	0.097964	0.111992	0.123273	0.131875	0.137848	0.141219	0.142003	0.140201	0.135796	0.128771	0.119086	0.106701	0.091570	0.073635	0.052844	0.029136	0.002451	0.019515	0.040966	0.060390	0.077774	0.093105	0.106375	0.117583	0.126720	0.133778	0.138754	0.141642	0.142425	0.141097	0.137639	0.132017	0.124209	0.114165	0.101831	0.087142	0.070011	0.050336	0.027994	0.002837	
 Vektor posouvajicich sil ve sparach:
-2.357315	-1.946925	-1.551217	-1.170519	-0.805141	-0.455234	-0.120947	0.197709	0.500834	0.788606	1.061204	1.318980	1.562342	1.791729	2.007641	2.210707	2.401537	2.580837	-1.935954	-1.796825	-1.654034	-1.506695	-1.353990	-1.195083	-1.029164	-0.855493	-0.673311	-0.481898	-0.280602	-0.068879	0.153851	0.388074	0.634226	0.892646	1.163612	1.447352	1.743937	2.053470	2.375891	2.711082	3.058822	
 Vektor e_min:
0.003124	0.003099	0.003070	0.003036	0.002999	0.002958	0.002914	0.002868	0.002820	0.002770	0.002718	0.002666	0.002612	0.002558	0.002504	0.002450	0.002397	0.002344	0.002140	0.002165	0.002191	0.002218	0.002247	0.002276	0.002307	0.002339	0.002371	0.002404	0.002436	0.002470	0.002502	0.002534	0.002566	0.002596	0.002625	0.002653	0.002678	0.002700	0.002720	0.002737	0.002750	

 * Iterace c. 2 * Delta = -0.015997 *
 icase = 0
         0 -> O.K.,
        -1 -> nelze splnit omezujici podminky,
        +1 -> cilova funkce je na polyedru neomezena.
 lambda = 4.727087
 pocet bloku N = 40
 Vektor lokalnich deformaci:
  15: fi 07 int = 1.587385
  36: fi 17 ext = 5.747109
  59: fi 29 int = 7.937562
  82: fi 40 ext = 3.777838
 Vektor indexu spary mezi bloky:
0		1		2		3		4		5		6		7		8		9		10		11		12		13		14		15		16		17		18		19		20		21		22		23		24		25		26		27		28		29		30		31		32		33		34		35		36		37		38		39		40		
 Vektor normalovych sil ve sparach (+ znaci tlak):
10.163294	10.082018	9.986104	9.876847	9.755393	9.623249	9.481615	9.331730	9.174799	9.011817	8.844114	8.673063	8.499144	8.323973	8.148185	7.972677	7.798341	7.625821	6.961783	7.042278	7.126925	7.215951	7.308941	7.405506	7.505604	7.608250	7.712971	7.819256	7.926426	8.033664	8.140204	8.244823	8.347068	8.445550	8.539440	8.627622	8.709004	8.782533	8.846901	8.901079	8.943810	
 Vektor vzdalenosti N od hornoho povrchu klenby:
0.081221	0.098094	0.112127	0.123411	0.132015	0.137986	0.141353	0.142132	0.140321	0.135910	0.128869	0.119167	0.106765	0.091606	0.073646	0.052822	0.029074	0.002344	0.019427	0.040925	0.060385	0.077793	0.093148	0.106440	0.117662	0.126809	0.133876	0.138858	0.141746	0.142530	0.141197	0.137729	0.132100	0.124278	0.114220	0.101871	0.087161	0.070008	0.050308	0.027939	0.002750	
 Vektor posouvajicich sil ve sparach:
-2.361685	-1.950510	-1.554014	-1.172531	-0.806350	-0.455638	-0.120566	0.198909	0.502844	0.791386	1.064773	1.323350	1.567459	1.797570	2.014249	2.218023	2.409552	2.589537	-1.942513	-1.802843	-1.659474	-1.511549	-1.358249	-1.198715	-1.032186	-0.857859	-0.675008	-0.482979	-0.281046	-0.068679	0.154715	0.389585	0.636379	0.895423	1.167037	1.451366	1.748586	2.058710	2.381695	2.717453	3.065750	
 Vektor e_min:
0.003129	0.003104	0.003074	0.003041	0.003003	0.002963	0.002919	0.002873	0.002825	0.002774	0.002723	0.002670	0.002617	0.002563	0.002509	0.002455	0.002401	0.002348	0.002143	0.002168	0.002194	0.002222	0.002250	0.002280	0.002311	0.002342	0.002375	0.002407	0.002440	0.002473	0.002506	0.002538	0.002570	0.002600	0.002629	0.002656	0.002681	0.002704	0.002724	0.002740	0.002754	

 * Iterace c. 3 * Delta = 0.000544 *
 icase = 0
         0 -> O.K.,
        -1 -> nelze splnit omezujici podminky,
        +1 -> cilova funkce je na polyedru neomezena.
 lambda = 4.726543
 pocet bloku N = 40
 Vektor lokalnich deformaci:
  15: fi 07 int = 1.587388
  36: fi 17 ext = 5.746924
  59: fi 29 int = 7.937148
  82: fi 40 ext = 3.777611
 Vektor indexu spary mezi bloky:
0		1		2		3		4		5		6		7		8		9		10		11		12		13		14		15		16		17		18		19		20		21		22		23		24		25		26		27		28		29		30		31		32		33		34		35		36		37		38		39		40		
 Vektor normalovych sil ve sparach (+ znaci tlak):
10.162816	10.081559	9.985666	9.876362	9.754917	9.622894	9.481255	9.331074	9.174373	9.011291	8.843884	8.672462	8.498816	8.323559	8.147636	7.972322	7.797922	7.625396	6.961539	7.041749	7.126587	7.215625	7.308354	7.405207	7.505244	7.607812	7.712608	7.818909	7.926167	8.033266	8.139703	8.244566	8.346725	8.445067	8.538974	8.627304	8.708677	8.782139	8.846552	8.900739	8.943480	
 Vektor vzdalenosti N od hornoho povrchu klenby:
0.081215	0.098088	0.112121	0.123405	0.132010	0.137979	0.141348	0.142127	0.140316	0.135905	0.128864	0.119166	0.106762	0.091608	0.073647	0.052824	0.029077	0.002348	0.019435	0.040928	0.060385	0.077794	0.093148	0.106438	0.117662	0.126808	0.133875	0.138856	0.141743	0.142527	0.141194	0.137727	0.132098	0.124277	0.114220	0.101870	0.087161	0.070008	0.050309	0.027941	0.002753	
 Vektor posouvajicich sil ve sparach:
-2.361566	-1.950443	-1.553970	-1.172489	-0.806328	-0.455670	-0.120606	0.198827	0.502746	0.791252	1.064642	1.323161	1.567271	1.797366	2.013986	2.217771	2.409259	2.589235	-1.942300	-1.802642	-1.659302	-1.511393	-1.358099	-1.198600	-1.032082	-0.857777	-0.674953	-0.482915	-0.281015	-0.068656	0.154704	0.389539	0.636332	0.895359	1.166919	1.451252	1.748442	2.058539	2.381523	2.717259	3.065534	
 Vektor e_min:
0.003129	0.003104	0.003074	0.003041	0.003003	0.002963	0.002919	0.002873	0.002824	0.002774	0.002723	0.002670	0.002617	0.002563	0.002508	0.002454	0.002401	0.002348	0.002143	0.002168	0.002194	0.002221	0.002250	0.002280	0.002311	0.002342	0.002374	0.002407	0.002440	0.002473	0.002506	0.002538	0.002570	0.002600	0.002629	0.002656	0.002681	0.002704	0.002724	0.002740	0.002753	
