Vstupni soubor: zlamal5_6.in
***kopie vstupniho souboru***

 2.472500
 0.713750
 1
 0.145000
 20.000000
 0.600000
 40
 1
 1.2 1.000000 0.200000
 0.500000
 0.000000
 0 30.000000
 0 0.600000 0.400000 2.400000
 1
 4 2000.000000 inter3.txt
*****************************
Ortoganalni souradnice intrados a extrados:
X_int	Y_int	X_ext	Y_ext
0.000000	0.000000	-0.125574	0.072500
0.039049	0.063722	-0.082558	0.142695
0.081379	0.125313	-0.035928	0.210542
0.126875	0.184605	0.014189	0.275856
0.175412	0.241434	0.067656	0.338458
0.226856	0.295645	0.124325	0.398175
0.281067	0.347089	0.184043	0.454845
0.337896	0.395626	0.246644	0.508312
0.397187	0.441122	0.311958	0.558429
0.458778	0.483452	0.379806	0.605059
0.522501	0.522501	0.450001	0.648075
0.588179	0.558162	0.522350	0.687358
0.655634	0.590336	0.596657	0.722800
0.724680	0.618936	0.672717	0.754305
0.795129	0.643883	0.750321	0.781786
0.866786	0.665109	0.829257	0.805168
0.939456	0.682556	0.909309	0.824387
1.012940	0.696175	0.990257	0.839390
1.087036	0.705930	1.071879	0.850136
1.161541	0.711794	1.153952	0.856595
1.236250	0.713750	1.236250	0.858750
1.310960	0.711794	1.318548	0.856595
1.385464	0.705930	1.400621	0.850136
1.459560	0.696175	1.482243	0.839390
1.533044	0.682556	1.563191	0.824387
1.605714	0.665109	1.643243	0.805168
1.677372	0.643883	1.722179	0.781786
1.747820	0.618936	1.799783	0.754305
1.816866	0.590336	1.875843	0.722800
1.884321	0.558162	1.950150	0.687358
1.949999	0.522501	2.022500	0.648075
2.013722	0.483452	2.092694	0.605059
2.075313	0.441122	2.160542	0.558429
2.134604	0.395626	2.225856	0.508312
2.191433	0.347089	2.288457	0.454845
2.245644	0.295645	2.348175	0.398175
2.297088	0.241434	2.404845	0.338458
2.345625	0.184605	2.458311	0.275856
2.391121	0.125313	2.508428	0.210542
2.433451	0.063722	2.555058	0.142695
2.472500	0.000000	2.598074	0.072500
Vlastni tiha klenby - jednotlive bloky:
X_p	Y_p	P
-0.043266	0.070339	0.227661
-0.000477	0.136230	0.227661
0.045702	0.199790	0.227661
0.095145	0.260847	0.227661
0.147715	0.319232	0.227661
0.203269	0.374786	0.227661
0.261654	0.427356	0.227661
0.322711	0.476799	0.227661
0.386271	0.522978	0.227661
0.452161	0.565768	0.227661
0.520200	0.605050	0.227661
0.590202	0.640718	0.227661
0.661975	0.672673	0.227661
0.735322	0.700828	0.227661
0.810042	0.725106	0.227661
0.885929	0.745440	0.227661
0.962778	0.761775	0.227662
1.040376	0.774065	0.227661
1.118510	0.782278	0.227661
1.196967	0.786389	0.227661
1.275532	0.786389	0.227661
1.353990	0.782278	0.227661
1.432125	0.774065	0.227661
1.509722	0.761775	0.227662
1.586570	0.745440	0.227661
1.662459	0.725106	0.227661
1.737178	0.700828	0.227661
1.810525	0.672673	0.227661
1.882298	0.640718	0.227661
1.952299	0.605050	0.227661
2.020339	0.565768	0.227661
2.086229	0.522978	0.227661
2.149790	0.476799	0.227661
2.210846	0.427356	0.227661
2.269231	0.374786	0.227661
2.324785	0.319232	0.227661
2.377355	0.260846	0.227661
2.426798	0.199790	0.227661
2.472977	0.136230	0.227662
2.515766	0.070339	0.227661
Tiha nadnasypu pusobici na bloky:
P	h_ver	X_p	Y_p
0.000000	0.070195	-0.104267	0.107269
0.000000	0.067847	-0.059466	0.176294
0.000000	0.065314	-0.011114	0.242881
0.000000	0.062602	0.040657	0.306846
0.000000	0.059718	0.095706	0.368017
0.000000	0.056670	0.153882	0.426223
0.000000	0.053467	0.215026	0.481307
0.000000	0.050117	0.278971	0.533117
0.000000	0.046630	0.345543	0.581511
0.000000	0.043015	0.414559	0.626357
0.000000	0.039283	0.485833	0.667530
0.000000	0.035442	0.559168	0.704919
0.000000	0.031505	0.634365	0.738419
0.000000	0.027481	0.711218	0.767939
0.000000	0.023382	0.789517	0.793397
0.000000	0.019219	0.869048	0.814721
0.000000	0.015003	0.949591	0.831853
0.000000	0.010746	1.030926	0.844744
0.000000	0.006459	1.112828	0.853358
0.000000	0.002155	1.195071	0.857672
0.000000	-0.002155	1.277429	0.857672
0.000000	-0.006459	1.359672	0.853358
0.000000	-0.010746	1.441574	0.844744
0.000000	-0.015003	1.522909	0.831853
0.000000	-0.019219	1.603452	0.814721
0.000000	-0.023382	1.682983	0.793397
0.000000	-0.027481	1.761282	0.767939
0.000000	-0.031505	1.838135	0.738420
0.000000	-0.035442	1.913332	0.704919
0.000000	-0.039283	1.986668	0.667530
0.000000	-0.043016	2.057940	0.626357
0.000000	-0.046630	2.126957	0.581511
0.000000	-0.050117	2.193529	0.533117
0.000000	-0.053467	2.257474	0.481307
0.000000	-0.056670	2.318619	0.426223
0.000000	-0.059718	2.376793	0.368017
0.000000	-0.062602	2.431843	0.306846
0.000000	-0.065314	2.483614	0.242880
0.000000	-0.067848	2.531968	0.176292
0.000000	-0.070195	2.576767	0.107270
Vnejsi zatizeni pusobici na bloky:
X_q	Y_q	Q
-0.125574	0.072500	0.000000
-0.082558	0.142695	0.000000
-0.035928	0.210542	0.000000
0.014189	0.275856	0.000000
0.067656	0.338458	0.000000
0.124325	0.398175	0.000000
0.184043	0.454845	0.000000
0.246644	0.508312	0.000000
0.311958	0.558429	0.000000
0.379806	0.605059	0.000000
0.450001	0.648075	0.000000
0.522350	0.687358	0.000000
0.596657	0.722800	0.000000
0.672717	0.754305	0.000000
0.750321	0.781786	0.000000
0.829257	0.805168	0.000000
0.909309	0.824387	0.000000
0.990257	0.839390	0.000000
1.071879	0.850136	0.000000
1.200000	0.860447	1.000000
1.236250	0.858750	0.000000
1.318548	0.856595	0.000000
1.400621	0.850136	0.000000
1.482243	0.839390	0.000000
1.563191	0.824387	0.000000
1.643243	0.805168	0.000000
1.722179	0.781786	0.000000
1.799783	0.754305	0.000000
1.875843	0.722800	0.000000
1.950150	0.687358	0.000000
2.022500	0.648075	0.000000
2.092694	0.605059	0.000000
2.160542	0.558429	0.000000
2.225856	0.508312	0.000000
2.288457	0.454845	0.000000
2.348175	0.398175	0.000000
2.404845	0.338458	0.000000
2.458311	0.275856	0.000000
2.508428	0.210542	0.000000
2.555058	0.142695	0.000000
Ortogonalni lokalni souradnice jednotlivych bloku:
a	alfa	b	beta
0.072500	2.617995	0.078531	1.021018
0.072500	2.565635	0.078531	0.968659
0.072500	2.513275	0.078531	0.916299
0.072500	2.460915	0.078531	0.863939
0.072500	2.408555	0.078531	0.811579
0.072500	2.356195	0.078531	0.759219
0.072500	2.303835	0.078531	0.706859
0.072500	2.251475	0.078531	0.654500
0.072500	2.199115	0.078531	0.602139
0.072500	2.146756	0.078531	0.549778
0.072500	2.094395	0.078531	0.497420
0.072500	2.042036	0.078531	0.445059
0.072500	1.989676	0.078531	0.392700
0.072500	1.937316	0.078531	0.340338
0.072500	1.884957	0.078531	0.287981
0.072500	1.832596	0.078531	0.235619
0.072500	1.780236	0.078531	0.183260
0.072500	1.727876	0.078531	0.130899
0.072500	1.675516	0.078531	0.078541
0.072500	1.623156	0.078531	0.026179
0.072500	1.570796	0.078531	-0.026179
0.072500	1.518436	0.078531	-0.078540
0.072500	1.466077	0.078531	-0.130900
0.072500	1.413716	0.078531	-0.183260
0.072500	1.361356	0.078531	-0.235619
0.072500	1.308997	0.078531	-0.287979
0.072500	1.256637	0.078531	-0.340341
0.072500	1.204276	0.078531	-0.392699
0.072500	1.151917	0.078531	-0.445058
0.072500	1.099557	0.078531	-0.497421
0.072500	1.047197	0.078531	-0.549780
0.072500	0.994838	0.078531	-0.602137
0.072500	0.942477	0.078531	-0.654499
0.072500	0.890118	0.078531	-0.706859
0.072500	0.837758	0.078531	-0.759219
0.072500	0.785397	0.078531	-0.811578
0.072500	0.733037	0.078531	-0.863940
0.072500	0.680678	0.078531	-0.916301
0.072500	0.628319	0.078531	-0.968656
0.072500	0.575958	0.078531	-1.021019
0.072500	0.523597	1.000000	-1.047199
Transformovane zatizeni vlastni tihou klenby:
Px	Py	Mp
0.000000	0.227661	0.004444
0.000000	0.227661	0.004844
0.000000	0.227661	0.005231
0.000000	0.227661	0.005603
0.000000	0.227661	0.005961
0.000000	0.227661	0.006301
0.000000	0.227661	0.006625
0.000000	0.227661	0.006930
0.000000	0.227661	0.007216
0.000000	0.227661	0.007483
0.000000	0.227661	0.007729
0.000000	0.227661	0.007954
0.000000	0.227661	0.008157
0.000000	0.227661	0.008338
0.000000	0.227661	0.008496
0.000000	0.227661	0.008630
0.000000	0.227662	0.008741
0.000000	0.227661	0.008828
0.000000	0.227661	0.008891
0.000000	0.227661	0.008929
0.000000	0.227661	0.008943
0.000000	0.227661	0.008933
0.000000	0.227661	0.008897
0.000000	0.227662	0.008838
0.000000	0.227661	0.008754
0.000000	0.227661	0.008647
0.000000	0.227661	0.008515
0.000000	0.227661	0.008360
0.000000	0.227661	0.008183
0.000000	0.227661	0.007983
0.000000	0.227661	0.007761
0.000000	0.227661	0.007518
0.000000	0.227661	0.007254
0.000000	0.227661	0.006970
0.000000	0.227661	0.006667
0.000000	0.227661	0.006346
0.000000	0.227661	0.006008
0.000000	0.227661	0.005653
0.000000	0.227662	0.005282
0.000000	0.227661	0.004897
0.000000	0.000000	0.000000
Transformovane zatizeni nadnasypem:
Px	Py	Mp
0.000000	0.000000	0.000000
0.000000	0.000000	0.000000
0.000000	0.000000	0.000000
0.000000	0.000000	0.000000
0.000000	0.000000	0.000000
0.000000	0.000000	0.000000
0.000000	0.000000	0.000000
0.000000	0.000000	0.000000
0.000000	0.000000	0.000000
0.000000	0.000000	0.000000
0.000000	0.000000	0.000000
0.000000	0.000000	0.000000
0.000000	0.000000	0.000000
0.000000	0.000000	0.000000
0.000000	0.000000	0.000000
0.000000	0.000000	0.000000
0.000000	0.000000	0.000000
0.000000	0.000000	0.000000
0.000000	0.000000	0.000000
0.000000	0.000000	0.000000
0.000000	0.000000	0.000000
0.000000	0.000000	0.000000
0.000000	0.000000	0.000000
0.000000	0.000000	0.000000
0.000000	0.000000	0.000000
0.000000	0.000000	0.000000
0.000000	0.000000	0.000000
0.000000	0.000000	0.000000
0.000000	0.000000	0.000000
0.000000	0.000000	0.000000
0.000000	0.000000	0.000000
0.000000	0.000000	0.000000
0.000000	0.000000	0.000000
0.000000	0.000000	0.000000
0.000000	0.000000	0.000000
0.000000	0.000000	0.000000
0.000000	0.000000	0.000000
0.000000	0.000000	0.000000
0.000000	0.000000	0.000000
0.000000	0.000000	0.000000
0.000000	0.000000	0.000000
Transformovane zatizeni vnejsich sil:
Qx	Qy	Mq
0.000000	0.000000	0.000000
0.000000	0.000000	0.000000
0.000000	0.000000	0.000000
0.000000	0.000000	0.000000
0.000000	0.000000	0.000000
0.000000	0.000000	0.000000
0.000000	0.000000	0.000000
0.000000	0.000000	0.000000
0.000000	0.000000	0.000000
0.000000	0.000000	0.000000
0.000000	0.000000	0.000000
0.000000	0.000000	0.000000
0.000000	0.000000	0.000000
0.000000	0.000000	0.000000
0.000000	0.000000	0.000000
0.000000	0.000000	0.000000
0.000000	0.000000	0.000000
0.000000	0.000000	0.000000
0.000000	0.000000	0.000000
0.000000	1.000000	0.042254
0.000000	0.000000	0.000000
0.000000	0.000000	0.000000
0.000000	0.000000	0.000000
0.000000	0.000000	0.000000
0.000000	0.000000	0.000000
0.000000	0.000000	0.000000
0.000000	0.000000	0.000000
0.000000	0.000000	0.000000
0.000000	0.000000	0.000000
0.000000	0.000000	0.000000
0.000000	0.000000	0.000000
0.000000	0.000000	0.000000
0.000000	0.000000	0.000000
0.000000	0.000000	0.000000
0.000000	0.000000	0.000000
0.000000	0.000000	0.000000
0.000000	0.000000	0.000000
0.000000	0.000000	0.000000
0.000000	0.000000	0.000000
0.000000	0.000000	0.000000
0.000000	0.000000	0.000000

*** vysledky vypoctu ***
 icase = 0
         0 -> O.K.,
        -1 -> nelze splnit omezujici podminky,
        +1 -> cilova funkce je na polyedru neomezena.
 lambda = 8.101000
 pocet bloku N = 40
 Vektor lokalnich deformaci:
  19: fi 09 int = 1.349130
  42: fi 20 ext = 9.096883
  61: fi 30 int = 14.662167
  82: fi 40 ext = 6.914417
 Vektor indexu spary mezi bloky:
0		1		2		3		4		5		6		7		8		9		10		11		12		13		14		15		16		17		18		19		20		21		22		23		24		25		26		27		28		29		30		31		32		33		34		35		36		37		38		39		40		
 Vektor normalovych sil ve sparach (+ znaci tlak):
12.827146	12.859946	12.870377	12.859509	12.828474	12.778288	12.709779	12.624286	12.522662	12.405979	12.275072	12.131373	11.975862	11.808975	11.632006	11.445869	11.251290	11.049447	10.840889	10.625834	10.405725	10.604703	10.798854	10.986957	11.168431	11.342462	11.508374	11.665587	11.813175	11.949880	12.075040	12.188060	12.287495	12.372527	12.442139	12.495277	12.531146	12.548555	12.546657	12.524337	12.480664	
 Vektor vzdalenosti N od hornoho povrchu klenby:
0.019585	0.046191	0.069310	0.089124	0.105786	0.119410	0.130088	0.137888	0.142851	0.145000	0.144343	0.140862	0.134523	0.125285	0.113078	0.097822	0.079420	0.057756	0.032699	0.004096	0.000000	0.028690	0.053928	0.075854	0.094592	0.110248	0.122916	0.132669	0.139573	0.143672	0.145000	0.143571	0.139386	0.132425	0.122652	0.110010	0.094417	0.075769	0.053933	0.028744	0.000000	
 Vektor posouvajicich sil ve sparach:
-4.609783	-4.056104	-3.511339	-2.976204	-2.451452	-1.937672	-1.435439	-0.945230	-0.467402	-0.002298	0.449813	0.888797	1.314509	1.726922	2.126058	2.512032	2.884927	3.244986	3.592414	3.927472	-3.850443	-3.527901	-3.194490	-2.849783	-2.493562	-2.125547	-1.745554	-1.353399	-0.948961	-0.532281	-0.103314	0.337874	0.791102	1.256141	1.732802	2.220602	2.719182	3.228034	3.746518	4.274054	4.809822	
 Vektor e_min:
0.003949	0.003959	0.003962	0.003959	0.003950	0.003934	0.003913	0.003887	0.003855	0.003819	0.003779	0.003735	0.003687	0.003636	0.003581	0.003524	0.003464	0.003402	0.003338	0.003271	0.003204	0.003265	0.003325	0.003383	0.003438	0.003492	0.003543	0.003591	0.003637	0.003679	0.003718	0.003752	0.003783	0.003809	0.003831	0.003847	0.003858	0.003863	0.003863	0.003856	0.003842	

 * Iterace c. 1 * Delta = 1.229513 *
 icase = 0
         0 -> O.K.,
        -1 -> nelze splnit omezujici podminky,
        +1 -> cilova funkce je na polyedru neomezena.
 lambda = 6.871487
 pocet bloku N = 40
 Vektor lokalnich deformaci:
  19: fi 09 int = 1.345341
  42: fi 20 ext = 8.351932
  61: fi 30 int = 13.174425
  82: fi 40 ext = 6.167828
 Vektor indexu spary mezi bloky:
0		1		2		3		4		5		6		7		8		9		10		11		12		13		14		15		16		17		18		19		20		21		22		23		24		25		26		27		28		29		30		31		32		33		34		35		36		37		38		39		40		
 Vektor normalovych sil ve sparach (+ znaci tlak):
11.753503	11.758090	11.743428	11.710531	11.660541	11.594654	11.513719	11.418971	11.311509	11.192124	11.062280	10.922718	10.774394	10.618403	10.455541	10.286311	10.112191	9.933775	9.751797	9.566226	9.378615	9.548650	9.716540	9.881197	10.042371	10.199431	10.351505	10.497777	10.637571	10.770134	10.894174	11.009290	11.113822	11.207481	11.288898	11.357082	11.410856	11.449408	11.471512	11.476237	11.462418	
 Vektor vzdalenosti N od hornoho povrchu klenby:
0.021494	0.046873	0.068944	0.087872	0.103792	0.116810	0.127008	0.134445	0.139163	0.141181	0.140505	0.137126	0.131015	0.122137	0.110441	0.095862	0.078324	0.057739	0.034007	0.007018	0.003204	0.030219	0.054082	0.074888	0.092731	0.107690	0.119835	0.129226	0.135908	0.139918	0.141282	0.140008	0.136099	0.129534	0.120278	0.108282	0.093475	0.075761	0.055021	0.031109	0.003842	
 Vektor posouvajicich sil ve sparach:
-4.043621	-3.546949	-3.060528	-2.585001	-2.120922	-1.668719	-1.228785	-0.801467	-0.386930	0.014681	0.403273	0.778837	1.141420	1.491214	1.828354	2.153132	2.465852	2.766868	3.056543	3.335347	-3.267707	-2.999752	-2.722308	-2.434904	-2.137112	-1.828530	-1.508747	-1.177439	-0.834406	-0.479381	-0.112190	0.267174	0.658788	1.062613	1.478546	1.906364	2.345788	2.796488	3.258065	3.729996	4.211670	
 Vektor e_min:
0.003619	0.003620	0.003615	0.003605	0.003590	0.003570	0.003545	0.003516	0.003482	0.003446	0.003406	0.003363	0.003317	0.003269	0.003219	0.003167	0.003113	0.003058	0.003002	0.002945	0.002887	0.002940	0.002991	0.003042	0.003092	0.003140	0.003187	0.003232	0.003275	0.003316	0.003354	0.003389	0.003422	0.003450	0.003476	0.003497	0.003513	0.003525	0.003532	0.003533	0.003529	

 * Iterace c. 2 * Delta = -0.105594 *
 icase = 0
         0 -> O.K.,
        -1 -> nelze splnit omezujici podminky,
        +1 -> cilova funkce je na polyedru neomezena.
 lambda = 6.977081
 pocet bloku N = 40
 Vektor lokalnich deformaci:
  19: fi 09 int = 1.345734
  42: fi 20 ext = 8.416293
  61: fi 30 int = 13.303179
  82: fi 40 ext = 6.232624
 Vektor indexu spary mezi bloky:
0		1		2		3		4		5		6		7		8		9		10		11		12		13		14		15		16		17		18		19		20		21		22		23		24		25		26		27		28		29		30		31		32		33		34		35		36		37		38		39		40		
 Vektor normalovych sil ve sparach (+ znaci tlak):
11.845261	11.852268	11.839737	11.808753	11.760373	11.695721	11.615968	11.521836	11.414761	11.295835	11.165770	11.025842	10.876792	10.719878	10.555706	10.385397	10.209502	10.028967	9.844333	9.656454	9.465963	9.638638	9.808629	9.975573	10.138397	10.296800	10.450233	10.597445	10.737823	10.870839	10.994946	11.109817	11.214021	11.306978	11.387343	11.454316	11.506627	11.543326	11.563406	11.565808	11.549479	
 Vektor vzdalenosti N od hornoho povrchu klenby:
0.021355	0.046845	0.069010	0.088018	0.104005	0.117077	0.127317	0.134787	0.139526	0.141554	0.140876	0.137484	0.131352	0.122438	0.110692	0.096046	0.078422	0.057734	0.033873	0.006726	0.002887	0.030063	0.054058	0.074973	0.092903	0.107933	0.120130	0.129556	0.136262	0.140282	0.141646	0.140361	0.136425	0.129825	0.120524	0.108470	0.093592	0.075794	0.054955	0.030928	0.003529	
 Vektor posouvajicich sil ve sparach:
-4.091598	-3.590015	-3.098647	-2.618006	-2.148757	-1.691284	-1.246027	-0.813309	-0.393386	0.013635	0.407642	0.788589	1.156574	1.511700	1.854143	2.184148	2.501983	2.808028	3.102625	3.386216	-3.317778	-3.045138	-2.762951	-2.470680	-2.167918	-1.854245	-1.529329	-1.192852	-0.844584	-0.484262	-0.111824	0.272819	0.669697	1.078746	1.499862	1.932782	2.377282	2.832922	3.299368	3.776032	4.262366	
 Vektor e_min:
0.003647	0.003649	0.003645	0.003636	0.003621	0.003601	0.003576	0.003547	0.003514	0.003478	0.003438	0.003395	0.003349	0.003300	0.003250	0.003197	0.003143	0.003088	0.003031	0.002973	0.002914	0.002967	0.003020	0.003071	0.003121	0.003170	0.003217	0.003263	0.003306	0.003347	0.003385	0.003420	0.003452	0.003481	0.003506	0.003526	0.003543	0.003554	0.003560	0.003561	0.003556	

 * Iterace c. 3 * Delta = 0.008930 *
 icase = 0
         0 -> O.K.,
        -1 -> nelze splnit omezujici podminky,
        +1 -> cilova funkce je na polyedru neomezena.
 lambda = 6.968151
 pocet bloku N = 40
 Vektor lokalnich deformaci:
  19: fi 09 int = 1.345702
  42: fi 20 ext = 8.410802
  61: fi 30 int = 13.292183
  82: fi 40 ext = 6.227083
 Vektor indexu spary mezi bloky:
0		1		2		3		4		5		6		7		8		9		10		11		12		13		14		15		16		17		18		19		20		21		22		23		24		25		26		27		28		29		30		31		32		33		34		35		36		37		38		39		40		
 Vektor normalovych sil ve sparach (+ znaci tlak):
11.837556	11.844307	11.831567	11.800490	11.751984	11.687170	11.607291	11.513285	11.406169	11.287051	11.157059	11.017025	10.868199	10.711330	10.547321	10.377020	10.201108	10.020711	9.836513	9.648779	9.458637	9.631030	9.800681	9.967576	10.130346	10.288589	10.441738	10.589070	10.729383	10.862367	10.986560	11.101262	11.205867	11.298668	11.379134	11.446067	11.498555	11.535406	11.555655	11.558264	11.542171	
 Vektor vzdalenosti N od hornoho povrchu klenby:
0.021364	0.046844	0.069001	0.088003	0.103984	0.117051	0.127288	0.134756	0.139494	0.141522	0.140844	0.137453	0.131324	0.122412	0.110670	0.096030	0.078414	0.057732	0.033883	0.006753	0.002914	0.030079	0.054060	0.074966	0.092890	0.107914	0.120106	0.129528	0.136233	0.140252	0.141615	0.140331	0.136399	0.129801	0.120504	0.108456	0.093583	0.075791	0.054961	0.030944	0.003556	
 Vektor posouvajicich sil ve sparach:
-4.087566	-3.586412	-3.095446	-2.615241	-2.146420	-1.689419	-1.244619	-0.812349	-0.392881	0.013680	0.407223	0.787744	1.155277	1.509927	1.851939	2.181483	2.498900	2.804513	3.098714	3.381917	-3.313537	-3.041335	-2.759521	-2.467669	-2.165309	-1.852084	-1.527604	-1.191562	-0.843721	-0.483858	-0.111875	0.272343	0.668778	1.077402	1.498055	1.930552	2.374629	2.829893	3.295889	3.772173	4.258085	
 Vektor e_min:
0.003644	0.003647	0.003643	0.003633	0.003618	0.003598	0.003574	0.003545	0.003512	0.003475	0.003435	0.003392	0.003346	0.003298	0.003247	0.003195	0.003141	0.003085	0.003028	0.002971	0.002912	0.002965	0.003017	0.003069	0.003119	0.003168	0.003215	0.003260	0.003303	0.003344	0.003382	0.003418	0.003450	0.003479	0.003503	0.003524	0.003540	0.003551	0.003558	0.003558	0.003553	
