Vstupni soubor: zlamal5_4.in
***kopie vstupniho souboru***

 2.472500
 0.713750
 1
 0.145000
 20.000000
 0.600000
 40
 1
 0.8 1.000000 0.200000
 0.500000
 0.000000
 0 30.000000
 0 0.600000 0.400000 2.400000
 1
 4 2000.000000 inter3.txt
*****************************
Ortoganalni souradnice intrados a extrados:
X_int	Y_int	X_ext	Y_ext
0.000000	0.000000	-0.125574	0.072500
0.039049	0.063722	-0.082558	0.142695
0.081379	0.125313	-0.035928	0.210542
0.126875	0.184605	0.014189	0.275856
0.175412	0.241434	0.067656	0.338458
0.226856	0.295645	0.124325	0.398175
0.281067	0.347089	0.184043	0.454845
0.337896	0.395626	0.246644	0.508312
0.397187	0.441122	0.311958	0.558429
0.458778	0.483452	0.379806	0.605059
0.522501	0.522501	0.450001	0.648075
0.588179	0.558162	0.522350	0.687358
0.655634	0.590336	0.596657	0.722800
0.724680	0.618936	0.672717	0.754305
0.795129	0.643883	0.750321	0.781786
0.866786	0.665109	0.829257	0.805168
0.939456	0.682556	0.909309	0.824387
1.012940	0.696175	0.990257	0.839390
1.087036	0.705930	1.071879	0.850136
1.161541	0.711794	1.153952	0.856595
1.236250	0.713750	1.236250	0.858750
1.310960	0.711794	1.318548	0.856595
1.385464	0.705930	1.400621	0.850136
1.459560	0.696175	1.482243	0.839390
1.533044	0.682556	1.563191	0.824387
1.605714	0.665109	1.643243	0.805168
1.677372	0.643883	1.722179	0.781786
1.747820	0.618936	1.799783	0.754305
1.816866	0.590336	1.875843	0.722800
1.884321	0.558162	1.950150	0.687358
1.949999	0.522501	2.022500	0.648075
2.013722	0.483452	2.092694	0.605059
2.075313	0.441122	2.160542	0.558429
2.134604	0.395626	2.225856	0.508312
2.191433	0.347089	2.288457	0.454845
2.245644	0.295645	2.348175	0.398175
2.297088	0.241434	2.404845	0.338458
2.345625	0.184605	2.458311	0.275856
2.391121	0.125313	2.508428	0.210542
2.433451	0.063722	2.555058	0.142695
2.472500	0.000000	2.598074	0.072500
Vlastni tiha klenby - jednotlive bloky:
X_p	Y_p	P
-0.043266	0.070339	0.227661
-0.000477	0.136230	0.227661
0.045702	0.199790	0.227661
0.095145	0.260847	0.227661
0.147715	0.319232	0.227661
0.203269	0.374786	0.227661
0.261654	0.427356	0.227661
0.322711	0.476799	0.227661
0.386271	0.522978	0.227661
0.452161	0.565768	0.227661
0.520200	0.605050	0.227661
0.590202	0.640718	0.227661
0.661975	0.672673	0.227661
0.735322	0.700828	0.227661
0.810042	0.725106	0.227661
0.885929	0.745440	0.227661
0.962778	0.761775	0.227662
1.040376	0.774065	0.227661
1.118510	0.782278	0.227661
1.196967	0.786389	0.227661
1.275532	0.786389	0.227661
1.353990	0.782278	0.227661
1.432125	0.774065	0.227661
1.509722	0.761775	0.227662
1.586570	0.745440	0.227661
1.662459	0.725106	0.227661
1.737178	0.700828	0.227661
1.810525	0.672673	0.227661
1.882298	0.640718	0.227661
1.952299	0.605050	0.227661
2.020339	0.565768	0.227661
2.086229	0.522978	0.227661
2.149790	0.476799	0.227661
2.210846	0.427356	0.227661
2.269231	0.374786	0.227661
2.324785	0.319232	0.227661
2.377355	0.260846	0.227661
2.426798	0.199790	0.227661
2.472977	0.136230	0.227662
2.515766	0.070339	0.227661
Tiha nadnasypu pusobici na bloky:
P	h_ver	X_p	Y_p
0.000000	0.070195	-0.104267	0.107269
0.000000	0.067847	-0.059466	0.176294
0.000000	0.065314	-0.011114	0.242881
0.000000	0.062602	0.040657	0.306846
0.000000	0.059718	0.095706	0.368017
0.000000	0.056670	0.153882	0.426223
0.000000	0.053467	0.215026	0.481307
0.000000	0.050117	0.278971	0.533117
0.000000	0.046630	0.345543	0.581511
0.000000	0.043015	0.414559	0.626357
0.000000	0.039283	0.485833	0.667530
0.000000	0.035442	0.559168	0.704919
0.000000	0.031505	0.634365	0.738419
0.000000	0.027481	0.711218	0.767939
0.000000	0.023382	0.789517	0.793397
0.000000	0.019219	0.869048	0.814721
0.000000	0.015003	0.949591	0.831853
0.000000	0.010746	1.030926	0.844744
0.000000	0.006459	1.112828	0.853358
0.000000	0.002155	1.195071	0.857672
0.000000	-0.002155	1.277429	0.857672
0.000000	-0.006459	1.359672	0.853358
0.000000	-0.010746	1.441574	0.844744
0.000000	-0.015003	1.522909	0.831853
0.000000	-0.019219	1.603452	0.814721
0.000000	-0.023382	1.682983	0.793397
0.000000	-0.027481	1.761282	0.767939
0.000000	-0.031505	1.838135	0.738420
0.000000	-0.035442	1.913332	0.704919
0.000000	-0.039283	1.986668	0.667530
0.000000	-0.043016	2.057940	0.626357
0.000000	-0.046630	2.126957	0.581511
0.000000	-0.050117	2.193529	0.533117
0.000000	-0.053467	2.257474	0.481307
0.000000	-0.056670	2.318619	0.426223
0.000000	-0.059718	2.376793	0.368017
0.000000	-0.062602	2.431843	0.306846
0.000000	-0.065314	2.483614	0.242880
0.000000	-0.067848	2.531968	0.176292
0.000000	-0.070195	2.576767	0.107270
Vnejsi zatizeni pusobici na bloky:
X_q	Y_q	Q
-0.125574	0.072500	0.000000
-0.082558	0.142695	0.000000
-0.035928	0.210542	0.000000
0.014189	0.275856	0.000000
0.067656	0.338458	0.000000
0.124325	0.398175	0.000000
0.184043	0.454845	0.000000
0.246644	0.508312	0.000000
0.311958	0.558429	0.000000
0.379806	0.605059	0.000000
0.450001	0.648075	0.000000
0.522350	0.687358	0.000000
0.596657	0.722800	0.000000
0.672717	0.754305	0.000000
0.800000	0.818939	1.000000
0.829257	0.805168	0.000000
0.909309	0.824387	0.000000
0.990257	0.839390	0.000000
1.071879	0.850136	0.000000
1.153952	0.856595	0.000000
1.236250	0.858750	0.000000
1.318548	0.856595	0.000000
1.400621	0.850136	0.000000
1.482243	0.839390	0.000000
1.563191	0.824387	0.000000
1.643243	0.805168	0.000000
1.722179	0.781786	0.000000
1.799783	0.754305	0.000000
1.875843	0.722800	0.000000
1.950150	0.687358	0.000000
2.022500	0.648075	0.000000
2.092694	0.605059	0.000000
2.160542	0.558429	0.000000
2.225856	0.508312	0.000000
2.288457	0.454845	0.000000
2.348175	0.398175	0.000000
2.404845	0.338458	0.000000
2.458311	0.275856	0.000000
2.508428	0.210542	0.000000
2.555058	0.142695	0.000000
Ortogonalni lokalni souradnice jednotlivych bloku:
a	alfa	b	beta
0.072500	2.617995	0.078531	1.021018
0.072500	2.565635	0.078531	0.968659
0.072500	2.513275	0.078531	0.916299
0.072500	2.460915	0.078531	0.863939
0.072500	2.408555	0.078531	0.811579
0.072500	2.356195	0.078531	0.759219
0.072500	2.303835	0.078531	0.706859
0.072500	2.251475	0.078531	0.654500
0.072500	2.199115	0.078531	0.602139
0.072500	2.146756	0.078531	0.549778
0.072500	2.094395	0.078531	0.497420
0.072500	2.042036	0.078531	0.445059
0.072500	1.989676	0.078531	0.392700
0.072500	1.937316	0.078531	0.340338
0.072500	1.884957	0.078531	0.287981
0.072500	1.832596	0.078531	0.235619
0.072500	1.780236	0.078531	0.183260
0.072500	1.727876	0.078531	0.130899
0.072500	1.675516	0.078531	0.078541
0.072500	1.623156	0.078531	0.026179
0.072500	1.570796	0.078531	-0.026179
0.072500	1.518436	0.078531	-0.078540
0.072500	1.466077	0.078531	-0.130900
0.072500	1.413716	0.078531	-0.183260
0.072500	1.361356	0.078531	-0.235619
0.072500	1.308997	0.078531	-0.287979
0.072500	1.256637	0.078531	-0.340341
0.072500	1.204276	0.078531	-0.392699
0.072500	1.151917	0.078531	-0.445058
0.072500	1.099557	0.078531	-0.497421
0.072500	1.047197	0.078531	-0.549780
0.072500	0.994838	0.078531	-0.602137
0.072500	0.942477	0.078531	-0.654499
0.072500	0.890118	0.078531	-0.706859
0.072500	0.837758	0.078531	-0.759219
0.072500	0.785397	0.078531	-0.811578
0.072500	0.733037	0.078531	-0.863940
0.072500	0.680678	0.078531	-0.916301
0.072500	0.628319	0.078531	-0.968656
0.072500	0.575958	0.078531	-1.021019
0.072500	0.523597	1.000000	-1.047199
Transformovane zatizeni vlastni tihou klenby:
Px	Py	Mp
0.000000	0.227661	0.004444
0.000000	0.227661	0.004844
0.000000	0.227661	0.005231
0.000000	0.227661	0.005603
0.000000	0.227661	0.005961
0.000000	0.227661	0.006301
0.000000	0.227661	0.006625
0.000000	0.227661	0.006930
0.000000	0.227661	0.007216
0.000000	0.227661	0.007483
0.000000	0.227661	0.007729
0.000000	0.227661	0.007954
0.000000	0.227661	0.008157
0.000000	0.227661	0.008338
0.000000	0.227661	0.008496
0.000000	0.227661	0.008630
0.000000	0.227662	0.008741
0.000000	0.227661	0.008828
0.000000	0.227661	0.008891
0.000000	0.227661	0.008929
0.000000	0.227661	0.008943
0.000000	0.227661	0.008933
0.000000	0.227661	0.008897
0.000000	0.227662	0.008838
0.000000	0.227661	0.008754
0.000000	0.227661	0.008647
0.000000	0.227661	0.008515
0.000000	0.227661	0.008360
0.000000	0.227661	0.008183
0.000000	0.227661	0.007983
0.000000	0.227661	0.007761
0.000000	0.227661	0.007518
0.000000	0.227661	0.007254
0.000000	0.227661	0.006970
0.000000	0.227661	0.006667
0.000000	0.227661	0.006346
0.000000	0.227661	0.006008
0.000000	0.227661	0.005653
0.000000	0.227662	0.005282
0.000000	0.227661	0.004897
0.000000	0.000000	0.000000
Transformovane zatizeni nadnasypem:
Px	Py	Mp
0.000000	0.000000	0.000000
0.000000	0.000000	0.000000
0.000000	0.000000	0.000000
0.000000	0.000000	0.000000
0.000000	0.000000	0.000000
0.000000	0.000000	0.000000
0.000000	0.000000	0.000000
0.000000	0.000000	0.000000
0.000000	0.000000	0.000000
0.000000	0.000000	0.000000
0.000000	0.000000	0.000000
0.000000	0.000000	0.000000
0.000000	0.000000	0.000000
0.000000	0.000000	0.000000
0.000000	0.000000	0.000000
0.000000	0.000000	0.000000
0.000000	0.000000	0.000000
0.000000	0.000000	0.000000
0.000000	0.000000	0.000000
0.000000	0.000000	0.000000
0.000000	0.000000	0.000000
0.000000	0.000000	0.000000
0.000000	0.000000	0.000000
0.000000	0.000000	0.000000
0.000000	0.000000	0.000000
0.000000	0.000000	0.000000
0.000000	0.000000	0.000000
0.000000	0.000000	0.000000
0.000000	0.000000	0.000000
0.000000	0.000000	0.000000
0.000000	0.000000	0.000000
0.000000	0.000000	0.000000
0.000000	0.000000	0.000000
0.000000	0.000000	0.000000
0.000000	0.000000	0.000000
0.000000	0.000000	0.000000
0.000000	0.000000	0.000000
0.000000	0.000000	0.000000
0.000000	0.000000	0.000000
0.000000	0.000000	0.000000
0.000000	0.000000	0.000000
Transformovane zatizeni vnejsich sil:
Qx	Qy	Mq
0.000000	0.000000	0.000000
0.000000	0.000000	0.000000
0.000000	0.000000	0.000000
0.000000	0.000000	0.000000
0.000000	0.000000	0.000000
0.000000	0.000000	0.000000
0.000000	0.000000	0.000000
0.000000	0.000000	0.000000
0.000000	0.000000	0.000000
0.000000	0.000000	0.000000
0.000000	0.000000	0.000000
0.000000	0.000000	0.000000
0.000000	0.000000	0.000000
0.000000	0.000000	0.000000
0.000000	1.000000	0.027275
0.000000	0.000000	0.000000
0.000000	0.000000	0.000000
0.000000	0.000000	0.000000
0.000000	0.000000	0.000000
0.000000	0.000000	0.000000
0.000000	0.000000	0.000000
0.000000	0.000000	0.000000
0.000000	0.000000	0.000000
0.000000	0.000000	0.000000
0.000000	0.000000	0.000000
0.000000	0.000000	0.000000
0.000000	0.000000	0.000000
0.000000	0.000000	0.000000
0.000000	0.000000	0.000000
0.000000	0.000000	0.000000
0.000000	0.000000	0.000000
0.000000	0.000000	0.000000
0.000000	0.000000	0.000000
0.000000	0.000000	0.000000
0.000000	0.000000	0.000000
0.000000	0.000000	0.000000
0.000000	0.000000	0.000000
0.000000	0.000000	0.000000
0.000000	0.000000	0.000000
0.000000	0.000000	0.000000
0.000000	0.000000	0.000000

*** vysledky vypoctu ***
 icase = 0
         0 -> O.K.,
        -1 -> nelze splnit omezujici podminky,
        +1 -> cilova funkce je na polyedru neomezena.
 lambda = 4.681918
 pocet bloku N = 40
 Vektor lokalnich deformaci:
   9: fi 04 int = 1.601044
  32: fi 15 ext = 5.230893
  57: fi 28 int = 6.878700
  82: fi 40 ext = 3.248857
 Vektor indexu spary mezi bloky:
0		1		2		3		4		5		6		7		8		9		10		11		12		13		14		15		16		17		18		19		20		21		22		23		24		25		26		27		28		29		30		31		32		33		34		35		36		37		38		39		40		
 Vektor normalovych sil ve sparach (+ znaci tlak):
10.229975	10.105911	9.967052	9.814869	9.650837	9.476326	9.292601	9.101220	8.903399	8.700411	8.493414	8.284012	8.073144	7.861739	7.651148	6.230404	6.262350	6.300700	6.345283	6.395898	6.452966	6.515970	6.585154	6.659986	6.740068	6.824846	6.913881	7.006923	7.102847	7.201022	7.300675	7.401062	7.501192	7.599910	7.696380	7.789407	7.877982	7.960865	8.037025	8.105118	8.163968	
 Vektor vzdalenosti N od hornoho povrchu klenby:
0.117920	0.128882	0.137024	0.142389	0.145000	0.144858	0.141947	0.136236	0.127678	0.116209	0.101762	0.084248	0.063576	0.039647	0.012355	0.000000	0.020777	0.040063	0.057825	0.074034	0.088659	0.101672	0.113032	0.122717	0.130695	0.136938	0.141421	0.144115	0.145000	0.144048	0.141232	0.136520	0.129877	0.121260	0.110620	0.097896	0.083019	0.065901	0.046443	0.024523	0.000000	
 Vektor posouvajicich sil ve sparach:
-1.544875	-1.131338	-0.734713	-0.355329	0.006489	0.350592	0.676877	0.985358	1.276153	1.549443	1.805501	2.044699	2.267478	2.474330	2.665868	-1.679629	-1.573941	-1.468886	-1.363527	-1.256946	-1.148145	-1.036191	-0.920179	-0.799127	-0.672162	-0.538406	-0.397019	-0.247169	-0.088069	0.080916	0.260512	0.451318	0.653861	0.868599	1.096001	1.336307	1.589809	1.856671	2.136944	2.430667	2.737672	
 Vektor e_min:
0.003149	0.003111	0.003069	0.003022	0.002971	0.002917	0.002861	0.002802	0.002741	0.002679	0.002615	0.002550	0.002485	0.002420	0.002356	0.001918	0.001928	0.001940	0.001953	0.001969	0.001987	0.002006	0.002027	0.002050	0.002075	0.002101	0.002129	0.002157	0.002187	0.002217	0.002248	0.002279	0.002309	0.002340	0.002369	0.002398	0.002425	0.002451	0.002474	0.002495	0.002513	

 * Iterace c. 1 * Delta = 0.275587 *
 icase = 0
         0 -> O.K.,
        -1 -> nelze splnit omezujici podminky,
        +1 -> cilova funkce je na polyedru neomezena.
 lambda = 4.406331
 pocet bloku N = 40
 Vektor lokalnich deformaci:
   9: fi 04 int = 1.595422
  32: fi 15 ext = 5.134138
  57: fi 28 int = 6.685716
  82: fi 40 ext = 3.146999
 Vektor indexu spary mezi bloky:
0		1		2		3		4		5		6		7		8		9		10		11		12		13		14		15		16		17		18		19		20		21		22		23		24		25		26		27		28		29		30		31		32		33		34		35		36		37		38		39		40		
 Vektor normalovych sil ve sparach (+ znaci tlak):
9.964180	9.838620	9.699135	9.547028	9.383735	9.210670	9.029268	8.840644	8.646497	8.448092	8.246099	8.042304	7.837978	7.633549	7.430717	6.089583	6.116551	6.149945	6.189759	6.236810	6.290216	6.350291	6.416674	6.489620	6.567842	6.651526	6.739936	6.832619	6.928786	7.027725	7.128618	7.230518	7.332803	7.434073	7.533594	7.630261	7.722707	7.809926	7.890860	7.964107	8.028492	
 Vektor vzdalenosti N od hornoho povrchu klenby:
0.114590	0.125596	0.133811	0.139281	0.142029	0.142060	0.139361	0.133904	0.125648	0.114536	0.100509	0.083486	0.063390	0.040133	0.013627	0.001918	0.021856	0.040402	0.057527	0.073199	0.087377	0.100026	0.111109	0.120588	0.128432	0.134606	0.139081	0.141825	0.142813	0.142012	0.139395	0.134926	0.128566	0.120277	0.110006	0.097692	0.083267	0.066644	0.047727	0.026396	0.002513	
 Vektor posouvajicich sil ve sparach:
-1.510552	-1.110995	-0.728360	-0.363036	-0.015204	0.314932	0.627359	0.922122	1.199383	1.459339	1.702325	1.928708	2.138998	2.333735	2.513517	-1.577116	-1.478948	-1.381658	-1.284321	-1.185957	-1.085598	-0.982250	-0.874952	-0.762786	-0.644795	-0.520072	-0.387778	-0.247033	-0.097080	0.062830	0.233388	0.415195	0.608903	0.814888	1.033669	1.265538	1.510815	1.769635	2.042166	2.328339	2.628137	
 Vektor e_min:
0.003068	0.003029	0.002986	0.002939	0.002889	0.002836	0.002780	0.002722	0.002662	0.002601	0.002539	0.002476	0.002413	0.002350	0.002288	0.001875	0.001883	0.001893	0.001906	0.001920	0.001937	0.001955	0.001975	0.001998	0.002022	0.002048	0.002075	0.002104	0.002133	0.002164	0.002195	0.002226	0.002258	0.002289	0.002319	0.002349	0.002378	0.002404	0.002429	0.002452	0.002472	

 * Iterace c. 2 * Delta = -0.006165 *
 icase = 0
         0 -> O.K.,
        -1 -> nelze splnit omezujici podminky,
        +1 -> cilova funkce je na polyedru neomezena.
 lambda = 4.412496
 pocet bloku N = 40
 Vektor lokalnich deformaci:
   9: fi 04 int = 1.595558
  32: fi 15 ext = 5.136334
  57: fi 28 int = 6.690089
  82: fi 40 ext = 3.149315
 Vektor indexu spary mezi bloky:
0		1		2		3		4		5		6		7		8		9		10		11		12		13		14		15		16		17		18		19		20		21		22		23		24		25		26		27		28		29		30		31		32		33		34		35		36		37		38		39		40		
 Vektor normalovych sil ve sparach (+ znaci tlak):
9.970033	9.844545	9.704992	9.552889	9.389578	9.216568	9.035014	8.846515	8.652122	8.453405	8.251440	8.047556	7.842867	7.638619	7.435524	6.092571	6.119576	6.152801	6.193174	6.240108	6.293822	6.353848	6.420439	6.493003	6.571429	6.655234	6.743562	6.836435	6.932395	7.031410	7.132411	7.234390	7.336383	7.437669	7.537202	7.633637	7.726072	7.813234	7.893972	7.967107	8.031396	
 Vektor vzdalenosti N od hornoho povrchu klenby:
0.114685	0.125688	0.133901	0.139367	0.142111	0.142136	0.139431	0.133968	0.125705	0.114584	0.100544	0.083509	0.063397	0.040125	0.013600	0.001875	0.021833	0.040393	0.057534	0.073217	0.087407	0.100063	0.111157	0.120639	0.128487	0.134662	0.139138	0.141881	0.142867	0.142065	0.139440	0.134966	0.128604	0.120307	0.110028	0.097706	0.083272	0.066639	0.047711	0.026368	0.002472	
 Vektor posouvajicich sil ve sparach:
-1.511144	-1.111258	-0.728328	-0.362682	-0.014558	0.315909	0.628636	0.923706	1.201235	1.461479	1.704745	1.931405	2.141978	2.336955	2.517013	-1.579337	-1.481013	-1.383560	-1.286058	-1.187524	-1.086973	-0.983450	-0.875971	-0.763609	-0.645427	-0.520522	-0.388028	-0.247095	-0.096941	0.063150	0.233913	0.415931	0.609779	0.815970	1.034914	1.267009	1.512442	1.771444	2.044118	2.330474	2.630410	
 Vektor e_min:
0.003069	0.003031	0.002988	0.002941	0.002891	0.002837	0.002782	0.002724	0.002664	0.002603	0.002540	0.002478	0.002415	0.002352	0.002289	0.001876	0.001884	0.001894	0.001907	0.001921	0.001938	0.001956	0.001977	0.001999	0.002023	0.002049	0.002076	0.002105	0.002134	0.002165	0.002196	0.002227	0.002259	0.002290	0.002320	0.002350	0.002379	0.002405	0.002430	0.002453	0.002473	
