Vstupni soubor: zlamal5_2.in
***kopie vstupniho souboru***

 2.472500
 0.713750
 1
 0.145000
 20.000000
 0.600000
 40
 1
 0.4 1.000000 0.200000
 0.500000
 0.000000
 0 30.000000
 0 0.600000 0.400000 2.400000
 1
 4 2000.000000 inter3.txt
*****************************
Ortoganalni souradnice intrados a extrados:
X_int	Y_int	X_ext	Y_ext
0.000000	0.000000	-0.125574	0.072500
0.039049	0.063722	-0.082558	0.142695
0.081379	0.125313	-0.035928	0.210542
0.126875	0.184605	0.014189	0.275856
0.175412	0.241434	0.067656	0.338458
0.226856	0.295645	0.124325	0.398175
0.281067	0.347089	0.184043	0.454845
0.337896	0.395626	0.246644	0.508312
0.397187	0.441122	0.311958	0.558429
0.458778	0.483452	0.379806	0.605059
0.522501	0.522501	0.450001	0.648075
0.588179	0.558162	0.522350	0.687358
0.655634	0.590336	0.596657	0.722800
0.724680	0.618936	0.672717	0.754305
0.795129	0.643883	0.750321	0.781786
0.866786	0.665109	0.829257	0.805168
0.939456	0.682556	0.909309	0.824387
1.012940	0.696175	0.990257	0.839390
1.087036	0.705930	1.071879	0.850136
1.161541	0.711794	1.153952	0.856595
1.236250	0.713750	1.236250	0.858750
1.310960	0.711794	1.318548	0.856595
1.385464	0.705930	1.400621	0.850136
1.459560	0.696175	1.482243	0.839390
1.533044	0.682556	1.563191	0.824387
1.605714	0.665109	1.643243	0.805168
1.677372	0.643883	1.722179	0.781786
1.747820	0.618936	1.799783	0.754305
1.816866	0.590336	1.875843	0.722800
1.884321	0.558162	1.950150	0.687358
1.949999	0.522501	2.022500	0.648075
2.013722	0.483452	2.092694	0.605059
2.075313	0.441122	2.160542	0.558429
2.134604	0.395626	2.225856	0.508312
2.191433	0.347089	2.288457	0.454845
2.245644	0.295645	2.348175	0.398175
2.297088	0.241434	2.404845	0.338458
2.345625	0.184605	2.458311	0.275856
2.391121	0.125313	2.508428	0.210542
2.433451	0.063722	2.555058	0.142695
2.472500	0.000000	2.598074	0.072500
Vlastni tiha klenby - jednotlive bloky:
X_p	Y_p	P
-0.043266	0.070339	0.227661
-0.000477	0.136230	0.227661
0.045702	0.199790	0.227661
0.095145	0.260847	0.227661
0.147715	0.319232	0.227661
0.203269	0.374786	0.227661
0.261654	0.427356	0.227661
0.322711	0.476799	0.227661
0.386271	0.522978	0.227661
0.452161	0.565768	0.227661
0.520200	0.605050	0.227661
0.590202	0.640718	0.227661
0.661975	0.672673	0.227661
0.735322	0.700828	0.227661
0.810042	0.725106	0.227661
0.885929	0.745440	0.227661
0.962778	0.761775	0.227662
1.040376	0.774065	0.227661
1.118510	0.782278	0.227661
1.196967	0.786389	0.227661
1.275532	0.786389	0.227661
1.353990	0.782278	0.227661
1.432125	0.774065	0.227661
1.509722	0.761775	0.227662
1.586570	0.745440	0.227661
1.662459	0.725106	0.227661
1.737178	0.700828	0.227661
1.810525	0.672673	0.227661
1.882298	0.640718	0.227661
1.952299	0.605050	0.227661
2.020339	0.565768	0.227661
2.086229	0.522978	0.227661
2.149790	0.476799	0.227661
2.210846	0.427356	0.227661
2.269231	0.374786	0.227661
2.324785	0.319232	0.227661
2.377355	0.260846	0.227661
2.426798	0.199790	0.227661
2.472977	0.136230	0.227662
2.515766	0.070339	0.227661
Tiha nadnasypu pusobici na bloky:
P	h_ver	X_p	Y_p
0.000000	0.070195	-0.104267	0.107269
0.000000	0.067847	-0.059466	0.176294
0.000000	0.065314	-0.011114	0.242881
0.000000	0.062602	0.040657	0.306846
0.000000	0.059718	0.095706	0.368017
0.000000	0.056670	0.153882	0.426223
0.000000	0.053467	0.215026	0.481307
0.000000	0.050117	0.278971	0.533117
0.000000	0.046630	0.345543	0.581511
0.000000	0.043015	0.414559	0.626357
0.000000	0.039283	0.485833	0.667530
0.000000	0.035442	0.559168	0.704919
0.000000	0.031505	0.634365	0.738419
0.000000	0.027481	0.711218	0.767939
0.000000	0.023382	0.789517	0.793397
0.000000	0.019219	0.869048	0.814721
0.000000	0.015003	0.949591	0.831853
0.000000	0.010746	1.030926	0.844744
0.000000	0.006459	1.112828	0.853358
0.000000	0.002155	1.195071	0.857672
0.000000	-0.002155	1.277429	0.857672
0.000000	-0.006459	1.359672	0.853358
0.000000	-0.010746	1.441574	0.844744
0.000000	-0.015003	1.522909	0.831853
0.000000	-0.019219	1.603452	0.814721
0.000000	-0.023382	1.682983	0.793397
0.000000	-0.027481	1.761282	0.767939
0.000000	-0.031505	1.838135	0.738420
0.000000	-0.035442	1.913332	0.704919
0.000000	-0.039283	1.986668	0.667530
0.000000	-0.043016	2.057940	0.626357
0.000000	-0.046630	2.126957	0.581511
0.000000	-0.050117	2.193529	0.533117
0.000000	-0.053467	2.257474	0.481307
0.000000	-0.056670	2.318619	0.426223
0.000000	-0.059718	2.376793	0.368017
0.000000	-0.062602	2.431843	0.306846
0.000000	-0.065314	2.483614	0.242880
0.000000	-0.067848	2.531968	0.176292
0.000000	-0.070195	2.576767	0.107270
Vnejsi zatizeni pusobici na bloky:
X_q	Y_q	Q
-0.125574	0.072500	0.000000
-0.082558	0.142695	0.000000
-0.035928	0.210542	0.000000
0.014189	0.275856	0.000000
0.067656	0.338458	0.000000
0.124325	0.398175	0.000000
0.184043	0.454845	0.000000
0.246644	0.508312	0.000000
0.311958	0.558429	0.000000
0.400000	0.754579	1.000000
0.450001	0.648075	0.000000
0.522350	0.687358	0.000000
0.596657	0.722800	0.000000
0.672717	0.754305	0.000000
0.750321	0.781786	0.000000
0.829257	0.805168	0.000000
0.909309	0.824387	0.000000
0.990257	0.839390	0.000000
1.071879	0.850136	0.000000
1.153952	0.856595	0.000000
1.236250	0.858750	0.000000
1.318548	0.856595	0.000000
1.400621	0.850136	0.000000
1.482243	0.839390	0.000000
1.563191	0.824387	0.000000
1.643243	0.805168	0.000000
1.722179	0.781786	0.000000
1.799783	0.754305	0.000000
1.875843	0.722800	0.000000
1.950150	0.687358	0.000000
2.022500	0.648075	0.000000
2.092694	0.605059	0.000000
2.160542	0.558429	0.000000
2.225856	0.508312	0.000000
2.288457	0.454845	0.000000
2.348175	0.398175	0.000000
2.404845	0.338458	0.000000
2.458311	0.275856	0.000000
2.508428	0.210542	0.000000
2.555058	0.142695	0.000000
Ortogonalni lokalni souradnice jednotlivych bloku:
a	alfa	b	beta
0.072500	2.617995	0.078531	1.021018
0.072500	2.565635	0.078531	0.968659
0.072500	2.513275	0.078531	0.916299
0.072500	2.460915	0.078531	0.863939
0.072500	2.408555	0.078531	0.811579
0.072500	2.356195	0.078531	0.759219
0.072500	2.303835	0.078531	0.706859
0.072500	2.251475	0.078531	0.654500
0.072500	2.199115	0.078531	0.602139
0.072500	2.146756	0.078531	0.549778
0.072500	2.094395	0.078531	0.497420
0.072500	2.042036	0.078531	0.445059
0.072500	1.989676	0.078531	0.392700
0.072500	1.937316	0.078531	0.340338
0.072500	1.884957	0.078531	0.287981
0.072500	1.832596	0.078531	0.235619
0.072500	1.780236	0.078531	0.183260
0.072500	1.727876	0.078531	0.130899
0.072500	1.675516	0.078531	0.078541
0.072500	1.623156	0.078531	0.026179
0.072500	1.570796	0.078531	-0.026179
0.072500	1.518436	0.078531	-0.078540
0.072500	1.466077	0.078531	-0.130900
0.072500	1.413716	0.078531	-0.183260
0.072500	1.361356	0.078531	-0.235619
0.072500	1.308997	0.078531	-0.287979
0.072500	1.256637	0.078531	-0.340341
0.072500	1.204276	0.078531	-0.392699
0.072500	1.151917	0.078531	-0.445058
0.072500	1.099557	0.078531	-0.497421
0.072500	1.047197	0.078531	-0.549780
0.072500	0.994838	0.078531	-0.602137
0.072500	0.942477	0.078531	-0.654499
0.072500	0.890118	0.078531	-0.706859
0.072500	0.837758	0.078531	-0.759219
0.072500	0.785397	0.078531	-0.811578
0.072500	0.733037	0.078531	-0.863940
0.072500	0.680678	0.078531	-0.916301
0.072500	0.628319	0.078531	-0.968656
0.072500	0.575958	0.078531	-1.021019
0.072500	0.523597	1.000000	-1.047199
Transformovane zatizeni vlastni tihou klenby:
Px	Py	Mp
0.000000	0.227661	0.004444
0.000000	0.227661	0.004844
0.000000	0.227661	0.005231
0.000000	0.227661	0.005603
0.000000	0.227661	0.005961
0.000000	0.227661	0.006301
0.000000	0.227661	0.006625
0.000000	0.227661	0.006930
0.000000	0.227661	0.007216
0.000000	0.227661	0.007483
0.000000	0.227661	0.007729
0.000000	0.227661	0.007954
0.000000	0.227661	0.008157
0.000000	0.227661	0.008338
0.000000	0.227661	0.008496
0.000000	0.227661	0.008630
0.000000	0.227662	0.008741
0.000000	0.227661	0.008828
0.000000	0.227661	0.008891
0.000000	0.227661	0.008929
0.000000	0.227661	0.008943
0.000000	0.227661	0.008933
0.000000	0.227661	0.008897
0.000000	0.227662	0.008838
0.000000	0.227661	0.008754
0.000000	0.227661	0.008647
0.000000	0.227661	0.008515
0.000000	0.227661	0.008360
0.000000	0.227661	0.008183
0.000000	0.227661	0.007983
0.000000	0.227661	0.007761
0.000000	0.227661	0.007518
0.000000	0.227661	0.007254
0.000000	0.227661	0.006970
0.000000	0.227661	0.006667
0.000000	0.227661	0.006346
0.000000	0.227661	0.006008
0.000000	0.227661	0.005653
0.000000	0.227662	0.005282
0.000000	0.227661	0.004897
0.000000	0.000000	0.000000
Transformovane zatizeni nadnasypem:
Px	Py	Mp
0.000000	0.000000	0.000000
0.000000	0.000000	0.000000
0.000000	0.000000	0.000000
0.000000	0.000000	0.000000
0.000000	0.000000	0.000000
0.000000	0.000000	0.000000
0.000000	0.000000	0.000000
0.000000	0.000000	0.000000
0.000000	0.000000	0.000000
0.000000	0.000000	0.000000
0.000000	0.000000	0.000000
0.000000	0.000000	0.000000
0.000000	0.000000	0.000000
0.000000	0.000000	0.000000
0.000000	0.000000	0.000000
0.000000	0.000000	0.000000
0.000000	0.000000	0.000000
0.000000	0.000000	0.000000
0.000000	0.000000	0.000000
0.000000	0.000000	0.000000
0.000000	0.000000	0.000000
0.000000	0.000000	0.000000
0.000000	0.000000	0.000000
0.000000	0.000000	0.000000
0.000000	0.000000	0.000000
0.000000	0.000000	0.000000
0.000000	0.000000	0.000000
0.000000	0.000000	0.000000
0.000000	0.000000	0.000000
0.000000	0.000000	0.000000
0.000000	0.000000	0.000000
0.000000	0.000000	0.000000
0.000000	0.000000	0.000000
0.000000	0.000000	0.000000
0.000000	0.000000	0.000000
0.000000	0.000000	0.000000
0.000000	0.000000	0.000000
0.000000	0.000000	0.000000
0.000000	0.000000	0.000000
0.000000	0.000000	0.000000
0.000000	0.000000	0.000000
Transformovane zatizeni vnejsich sil:
Qx	Qy	Mq
0.000000	0.000000	0.000000
0.000000	0.000000	0.000000
0.000000	0.000000	0.000000
0.000000	0.000000	0.000000
0.000000	0.000000	0.000000
0.000000	0.000000	0.000000
0.000000	0.000000	0.000000
0.000000	0.000000	0.000000
0.000000	0.000000	0.000000
0.000000	1.000000	-0.019292
0.000000	0.000000	0.000000
0.000000	0.000000	0.000000
0.000000	0.000000	0.000000
0.000000	0.000000	0.000000
0.000000	0.000000	0.000000
0.000000	0.000000	0.000000
0.000000	0.000000	0.000000
0.000000	0.000000	0.000000
0.000000	0.000000	0.000000
0.000000	0.000000	0.000000
0.000000	0.000000	0.000000
0.000000	0.000000	0.000000
0.000000	0.000000	0.000000
0.000000	0.000000	0.000000
0.000000	0.000000	0.000000
0.000000	0.000000	0.000000
0.000000	0.000000	0.000000
0.000000	0.000000	0.000000
0.000000	0.000000	0.000000
0.000000	0.000000	0.000000
0.000000	0.000000	0.000000
0.000000	0.000000	0.000000
0.000000	0.000000	0.000000
0.000000	0.000000	0.000000
0.000000	0.000000	0.000000
0.000000	0.000000	0.000000
0.000000	0.000000	0.000000
0.000000	0.000000	0.000000
0.000000	0.000000	0.000000
0.000000	0.000000	0.000000
0.000000	0.000000	0.000000

*** vysledky vypoctu ***
 icase = 0
         0 -> O.K.,
        -1 -> nelze splnit omezujici podminky,
        +1 -> cilova funkce je na polyedru neomezena.
 lambda = 5.897029
 pocet bloku N = 40
 Vektor lokalnich deformaci:
   1: fi 00 int = 2.500005
  22: fi 10 ext = 5.560503
  53: fi 26 int = 5.918508
  82: fi 40 ext = 2.858009
 Vektor indexu spary mezi bloky:
0		1		2		3		4		5		6		7		8		9		10		11		12		13		14		15		16		17		18		19		20		21		22		23		24		25		26		27		28		29		30		31		32		33		34		35		36		37		38		39		40		
 Vektor normalovych sil ve sparach (+ znaci tlak):
11.341004	11.124666	10.890758	10.640995	10.377098	10.100725	9.813459	9.517105	9.213162	8.903205	5.640176	5.594280	5.554306	5.520723	5.494396	5.475550	5.464712	5.462382	5.468587	5.483278	5.506919	5.539095	5.580113	5.629526	5.687027	5.752111	5.824431	5.903686	5.988897	6.079367	6.174409	6.273265	6.374955	6.478308	6.582505	6.686311	6.788700	6.888371	6.984250	7.074949	7.159231	
 Vektor vzdalenosti N od hornoho povrchu klenby:
0.145000	0.143421	0.138584	0.130405	0.118767	0.103522	0.084492	0.061461	0.034180	0.002358	0.000000	0.016223	0.031479	0.045806	0.059227	0.071754	0.083386	0.094114	0.103921	0.112779	0.120653	0.127514	0.133309	0.138002	0.141546	0.143895	0.145000	0.144812	0.143289	0.140381	0.136041	0.130215	0.122850	0.113889	0.103267	0.090916	0.076754	0.060691	0.042626	0.022441	0.000000	
 Vektor posouvajicich sil ve sparach:
0.188951	0.658263	1.105752	1.530956	1.933422	2.312898	2.669170	3.002183	3.311978	3.598692	-1.244421	-1.150371	-1.063987	-0.984389	-0.910629	-0.841721	-0.776693	-0.714474	-0.654027	-0.594299	-0.534166	-0.472567	-0.408450	-0.340697	-0.268293	-0.190201	-0.105431	-0.012998	0.088041	0.198487	0.319218	0.450999	0.594517	0.750397	0.919260	1.101512	1.297604	1.507857	1.732479	1.971656	2.225376	
 Vektor e_min:
0.003492	0.003425	0.003353	0.003276	0.003195	0.003110	0.003021	0.002930	0.002836	0.002741	0.001736	0.001722	0.001710	0.001700	0.001691	0.001686	0.001682	0.001682	0.001684	0.001688	0.001695	0.001705	0.001718	0.001733	0.001751	0.001771	0.001793	0.001817	0.001844	0.001872	0.001901	0.001931	0.001963	0.001994	0.002027	0.002058	0.002090	0.002121	0.002150	0.002178	0.002204	

 * Iterace c. 1 * Delta = 0.256618 *
 icase = 0
         0 -> O.K.,
        -1 -> nelze splnit omezujici podminky,
        +1 -> cilova funkce je na polyedru neomezena.
 lambda = 5.640411
 pocet bloku N = 40
 Vektor lokalnich deformaci:
   1: fi 00 int = 2.481246
  22: fi 10 ext = 5.488099
  53: fi 26 int = 5.798477
  82: fi 40 ext = 2.791624
 Vektor indexu spary mezi bloky:
0		1		2		3		4		5		6		7		8		9		10		11		12		13		14		15		16		17		18		19		20		21		22		23		24		25		26		27		28		29		30		31		32		33		34		35		36		37		38		39		40		
 Vektor normalovych sil ve sparach (+ znaci tlak):
11.097041	10.884045	10.654168	10.409096	10.150407	9.880025	9.599242	9.309864	9.013700	8.711848	5.585968	5.537488	5.495050	5.459339	5.430964	5.410176	5.397858	5.393751	5.398255	5.412172	5.434865	5.466169	5.506463	5.555407	5.612936	5.678106	5.750826	5.830317	5.916028	6.007564	6.103654	6.203912	6.306812	6.411813	6.517796	6.623651	6.728235	6.830121	6.928448	7.021774	7.108827	
 Vektor vzdalenosti N od hornoho povrchu klenby:
0.141508	0.140265	0.135790	0.128004	0.116797	0.102028	0.083525	0.061087	0.034478	0.003417	0.001736	0.017412	0.032160	0.046020	0.059014	0.071158	0.082455	0.092893	0.102458	0.111121	0.118844	0.125607	0.131348	0.136026	0.139592	0.142004	0.143207	0.143151	0.141790	0.139068	0.134944	0.129353	0.122251	0.113571	0.103251	0.091219	0.077397	0.061694	0.044008	0.024223	0.002204	
 Vektor posouvajicich sil ve sparach:
0.131405	0.588013	1.023004	1.435929	1.826408	2.194169	2.539034	2.861040	3.160177	3.436650	-1.194006	-1.102868	-1.019527	-0.943085	-0.872589	-0.807074	-0.745504	-0.686839	-0.630030	-0.573991	-0.517614	-0.459825	-0.399522	-0.335641	-0.267098	-0.192886	-0.111972	-0.023370	0.073802	0.180481	0.297491	0.425586	0.565506	0.717873	0.883273	1.062199	1.255083	1.462183	1.683836	1.920146	2.171195	
 Vektor e_min:
0.003416	0.003351	0.003280	0.003205	0.003125	0.003042	0.002955	0.002866	0.002775	0.002682	0.001720	0.001705	0.001692	0.001681	0.001672	0.001666	0.001662	0.001660	0.001662	0.001666	0.001673	0.001683	0.001695	0.001710	0.001728	0.001748	0.001770	0.001795	0.001821	0.001849	0.001879	0.001910	0.001942	0.001974	0.002007	0.002039	0.002071	0.002103	0.002133	0.002162	0.002189	

 * Iterace c. 2 * Delta = -0.003727 *
 icase = 0
         0 -> O.K.,
        -1 -> nelze splnit omezujici podminky,
        +1 -> cilova funkce je na polyedru neomezena.
 lambda = 5.644138
 pocet bloku N = 40
 Vektor lokalnich deformaci:
   1: fi 00 int = 2.481648
  22: fi 10 ext = 5.489303
  53: fi 26 int = 5.800288
  82: fi 40 ext = 2.792632
 Vektor indexu spary mezi bloky:
0		1		2		3		4		5		6		7		8		9		10		11		12		13		14		15		16		17		18		19		20		21		22		23		24		25		26		27		28		29		30		31		32		33		34		35		36		37		38		39		40		
 Vektor normalovych sil ve sparach (+ znaci tlak):
11.100460	10.887404	10.657462	10.412288	10.153602	9.883066	9.602093	9.312745	9.016222	8.714430	5.586617	5.538190	5.495667	5.459953	5.431483	5.410908	5.398463	5.394404	5.399248	5.412811	5.435524	5.466896	5.507345	5.556420	5.613470	5.678745	5.751598	5.831270	5.916942	6.008245	6.104378	6.204479	6.307572	6.412532	6.518554	6.624335	6.728828	6.830805	6.929086	7.022327	7.109370	
 Vektor vzdalenosti N od hornoho povrchu klenby:
0.141584	0.140334	0.135852	0.128059	0.116843	0.102065	0.083553	0.061105	0.034481	0.003410	0.001720	0.017402	0.032156	0.046020	0.059017	0.071167	0.082467	0.092908	0.102478	0.111143	0.118873	0.125633	0.131372	0.136051	0.139620	0.142030	0.143230	0.143173	0.141813	0.139092	0.134962	0.129371	0.122264	0.113582	0.103259	0.091224	0.077398	0.061691	0.044001	0.024211	0.002188	
 Vektor posouvajicich sil ve sparach:
0.132525	0.589312	1.024478	1.437574	1.828215	2.196111	2.541164	2.863294	3.162601	3.439183	-1.194568	-1.103401	-1.020005	-0.943518	-0.873011	-0.807454	-0.745843	-0.687158	-0.630309	-0.574214	-0.517809	-0.459982	-0.399640	-0.335708	-0.267130	-0.192890	-0.111924	-0.023301	0.073928	0.180652	0.297696	0.425831	0.565784	0.718195	0.883625	1.062609	1.255487	1.462645	1.684325	1.920668	2.171728	
 Vektor e_min:
0.003418	0.003352	0.003281	0.003206	0.003126	0.003043	0.002956	0.002867	0.002776	0.002683	0.001720	0.001705	0.001692	0.001681	0.001672	0.001666	0.001662	0.001661	0.001662	0.001666	0.001673	0.001683	0.001695	0.001711	0.001728	0.001748	0.001771	0.001795	0.001822	0.001850	0.001879	0.001910	0.001942	0.001974	0.002007	0.002039	0.002072	0.002103	0.002133	0.002162	0.002189	
