Vstupni soubor: zlamal5_3.in
***kopie vstupniho souboru***

 2.472500
 0.713750
 1
 0.145000
 20.000000
 0.600000
 40
 1
 0.6 1.000000 0.200000
 0.500000
 0.000000
 0 30.000000
 0 0.600000 0.400000 2.400000
 1
 4 2000.000000 inter3.txt
*****************************
Ortoganalni souradnice intrados a extrados:
X_int	Y_int	X_ext	Y_ext
0.000000	0.000000	-0.125574	0.072500
0.039049	0.063722	-0.082558	0.142695
0.081379	0.125313	-0.035928	0.210542
0.126875	0.184605	0.014189	0.275856
0.175412	0.241434	0.067656	0.338458
0.226856	0.295645	0.124325	0.398175
0.281067	0.347089	0.184043	0.454845
0.337896	0.395626	0.246644	0.508312
0.397187	0.441122	0.311958	0.558429
0.458778	0.483452	0.379806	0.605059
0.522501	0.522501	0.450001	0.648075
0.588179	0.558162	0.522350	0.687358
0.655634	0.590336	0.596657	0.722800
0.724680	0.618936	0.672717	0.754305
0.795129	0.643883	0.750321	0.781786
0.866786	0.665109	0.829257	0.805168
0.939456	0.682556	0.909309	0.824387
1.012940	0.696175	0.990257	0.839390
1.087036	0.705930	1.071879	0.850136
1.161541	0.711794	1.153952	0.856595
1.236250	0.713750	1.236250	0.858750
1.310960	0.711794	1.318548	0.856595
1.385464	0.705930	1.400621	0.850136
1.459560	0.696175	1.482243	0.839390
1.533044	0.682556	1.563191	0.824387
1.605714	0.665109	1.643243	0.805168
1.677372	0.643883	1.722179	0.781786
1.747820	0.618936	1.799783	0.754305
1.816866	0.590336	1.875843	0.722800
1.884321	0.558162	1.950150	0.687358
1.949999	0.522501	2.022500	0.648075
2.013722	0.483452	2.092694	0.605059
2.075313	0.441122	2.160542	0.558429
2.134604	0.395626	2.225856	0.508312
2.191433	0.347089	2.288457	0.454845
2.245644	0.295645	2.348175	0.398175
2.297088	0.241434	2.404845	0.338458
2.345625	0.184605	2.458311	0.275856
2.391121	0.125313	2.508428	0.210542
2.433451	0.063722	2.555058	0.142695
2.472500	0.000000	2.598074	0.072500
Vlastni tiha klenby - jednotlive bloky:
X_p	Y_p	P
-0.043266	0.070339	0.227661
-0.000477	0.136230	0.227661
0.045702	0.199790	0.227661
0.095145	0.260847	0.227661
0.147715	0.319232	0.227661
0.203269	0.374786	0.227661
0.261654	0.427356	0.227661
0.322711	0.476799	0.227661
0.386271	0.522978	0.227661
0.452161	0.565768	0.227661
0.520200	0.605050	0.227661
0.590202	0.640718	0.227661
0.661975	0.672673	0.227661
0.735322	0.700828	0.227661
0.810042	0.725106	0.227661
0.885929	0.745440	0.227661
0.962778	0.761775	0.227662
1.040376	0.774065	0.227661
1.118510	0.782278	0.227661
1.196967	0.786389	0.227661
1.275532	0.786389	0.227661
1.353990	0.782278	0.227661
1.432125	0.774065	0.227661
1.509722	0.761775	0.227662
1.586570	0.745440	0.227661
1.662459	0.725106	0.227661
1.737178	0.700828	0.227661
1.810525	0.672673	0.227661
1.882298	0.640718	0.227661
1.952299	0.605050	0.227661
2.020339	0.565768	0.227661
2.086229	0.522978	0.227661
2.149790	0.476799	0.227661
2.210846	0.427356	0.227661
2.269231	0.374786	0.227661
2.324785	0.319232	0.227661
2.377355	0.260846	0.227661
2.426798	0.199790	0.227661
2.472977	0.136230	0.227662
2.515766	0.070339	0.227661
Tiha nadnasypu pusobici na bloky:
P	h_ver	X_p	Y_p
0.000000	0.070195	-0.104267	0.107269
0.000000	0.067847	-0.059466	0.176294
0.000000	0.065314	-0.011114	0.242881
0.000000	0.062602	0.040657	0.306846
0.000000	0.059718	0.095706	0.368017
0.000000	0.056670	0.153882	0.426223
0.000000	0.053467	0.215026	0.481307
0.000000	0.050117	0.278971	0.533117
0.000000	0.046630	0.345543	0.581511
0.000000	0.043015	0.414559	0.626357
0.000000	0.039283	0.485833	0.667530
0.000000	0.035442	0.559168	0.704919
0.000000	0.031505	0.634365	0.738419
0.000000	0.027481	0.711218	0.767939
0.000000	0.023382	0.789517	0.793397
0.000000	0.019219	0.869048	0.814721
0.000000	0.015003	0.949591	0.831853
0.000000	0.010746	1.030926	0.844744
0.000000	0.006459	1.112828	0.853358
0.000000	0.002155	1.195071	0.857672
0.000000	-0.002155	1.277429	0.857672
0.000000	-0.006459	1.359672	0.853358
0.000000	-0.010746	1.441574	0.844744
0.000000	-0.015003	1.522909	0.831853
0.000000	-0.019219	1.603452	0.814721
0.000000	-0.023382	1.682983	0.793397
0.000000	-0.027481	1.761282	0.767939
0.000000	-0.031505	1.838135	0.738420
0.000000	-0.035442	1.913332	0.704919
0.000000	-0.039283	1.986668	0.667530
0.000000	-0.043016	2.057940	0.626357
0.000000	-0.046630	2.126957	0.581511
0.000000	-0.050117	2.193529	0.533117
0.000000	-0.053467	2.257474	0.481307
0.000000	-0.056670	2.318619	0.426223
0.000000	-0.059718	2.376793	0.368017
0.000000	-0.062602	2.431843	0.306846
0.000000	-0.065314	2.483614	0.242880
0.000000	-0.067848	2.531968	0.176292
0.000000	-0.070195	2.576767	0.107270
Vnejsi zatizeni pusobici na bloky:
X_q	Y_q	Q
-0.125574	0.072500	0.000000
-0.082558	0.142695	0.000000
-0.035928	0.210542	0.000000
0.014189	0.275856	0.000000
0.067656	0.338458	0.000000
0.124325	0.398175	0.000000
0.184043	0.454845	0.000000
0.246644	0.508312	0.000000
0.311958	0.558429	0.000000
0.379806	0.605059	0.000000
0.450001	0.648075	0.000000
0.522350	0.687358	0.000000
0.600000	1.439616	1.000000
0.672717	0.754305	0.000000
0.750321	0.781786	0.000000
0.829257	0.805168	0.000000
0.909309	0.824387	0.000000
0.990257	0.839390	0.000000
1.071879	0.850136	0.000000
1.153952	0.856595	0.000000
1.236250	0.858750	0.000000
1.318548	0.856595	0.000000
1.400621	0.850136	0.000000
1.482243	0.839390	0.000000
1.563191	0.824387	0.000000
1.643243	0.805168	0.000000
1.722179	0.781786	0.000000
1.799783	0.754305	0.000000
1.875843	0.722800	0.000000
1.950150	0.687358	0.000000
2.022500	0.648075	0.000000
2.092694	0.605059	0.000000
2.160542	0.558429	0.000000
2.225856	0.508312	0.000000
2.288457	0.454845	0.000000
2.348175	0.398175	0.000000
2.404845	0.338458	0.000000
2.458311	0.275856	0.000000
2.508428	0.210542	0.000000
2.555058	0.142695	0.000000
Ortogonalni lokalni souradnice jednotlivych bloku:
a	alfa	b	beta
0.072500	2.617995	0.078531	1.021018
0.072500	2.565635	0.078531	0.968659
0.072500	2.513275	0.078531	0.916299
0.072500	2.460915	0.078531	0.863939
0.072500	2.408555	0.078531	0.811579
0.072500	2.356195	0.078531	0.759219
0.072500	2.303835	0.078531	0.706859
0.072500	2.251475	0.078531	0.654500
0.072500	2.199115	0.078531	0.602139
0.072500	2.146756	0.078531	0.549778
0.072500	2.094395	0.078531	0.497420
0.072500	2.042036	0.078531	0.445059
0.072500	1.989676	0.078531	0.392700
0.072500	1.937316	0.078531	0.340338
0.072500	1.884957	0.078531	0.287981
0.072500	1.832596	0.078531	0.235619
0.072500	1.780236	0.078531	0.183260
0.072500	1.727876	0.078531	0.130899
0.072500	1.675516	0.078531	0.078541
0.072500	1.623156	0.078531	0.026179
0.072500	1.570796	0.078531	-0.026179
0.072500	1.518436	0.078531	-0.078540
0.072500	1.466077	0.078531	-0.130900
0.072500	1.413716	0.078531	-0.183260
0.072500	1.361356	0.078531	-0.235619
0.072500	1.308997	0.078531	-0.287979
0.072500	1.256637	0.078531	-0.340341
0.072500	1.204276	0.078531	-0.392699
0.072500	1.151917	0.078531	-0.445058
0.072500	1.099557	0.078531	-0.497421
0.072500	1.047197	0.078531	-0.549780
0.072500	0.994838	0.078531	-0.602137
0.072500	0.942477	0.078531	-0.654499
0.072500	0.890118	0.078531	-0.706859
0.072500	0.837758	0.078531	-0.759219
0.072500	0.785397	0.078531	-0.811578
0.072500	0.733037	0.078531	-0.863940
0.072500	0.680678	0.078531	-0.916301
0.072500	0.628319	0.078531	-0.968656
0.072500	0.575958	0.078531	-1.021019
0.072500	0.523597	1.000000	-1.047199
Transformovane zatizeni vlastni tihou klenby:
Px	Py	Mp
0.000000	0.227661	0.004444
0.000000	0.227661	0.004844
0.000000	0.227661	0.005231
0.000000	0.227661	0.005603
0.000000	0.227661	0.005961
0.000000	0.227661	0.006301
0.000000	0.227661	0.006625
0.000000	0.227661	0.006930
0.000000	0.227661	0.007216
0.000000	0.227661	0.007483
0.000000	0.227661	0.007729
0.000000	0.227661	0.007954
0.000000	0.227661	0.008157
0.000000	0.227661	0.008338
0.000000	0.227661	0.008496
0.000000	0.227661	0.008630
0.000000	0.227662	0.008741
0.000000	0.227661	0.008828
0.000000	0.227661	0.008891
0.000000	0.227661	0.008929
0.000000	0.227661	0.008943
0.000000	0.227661	0.008933
0.000000	0.227661	0.008897
0.000000	0.227662	0.008838
0.000000	0.227661	0.008754
0.000000	0.227661	0.008647
0.000000	0.227661	0.008515
0.000000	0.227661	0.008360
0.000000	0.227661	0.008183
0.000000	0.227661	0.007983
0.000000	0.227661	0.007761
0.000000	0.227661	0.007518
0.000000	0.227661	0.007254
0.000000	0.227661	0.006970
0.000000	0.227661	0.006667
0.000000	0.227661	0.006346
0.000000	0.227661	0.006008
0.000000	0.227661	0.005653
0.000000	0.227662	0.005282
0.000000	0.227661	0.004897
0.000000	0.000000	0.000000
Transformovane zatizeni nadnasypem:
Px	Py	Mp
0.000000	0.000000	0.000000
0.000000	0.000000	0.000000
0.000000	0.000000	0.000000
0.000000	0.000000	0.000000
0.000000	0.000000	0.000000
0.000000	0.000000	0.000000
0.000000	0.000000	0.000000
0.000000	0.000000	0.000000
0.000000	0.000000	0.000000
0.000000	0.000000	0.000000
0.000000	0.000000	0.000000
0.000000	0.000000	0.000000
0.000000	0.000000	0.000000
0.000000	0.000000	0.000000
0.000000	0.000000	0.000000
0.000000	0.000000	0.000000
0.000000	0.000000	0.000000
0.000000	0.000000	0.000000
0.000000	0.000000	0.000000
0.000000	0.000000	0.000000
0.000000	0.000000	0.000000
0.000000	0.000000	0.000000
0.000000	0.000000	0.000000
0.000000	0.000000	0.000000
0.000000	0.000000	0.000000
0.000000	0.000000	0.000000
0.000000	0.000000	0.000000
0.000000	0.000000	0.000000
0.000000	0.000000	0.000000
0.000000	0.000000	0.000000
0.000000	0.000000	0.000000
0.000000	0.000000	0.000000
0.000000	0.000000	0.000000
0.000000	0.000000	0.000000
0.000000	0.000000	0.000000
0.000000	0.000000	0.000000
0.000000	0.000000	0.000000
0.000000	0.000000	0.000000
0.000000	0.000000	0.000000
0.000000	0.000000	0.000000
0.000000	0.000000	0.000000
Transformovane zatizeni vnejsich sil:
Qx	Qy	Mq
0.000000	0.000000	0.000000
0.000000	0.000000	0.000000
0.000000	0.000000	0.000000
0.000000	0.000000	0.000000
0.000000	0.000000	0.000000
0.000000	0.000000	0.000000
0.000000	0.000000	0.000000
0.000000	0.000000	0.000000
0.000000	0.000000	0.000000
0.000000	0.000000	0.000000
0.000000	0.000000	0.000000
0.000000	0.000000	0.000000
0.000000	1.000000	-0.026145
0.000000	0.000000	0.000000
0.000000	0.000000	0.000000
0.000000	0.000000	0.000000
0.000000	0.000000	0.000000
0.000000	0.000000	0.000000
0.000000	0.000000	0.000000
0.000000	0.000000	0.000000
0.000000	0.000000	0.000000
0.000000	0.000000	0.000000
0.000000	0.000000	0.000000
0.000000	0.000000	0.000000
0.000000	0.000000	0.000000
0.000000	0.000000	0.000000
0.000000	0.000000	0.000000
0.000000	0.000000	0.000000
0.000000	0.000000	0.000000
0.000000	0.000000	0.000000
0.000000	0.000000	0.000000
0.000000	0.000000	0.000000
0.000000	0.000000	0.000000
0.000000	0.000000	0.000000
0.000000	0.000000	0.000000
0.000000	0.000000	0.000000
0.000000	0.000000	0.000000
0.000000	0.000000	0.000000
0.000000	0.000000	0.000000
0.000000	0.000000	0.000000
0.000000	0.000000	0.000000

*** vysledky vypoctu ***
 icase = 0
         0 -> O.K.,
        -1 -> nelze splnit omezujici podminky,
        +1 -> cilova funkce je na polyedru neomezena.
 lambda = 4.667103
 pocet bloku N = 40
 Vektor lokalnich deformaci:
   5: fi 02 int = 1.959256
  26: fi 12 ext = 4.820224
  55: fi 27 int = 5.547068
  82: fi 40 ext = 2.686100
 Vektor indexu spary mezi bloky:
0		1		2		3		4		5		6		7		8		9		10		11		12		13		14		15		16		17		18		19		20		21		22		23		24		25		26		27		28		29		30		31		32		33		34		35		36		37		38		39		40		
 Vektor normalovych sil ve sparach (+ znaci tlak):
10.259805	10.095973	9.917378	9.725593	9.522193	9.308670	9.086398	8.857048	8.621904	8.382367	8.139734	7.895571	7.651083	5.734650	5.723215	5.718584	5.721311	5.731902	5.750230	5.776256	5.810446	5.852353	5.902279	5.959667	6.024248	6.095486	6.173018	6.256521	6.345025	6.437813	6.534162	6.633412	6.734433	6.836183	6.937768	7.037982	7.135826	7.230005	7.319449	7.402802	7.478833	
 Vektor vzdalenosti N od hornoho povrchu klenby:
0.136810	0.142359	0.145000	0.144726	0.141511	0.135303	0.126037	0.113622	0.097952	0.078900	0.056330	0.030087	0.000000	0.015126	0.031914	0.047656	0.062338	0.075946	0.088449	0.099815	0.110008	0.118990	0.126712	0.133136	0.138220	0.141920	0.144194	0.145000	0.144301	0.142054	0.138220	0.132752	0.125605	0.116728	0.106060	0.093539	0.079086	0.062615	0.044026	0.023200	0.000000	
 Vektor posouvajicich sil ve sparach:
-0.785793	-0.371732	0.023328	0.399076	0.755186	1.091532	1.408021	1.704717	1.981740	2.239338	2.477803	2.697569	2.899122	-1.274089	-1.188737	-1.107471	-1.029357	-0.953362	-0.878481	-0.803707	-0.727952	-0.650200	-0.569445	-0.484611	-0.394733	-0.298818	-0.195928	-0.085128	0.034475	0.163635	0.303170	0.453805	0.616168	0.790832	0.978370	1.179132	1.393524	1.621815	1.864158	2.120697	2.391374	
 Vektor e_min:
0.003159	0.003108	0.003053	0.002994	0.002932	0.002866	0.002797	0.002727	0.002654	0.002581	0.002506	0.002431	0.002355	0.001765	0.001762	0.001761	0.001761	0.001765	0.001770	0.001778	0.001789	0.001802	0.001817	0.001835	0.001855	0.001877	0.001900	0.001926	0.001953	0.001982	0.002012	0.002042	0.002073	0.002105	0.002136	0.002167	0.002197	0.002226	0.002253	0.002279	0.002302	

 * Iterace c. 1 * Delta = 0.253927 *
 icase = 0
         0 -> O.K.,
        -1 -> nelze splnit omezujici podminky,
        +1 -> cilova funkce je na polyedru neomezena.
 lambda = 4.413176
 pocet bloku N = 40
 Vektor lokalnich deformaci:
   5: fi 02 int = 1.940712
  26: fi 12 ext = 4.733562
  55: fi 27 int = 5.397461
  82: fi 40 ext = 2.604612
 Vektor indexu spary mezi bloky:
0		1		2		3		4		5		6		7		8		9		10		11		12		13		14		15		16		17		18		19		20		21		22		23		24		25		26		27		28		29		30		31		32		33		34		35		36		37		38		39		40		
 Vektor normalovych sil ve sparach (+ znaci tlak):
10.016689	9.853930	9.677118	9.487721	9.287466	9.077608	8.859845	8.635290	8.405766	8.172369	7.936621	7.699673	7.462893	5.645824	5.630484	5.622705	5.622360	5.629723	5.645451	5.669200	5.701423	5.741622	5.790174	5.846226	5.909891	5.980787	6.058300	6.141884	6.230789	6.324341	6.421843	6.522306	6.624893	6.728792	6.832576	6.935394	7.036064	7.133365	7.226215	7.313183	7.393053	
 Vektor vzdalenosti N od hornoho povrchu klenby:
0.133255	0.139042	0.141947	0.141968	0.139083	0.133247	0.124397	0.112452	0.097314	0.078868	0.056987	0.031533	0.002356	0.017531	0.033581	0.048652	0.062737	0.075811	0.087851	0.098825	0.108693	0.117412	0.124937	0.131224	0.136229	0.139898	0.142196	0.143074	0.142489	0.140398	0.136757	0.131521	0.124641	0.116059	0.105723	0.093560	0.079499	0.063450	0.045316	0.024978	0.002302	
 Vektor posouvajicich sil ve sparach:
-0.800289	-0.398947	-0.016507	0.346687	0.690442	1.014586	1.319090	1.604044	1.869588	2.116012	2.343666	2.552954	2.744463	-1.201319	-1.120707	-1.044374	-0.971368	-0.900640	-0.831181	-0.761931	-0.691843	-0.619862	-0.544922	-0.466004	-0.382075	-0.292147	-0.195252	-0.090466	0.023117	0.146331	0.279949	0.424719	0.581311	0.750313	0.932270	1.127610	1.336680	1.559814	1.797190	2.048942	2.315054	
 Vektor e_min:
0.003084	0.003034	0.002979	0.002921	0.002859	0.002795	0.002728	0.002659	0.002588	0.002516	0.002443	0.002370	0.002298	0.001738	0.001733	0.001731	0.001731	0.001733	0.001738	0.001745	0.001755	0.001768	0.001783	0.001800	0.001819	0.001841	0.001865	0.001891	0.001918	0.001947	0.001977	0.002008	0.002040	0.002072	0.002104	0.002135	0.002166	0.002196	0.002225	0.002251	0.002276	

 * Iterace c. 2 * Delta = -0.004984 *
 icase = 0
         0 -> O.K.,
        -1 -> nelze splnit omezujici podminky,
        +1 -> cilova funkce je na polyedru neomezena.
 lambda = 4.418160
 pocet bloku N = 40
 Vektor lokalnich deformaci:
   5: fi 02 int = 1.941160
  26: fi 12 ext = 4.735363
  55: fi 27 int = 5.400542
  82: fi 40 ext = 2.606338
 Vektor indexu spary mezi bloky:
0		1		2		3		4		5		6		7		8		9		10		11		12		13		14		15		16		17		18		19		20		21		22		23		24		25		26		27		28		29		30		31		32		33		34		35		36		37		38		39		40		
 Vektor normalovych sil ve sparach (+ znaci tlak):
10.021307	9.858504	9.681665	9.492324	9.291789	9.081903	8.863940	8.639376	8.409630	8.176317	7.940220	7.703350	7.466253	5.647257	5.632142	5.624331	5.624084	5.631514	5.647132	5.671008	5.703304	5.743540	5.792059	5.848185	5.911850	5.982897	6.060328	6.143764	6.232747	6.326402	6.423744	6.524213	6.626904	6.730696	6.834470	6.937170	7.037904	7.135061	7.227824	7.314741	7.394589	
 Vektor vzdalenosti N od hornoho povrchu klenby:
0.133343	0.139123	0.142021	0.142034	0.139142	0.133296	0.124436	0.112480	0.097327	0.078868	0.056973	0.031499	0.002298	0.017470	0.033535	0.048621	0.062716	0.075798	0.087848	0.098834	0.108704	0.117431	0.124963	0.131253	0.136257	0.139930	0.142229	0.143109	0.142523	0.140429	0.136788	0.131550	0.124661	0.116078	0.105735	0.093568	0.079502	0.063446	0.045305	0.024960	0.002276	
 Vektor posouvajicich sil ve sparach:
-0.799726	-0.398161	-0.015478	0.347968	0.691934	1.016319	1.321040	1.606217	1.871974	2.118601	2.346460	2.555949	2.747632	-1.202626	-1.121945	-1.045544	-0.972447	-0.901628	-0.832078	-0.762730	-0.692552	-0.620469	-0.545433	-0.466416	-0.382391	-0.292364	-0.195370	-0.090481	0.023211	0.146530	0.280260	0.425117	0.581818	0.750908	0.932952	1.128389	1.337578	1.560795	1.798249	2.050097	2.316275	
 Vektor e_min:
0.003085	0.003035	0.002981	0.002922	0.002861	0.002796	0.002729	0.002660	0.002589	0.002517	0.002445	0.002372	0.002299	0.001739	0.001734	0.001731	0.001731	0.001734	0.001739	0.001746	0.001756	0.001768	0.001783	0.001800	0.001820	0.001842	0.001866	0.001891	0.001919	0.001948	0.001978	0.002009	0.002040	0.002072	0.002104	0.002136	0.002167	0.002197	0.002225	0.002252	0.002277	
