Vstupni soubor: zlamal5_7.in
***kopie vstupniho souboru***

 2.472500
 0.713750
 1
 0.145000
 20.000000
 0.600000
 40
 1
 1.4 1.000000 0.200000
 0.500000
 0.000000
 0 30.000000
 0 0.600000 0.400000 2.400000
 1
 4 2000.000000 inter3.txt
*****************************
Ortoganalni souradnice intrados a extrados:
X_int	Y_int	X_ext	Y_ext
0.000000	0.000000	-0.125574	0.072500
0.039049	0.063722	-0.082558	0.142695
0.081379	0.125313	-0.035928	0.210542
0.126875	0.184605	0.014189	0.275856
0.175412	0.241434	0.067656	0.338458
0.226856	0.295645	0.124325	0.398175
0.281067	0.347089	0.184043	0.454845
0.337896	0.395626	0.246644	0.508312
0.397187	0.441122	0.311958	0.558429
0.458778	0.483452	0.379806	0.605059
0.522501	0.522501	0.450001	0.648075
0.588179	0.558162	0.522350	0.687358
0.655634	0.590336	0.596657	0.722800
0.724680	0.618936	0.672717	0.754305
0.795129	0.643883	0.750321	0.781786
0.866786	0.665109	0.829257	0.805168
0.939456	0.682556	0.909309	0.824387
1.012940	0.696175	0.990257	0.839390
1.087036	0.705930	1.071879	0.850136
1.161541	0.711794	1.153952	0.856595
1.236250	0.713750	1.236250	0.858750
1.310960	0.711794	1.318548	0.856595
1.385464	0.705930	1.400621	0.850136
1.459560	0.696175	1.482243	0.839390
1.533044	0.682556	1.563191	0.824387
1.605714	0.665109	1.643243	0.805168
1.677372	0.643883	1.722179	0.781786
1.747820	0.618936	1.799783	0.754305
1.816866	0.590336	1.875843	0.722800
1.884321	0.558162	1.950150	0.687358
1.949999	0.522501	2.022500	0.648075
2.013722	0.483452	2.092694	0.605059
2.075313	0.441122	2.160542	0.558429
2.134604	0.395626	2.225856	0.508312
2.191433	0.347089	2.288457	0.454845
2.245644	0.295645	2.348175	0.398175
2.297088	0.241434	2.404845	0.338458
2.345625	0.184605	2.458311	0.275856
2.391121	0.125313	2.508428	0.210542
2.433451	0.063722	2.555058	0.142695
2.472500	0.000000	2.598074	0.072500
Vlastni tiha klenby - jednotlive bloky:
X_p	Y_p	P
-0.043266	0.070339	0.227661
-0.000477	0.136230	0.227661
0.045702	0.199790	0.227661
0.095145	0.260847	0.227661
0.147715	0.319232	0.227661
0.203269	0.374786	0.227661
0.261654	0.427356	0.227661
0.322711	0.476799	0.227661
0.386271	0.522978	0.227661
0.452161	0.565768	0.227661
0.520200	0.605050	0.227661
0.590202	0.640718	0.227661
0.661975	0.672673	0.227661
0.735322	0.700828	0.227661
0.810042	0.725106	0.227661
0.885929	0.745440	0.227661
0.962778	0.761775	0.227662
1.040376	0.774065	0.227661
1.118510	0.782278	0.227661
1.196967	0.786389	0.227661
1.275532	0.786389	0.227661
1.353990	0.782278	0.227661
1.432125	0.774065	0.227661
1.509722	0.761775	0.227662
1.586570	0.745440	0.227661
1.662459	0.725106	0.227661
1.737178	0.700828	0.227661
1.810525	0.672673	0.227661
1.882298	0.640718	0.227661
1.952299	0.605050	0.227661
2.020339	0.565768	0.227661
2.086229	0.522978	0.227661
2.149790	0.476799	0.227661
2.210846	0.427356	0.227661
2.269231	0.374786	0.227661
2.324785	0.319232	0.227661
2.377355	0.260846	0.227661
2.426798	0.199790	0.227661
2.472977	0.136230	0.227662
2.515766	0.070339	0.227661
Tiha nadnasypu pusobici na bloky:
P	h_ver	X_p	Y_p
0.000000	0.070195	-0.104267	0.107269
0.000000	0.067847	-0.059466	0.176294
0.000000	0.065314	-0.011114	0.242881
0.000000	0.062602	0.040657	0.306846
0.000000	0.059718	0.095706	0.368017
0.000000	0.056670	0.153882	0.426223
0.000000	0.053467	0.215026	0.481307
0.000000	0.050117	0.278971	0.533117
0.000000	0.046630	0.345543	0.581511
0.000000	0.043015	0.414559	0.626357
0.000000	0.039283	0.485833	0.667530
0.000000	0.035442	0.559168	0.704919
0.000000	0.031505	0.634365	0.738419
0.000000	0.027481	0.711218	0.767939
0.000000	0.023382	0.789517	0.793397
0.000000	0.019219	0.869048	0.814721
0.000000	0.015003	0.949591	0.831853
0.000000	0.010746	1.030926	0.844744
0.000000	0.006459	1.112828	0.853358
0.000000	0.002155	1.195071	0.857672
0.000000	-0.002155	1.277429	0.857672
0.000000	-0.006459	1.359672	0.853358
0.000000	-0.010746	1.441574	0.844744
0.000000	-0.015003	1.522909	0.831853
0.000000	-0.019219	1.603452	0.814721
0.000000	-0.023382	1.682983	0.793397
0.000000	-0.027481	1.761282	0.767939
0.000000	-0.031505	1.838135	0.738420
0.000000	-0.035442	1.913332	0.704919
0.000000	-0.039283	1.986668	0.667530
0.000000	-0.043016	2.057940	0.626357
0.000000	-0.046630	2.126957	0.581511
0.000000	-0.050117	2.193529	0.533117
0.000000	-0.053467	2.257474	0.481307
0.000000	-0.056670	2.318619	0.426223
0.000000	-0.059718	2.376793	0.368017
0.000000	-0.062602	2.431843	0.306846
0.000000	-0.065314	2.483614	0.242880
0.000000	-0.067848	2.531968	0.176292
0.000000	-0.070195	2.576767	0.107270
Vnejsi zatizeni pusobici na bloky:
X_q	Y_q	Q
-0.125574	0.072500	0.000000
-0.082558	0.142695	0.000000
-0.035928	0.210542	0.000000
0.014189	0.275856	0.000000
0.067656	0.338458	0.000000
0.124325	0.398175	0.000000
0.184043	0.454845	0.000000
0.246644	0.508312	0.000000
0.311958	0.558429	0.000000
0.379806	0.605059	0.000000
0.450001	0.648075	0.000000
0.522350	0.687358	0.000000
0.596657	0.722800	0.000000
0.672717	0.754305	0.000000
0.750321	0.781786	0.000000
0.829257	0.805168	0.000000
0.909309	0.824387	0.000000
0.990257	0.839390	0.000000
1.071879	0.850136	0.000000
1.153952	0.856595	0.000000
1.236250	0.858750	0.000000
1.400000	0.850087	1.000000
1.400621	0.850136	0.000000
1.482243	0.839390	0.000000
1.563191	0.824387	0.000000
1.643243	0.805168	0.000000
1.722179	0.781786	0.000000
1.799783	0.754305	0.000000
1.875843	0.722800	0.000000
1.950150	0.687358	0.000000
2.022500	0.648075	0.000000
2.092694	0.605059	0.000000
2.160542	0.558429	0.000000
2.225856	0.508312	0.000000
2.288457	0.454845	0.000000
2.348175	0.398175	0.000000
2.404845	0.338458	0.000000
2.458311	0.275856	0.000000
2.508428	0.210542	0.000000
2.555058	0.142695	0.000000
Ortogonalni lokalni souradnice jednotlivych bloku:
a	alfa	b	beta
0.072500	2.617995	0.078531	1.021018
0.072500	2.565635	0.078531	0.968659
0.072500	2.513275	0.078531	0.916299
0.072500	2.460915	0.078531	0.863939
0.072500	2.408555	0.078531	0.811579
0.072500	2.356195	0.078531	0.759219
0.072500	2.303835	0.078531	0.706859
0.072500	2.251475	0.078531	0.654500
0.072500	2.199115	0.078531	0.602139
0.072500	2.146756	0.078531	0.549778
0.072500	2.094395	0.078531	0.497420
0.072500	2.042036	0.078531	0.445059
0.072500	1.989676	0.078531	0.392700
0.072500	1.937316	0.078531	0.340338
0.072500	1.884957	0.078531	0.287981
0.072500	1.832596	0.078531	0.235619
0.072500	1.780236	0.078531	0.183260
0.072500	1.727876	0.078531	0.130899
0.072500	1.675516	0.078531	0.078541
0.072500	1.623156	0.078531	0.026179
0.072500	1.570796	0.078531	-0.026179
0.072500	1.518436	0.078531	-0.078540
0.072500	1.466077	0.078531	-0.130900
0.072500	1.413716	0.078531	-0.183260
0.072500	1.361356	0.078531	-0.235619
0.072500	1.308997	0.078531	-0.287979
0.072500	1.256637	0.078531	-0.340341
0.072500	1.204276	0.078531	-0.392699
0.072500	1.151917	0.078531	-0.445058
0.072500	1.099557	0.078531	-0.497421
0.072500	1.047197	0.078531	-0.549780
0.072500	0.994838	0.078531	-0.602137
0.072500	0.942477	0.078531	-0.654499
0.072500	0.890118	0.078531	-0.706859
0.072500	0.837758	0.078531	-0.759219
0.072500	0.785397	0.078531	-0.811578
0.072500	0.733037	0.078531	-0.863940
0.072500	0.680678	0.078531	-0.916301
0.072500	0.628319	0.078531	-0.968656
0.072500	0.575958	0.078531	-1.021019
0.072500	0.523597	1.000000	-1.047199
Transformovane zatizeni vlastni tihou klenby:
Px	Py	Mp
0.000000	0.227661	0.004444
0.000000	0.227661	0.004844
0.000000	0.227661	0.005231
0.000000	0.227661	0.005603
0.000000	0.227661	0.005961
0.000000	0.227661	0.006301
0.000000	0.227661	0.006625
0.000000	0.227661	0.006930
0.000000	0.227661	0.007216
0.000000	0.227661	0.007483
0.000000	0.227661	0.007729
0.000000	0.227661	0.007954
0.000000	0.227661	0.008157
0.000000	0.227661	0.008338
0.000000	0.227661	0.008496
0.000000	0.227661	0.008630
0.000000	0.227662	0.008741
0.000000	0.227661	0.008828
0.000000	0.227661	0.008891
0.000000	0.227661	0.008929
0.000000	0.227661	0.008943
0.000000	0.227661	0.008933
0.000000	0.227661	0.008897
0.000000	0.227662	0.008838
0.000000	0.227661	0.008754
0.000000	0.227661	0.008647
0.000000	0.227661	0.008515
0.000000	0.227661	0.008360
0.000000	0.227661	0.008183
0.000000	0.227661	0.007983
0.000000	0.227661	0.007761
0.000000	0.227661	0.007518
0.000000	0.227661	0.007254
0.000000	0.227661	0.006970
0.000000	0.227661	0.006667
0.000000	0.227661	0.006346
0.000000	0.227661	0.006008
0.000000	0.227661	0.005653
0.000000	0.227662	0.005282
0.000000	0.227661	0.004897
0.000000	0.000000	0.000000
Transformovane zatizeni nadnasypem:
Px	Py	Mp
0.000000	0.000000	0.000000
0.000000	0.000000	0.000000
0.000000	0.000000	0.000000
0.000000	0.000000	0.000000
0.000000	0.000000	0.000000
0.000000	0.000000	0.000000
0.000000	0.000000	0.000000
0.000000	0.000000	0.000000
0.000000	0.000000	0.000000
0.000000	0.000000	0.000000
0.000000	0.000000	0.000000
0.000000	0.000000	0.000000
0.000000	0.000000	0.000000
0.000000	0.000000	0.000000
0.000000	0.000000	0.000000
0.000000	0.000000	0.000000
0.000000	0.000000	0.000000
0.000000	0.000000	0.000000
0.000000	0.000000	0.000000
0.000000	0.000000	0.000000
0.000000	0.000000	0.000000
0.000000	0.000000	0.000000
0.000000	0.000000	0.000000
0.000000	0.000000	0.000000
0.000000	0.000000	0.000000
0.000000	0.000000	0.000000
0.000000	0.000000	0.000000
0.000000	0.000000	0.000000
0.000000	0.000000	0.000000
0.000000	0.000000	0.000000
0.000000	0.000000	0.000000
0.000000	0.000000	0.000000
0.000000	0.000000	0.000000
0.000000	0.000000	0.000000
0.000000	0.000000	0.000000
0.000000	0.000000	0.000000
0.000000	0.000000	0.000000
0.000000	0.000000	0.000000
0.000000	0.000000	0.000000
0.000000	0.000000	0.000000
0.000000	0.000000	0.000000
Transformovane zatizeni vnejsich sil:
Qx	Qy	Mq
0.000000	0.000000	0.000000
0.000000	0.000000	0.000000
0.000000	0.000000	0.000000
0.000000	0.000000	0.000000
0.000000	0.000000	0.000000
0.000000	0.000000	0.000000
0.000000	0.000000	0.000000
0.000000	0.000000	0.000000
0.000000	0.000000	0.000000
0.000000	0.000000	0.000000
0.000000	0.000000	0.000000
0.000000	0.000000	0.000000
0.000000	0.000000	0.000000
0.000000	0.000000	0.000000
0.000000	0.000000	0.000000
0.000000	0.000000	0.000000
0.000000	0.000000	0.000000
0.000000	0.000000	0.000000
0.000000	0.000000	0.000000
0.000000	0.000000	0.000000
0.000000	0.000000	0.000000
0.000000	1.000000	0.085246
0.000000	0.000000	0.000000
0.000000	0.000000	0.000000
0.000000	0.000000	0.000000
0.000000	0.000000	0.000000
0.000000	0.000000	0.000000
0.000000	0.000000	0.000000
0.000000	0.000000	0.000000
0.000000	0.000000	0.000000
0.000000	0.000000	0.000000
0.000000	0.000000	0.000000
0.000000	0.000000	0.000000
0.000000	0.000000	0.000000
0.000000	0.000000	0.000000
0.000000	0.000000	0.000000
0.000000	0.000000	0.000000
0.000000	0.000000	0.000000
0.000000	0.000000	0.000000
0.000000	0.000000	0.000000
0.000000	0.000000	0.000000

*** vysledky vypoctu ***
 icase = 0
         0 -> O.K.,
        -1 -> nelze splnit omezujici podminky,
        +1 -> cilova funkce je na polyedru neomezena.
 lambda = 5.456656
 pocet bloku N = 40
 Vektor lokalnich deformaci:
   2: fi 00 ext = 4.226660
  23: fi 11 int = 9.174533
  46: fi 22 ext = 6.434566
  65: fi 32 int = 1.486694
 Vektor indexu spary mezi bloky:
0		1		2		3		4		5		6		7		8		9		10		11		12		13		14		15		16		17		18		19		20		21		22		23		24		25		26		27		28		29		30		31		32		33		34		35		36		37		38		39		40		
 Vektor normalovych sil ve sparach (+ znaci tlak):
9.762985	9.742867	9.708911	9.662340	9.604332	9.536040	9.458289	9.372463	9.279550	9.180233	9.075704	8.967192	8.855310	8.740786	8.624677	8.507436	8.389903	8.272924	8.156703	8.041585	7.928512	7.817197	8.279084	8.456215	8.633752	8.810716	8.986570	9.160713	9.331837	9.499099	9.661545	9.818201	9.968060	10.109711	10.242261	10.364321	10.474932	10.572700	10.656583	10.725265	10.777484	
 Vektor vzdalenosti N od hornoho povrchu klenby:
0.000000	0.026642	0.050244	0.070968	0.088950	0.104300	0.117109	0.127447	0.135370	0.140917	0.144123	0.145000	0.143558	0.139803	0.133725	0.125320	0.114565	0.101446	0.085942	0.068027	0.047677	0.024865	0.000000	0.027659	0.052199	0.073705	0.092254	0.107918	0.120766	0.130854	0.138231	0.142938	0.145000	0.144437	0.141250	0.135428	0.126942	0.115746	0.101773	0.084933	0.065113	
 Vektor posouvajicich sil ve sparach:
-3.518357	-3.126549	-2.746204	-2.377568	-2.020966	-1.676505	-1.344331	-1.024404	-0.716658	-0.420944	-0.137080	0.135257	0.396408	0.646765	0.886811	1.117087	1.338107	1.550521	1.754958	1.952067	2.142612	2.327286	-2.919974	-2.707521	-2.483941	-2.248589	-2.000924	-1.740409	-1.466533	-1.179003	-0.877415	-0.561492	-0.231051	0.113999	0.473797	0.848197	1.237117	1.640383	2.057637	2.488581	2.932624	
 Vektor e_min:
0.003006	0.003000	0.002989	0.002975	0.002957	0.002936	0.002912	0.002885	0.002857	0.002826	0.002794	0.002761	0.002726	0.002691	0.002655	0.002619	0.002583	0.002547	0.002511	0.002476	0.002441	0.002407	0.002549	0.002603	0.002658	0.002713	0.002767	0.002820	0.002873	0.002924	0.002974	0.003023	0.003069	0.003112	0.003153	0.003191	0.003225	0.003255	0.003281	0.003302	0.003318	

 * Iterace c. 1 * Delta = 0.507370 *
 icase = 0
         0 -> O.K.,
        -1 -> nelze splnit omezujici podminky,
        +1 -> cilova funkce je na polyedru neomezena.
 lambda = 4.949285
 pocet bloku N = 40
 Vektor lokalnich deformaci:
   2: fi 00 ext = 3.977639
  23: fi 11 int = 8.680428
  46: fi 22 ext = 6.182861
  65: fi 32 int = 1.480064
 Vektor indexu spary mezi bloky:
0		1		2		3		4		5		6		7		8		9		10		11		12		13		14		15		16		17		18		19		20		21		22		23		24		25		26		27		28		29		30		31		32		33		34		35		36		37		38		39		40		
 Vektor normalovych sil ve sparach (+ znaci tlak):
9.396461	9.364053	9.318983	9.262360	9.195351	9.118973	9.034472	8.942980	8.845559	8.743030	8.636583	8.527021	8.415570	8.302747	8.189298	8.076230	7.963728	7.852985	7.744098	7.637657	7.534479	7.433843	7.854420	8.018033	8.183259	8.349278	8.515447	8.680848	8.845006	9.006253	9.164292	9.317903	9.465876	9.607098	9.740697	9.865167	9.979568	10.082449	10.172730	10.249176	10.310461	
 Vektor vzdalenosti N od hornoho povrchu klenby:
0.003006	0.028680	0.051420	0.071381	0.088690	0.103452	0.115752	0.125658	0.133225	0.138493	0.141492	0.142239	0.140748	0.137023	0.131070	0.122880	0.112453	0.099773	0.084838	0.067633	0.048152	0.026379	0.002549	0.029021	0.052564	0.073240	0.091100	0.106207	0.118603	0.128341	0.135455	0.139976	0.141931	0.141326	0.138163	0.132429	0.124093	0.113112	0.099420	0.082930	0.063532	
 Vektor posouvajicich sil ve sparach:
-3.274801	-2.902540	-2.542291	-2.194382	-1.858948	-1.536146	-1.225958	-0.928380	-0.643254	-0.370367	-0.109449	0.139885	0.377991	0.605357	0.822537	1.030105	1.228666	1.418938	1.601564	1.777316	1.946943	2.111254	-2.651179	-2.461337	-2.260993	-2.049537	-1.826273	-1.590639	-1.342120	-1.080226	-0.804547	-0.514773	-0.210559	0.108184	0.441659	0.789862	1.152762	1.530182	1.921955	2.327725	2.747116	
 Vektor e_min:
0.002893	0.002883	0.002869	0.002852	0.002831	0.002807	0.002781	0.002753	0.002723	0.002692	0.002659	0.002625	0.002591	0.002556	0.002521	0.002486	0.002452	0.002418	0.002384	0.002351	0.002320	0.002289	0.002418	0.002468	0.002519	0.002570	0.002622	0.002673	0.002723	0.002773	0.002821	0.002869	0.002914	0.002958	0.002999	0.003037	0.003072	0.003104	0.003132	0.003155	0.003174	

 * Iterace c. 2 * Delta = -0.023048 *
 icase = 0
         0 -> O.K.,
        -1 -> nelze splnit omezujici podminky,
        +1 -> cilova funkce je na polyedru neomezena.
 lambda = 4.972333
 pocet bloku N = 40
 Vektor lokalnich deformaci:
   2: fi 00 ext = 3.989036
  23: fi 11 int = 8.702893
  46: fi 22 ext = 6.194278
  65: fi 32 int = 1.480420
 Vektor indexu spary mezi bloky:
0		1		2		3		4		5		6		7		8		9		10		11		12		13		14		15		16		17		18		19		20		21		22		23		24		25		26		27		28		29		30		31		32		33		34		35		36		37		38		39		40		
 Vektor normalovych sil ve sparach (+ znaci tlak):
9.412901	9.381021	9.336408	9.280191	9.213475	9.137639	9.053481	8.962267	8.864943	8.762590	8.656153	8.546763	8.435183	8.322175	8.208710	8.095100	7.983002	7.871685	7.762555	7.655727	7.551584	7.450955	7.873375	8.037379	8.203506	8.369747	8.536294	8.702336	8.866680	9.028262	9.186778	9.340299	9.488404	9.629796	9.763189	9.887568	10.001776	10.104430	10.194482	10.270550	10.331426	
 Vektor vzdalenosti N od hornoho povrchu klenby:
0.002893	0.028610	0.051388	0.071382	0.088722	0.103508	0.115832	0.125757	0.133339	0.138619	0.141624	0.142375	0.140884	0.137160	0.131198	0.122999	0.112549	0.099852	0.084885	0.067645	0.048121	0.026299	0.002418	0.028945	0.052542	0.073256	0.091154	0.106287	0.118708	0.128465	0.135591	0.140125	0.142086	0.141483	0.138322	0.132585	0.124244	0.113255	0.099551	0.083047	0.063631	
 Vektor posouvajicich sil ve sparach:
-3.285497	-2.912365	-2.551221	-2.202349	-1.865990	-1.542213	-1.231059	-0.932454	-0.646313	-0.372399	-0.110453	0.139884	0.379026	0.607424	0.825619	1.034194	1.233759	1.424992	1.608593	1.785300	1.955847	2.121041	-2.663415	-2.472568	-2.271203	-2.058665	-1.834331	-1.597584	-1.347941	-1.084897	-0.808057	-0.517110	-0.211745	0.108204	0.442837	0.792216	1.156293	1.534870	1.927775	2.334701	2.755185	
 Vektor e_min:
0.002898	0.002888	0.002874	0.002857	0.002837	0.002813	0.002787	0.002759	0.002729	0.002698	0.002665	0.002631	0.002597	0.002562	0.002527	0.002492	0.002458	0.002423	0.002390	0.002357	0.002325	0.002294	0.002424	0.002474	0.002526	0.002577	0.002628	0.002679	0.002730	0.002780	0.002828	0.002876	0.002921	0.002965	0.003006	0.003044	0.003079	0.003111	0.003139	0.003162	0.003181	

 * Iterace c. 3 * Delta = 0.001091 *
 icase = 0
         0 -> O.K.,
        -1 -> nelze splnit omezujici podminky,
        +1 -> cilova funkce je na polyedru neomezena.
 lambda = 4.971242
 pocet bloku N = 40
 Vektor lokalnich deformaci:
   2: fi 00 ext = 3.988525
  23: fi 11 int = 8.701883
  46: fi 22 ext = 6.193758
  65: fi 32 int = 1.480391
 Vektor indexu spary mezi bloky:
0		1		2		3		4		5		6		7		8		9		10		11		12		13		14		15		16		17		18		19		20		21		22		23		24		25		26		27		28		29		30		31		32		33		34		35		36		37		38		39		40		
 Vektor normalovych sil ve sparach (+ znaci tlak):
9.412143	9.380273	9.335639	9.279372	9.212703	9.136822	9.052773	8.961295	8.863996	8.761637	8.655499	8.545970	8.434401	8.321418	8.207858	8.094360	7.981972	7.870786	7.761430	7.654745	7.551083	7.450267	7.872436	8.036656	8.202131	8.368882	8.535565	8.701365	8.865455	9.027302	9.185591	9.339325	9.487350	9.628561	9.762261	9.886544	10.000748	10.103406	10.193475	10.269537	10.330462	
 Vektor vzdalenosti N od hornoho povrchu klenby:
0.002898	0.028613	0.051390	0.071383	0.088721	0.103507	0.115828	0.125754	0.133335	0.138614	0.141617	0.142369	0.140880	0.137153	0.131194	0.122993	0.112547	0.099849	0.084886	0.067647	0.048122	0.026305	0.002424	0.028953	0.052543	0.073257	0.091155	0.106285	0.118706	0.128460	0.135587	0.140117	0.142079	0.141477	0.138314	0.132578	0.124238	0.113248	0.099545	0.083041	0.063626	
 Vektor posouvajicich sil ve sparach:
-3.285021	-2.911919	-2.550809	-2.202020	-1.865676	-1.541927	-1.230837	-0.932299	-0.646209	-0.372355	-0.110417	0.139864	0.378957	0.607311	0.825443	1.033977	1.233517	1.424692	1.608249	1.784924	1.955427	2.120588	-2.662824	-2.472010	-2.270725	-2.058237	-1.833937	-1.597267	-1.347642	-1.084652	-0.807865	-0.516977	-0.211691	0.108232	0.442809	0.792148	1.156147	1.534674	1.927524	2.334384	2.754832	
 Vektor e_min:
0.002898	0.002888	0.002874	0.002857	0.002836	0.002813	0.002787	0.002759	0.002729	0.002697	0.002665	0.002631	0.002597	0.002562	0.002527	0.002492	0.002457	0.002423	0.002389	0.002357	0.002325	0.002294	0.002424	0.002474	0.002525	0.002577	0.002628	0.002679	0.002729	0.002779	0.002828	0.002875	0.002921	0.002964	0.003005	0.003044	0.003079	0.003111	0.003138	0.003162	0.003180	
