 icase = 0
         0 -> O.K.,
        -1 -> nelze splnit omezujici podminky,
        +1 -> cilova funkce je na polyedru neomezena.
 lambda = 5.447847
 pocet bloku N = 40
 Vektor lokalnich deformaci:
   2: fi 00 ext = 2.758852
  29: fi 14 int = 5.923372
  60: fi 29 ext = 5.471613
  79: fi 39 int = 2.307094
 Vektor indexu spary mezi bloky:
0		1		2		3		4		5		6		7		8		9		10		11		12		13		14		15		16		17		18		19		20		21		22		23		24		25		26		27		28		29		30		31		32		33		34		35		36		37		38		39		40		
 Vektor normalovych sil ve sparach (+ znaci tlak):
7.299091	7.218599	7.131211	7.038222	6.941071	6.840794	6.738576	6.635794	6.533274	6.432017	6.332871	6.237388	6.146165	6.059382	5.978530	5.903917	5.836148	5.775762	5.723079	5.678176	5.641779	5.613433	5.593727	5.582416	5.579507	5.584227	5.596598	5.616643	5.643638	5.676544	8.439025	8.726012	9.009099	9.286582	9.557189	9.819253	10.071356	10.311700	10.538883	10.751196	10.946972	
 Vektor vzdalenosti N od hornoho povrchu klenby:
0.000000	0.022808	0.043307	0.061633	0.077906	0.092226	0.104681	0.115350	0.124301	0.131591	0.137287	0.141427	0.144059	0.145238	0.145000	0.143395	0.140462	0.136248	0.130798	0.124158	0.116366	0.107473	0.097508	0.086516	0.074522	0.061549	0.047610	0.032713	0.016851	0.000000	0.002424	0.033591	0.060448	0.083243	0.102197	0.117498	0.129308	0.137761	0.142965	0.145000	0.143919	
 Vektor posouvajicich sil ve sparach:
-2.300328	-2.039141	-1.792389	-1.559973	-1.341815	-1.137687	-0.947297	-0.770258	-0.606084	-0.454261	-0.314186	-0.185155	-0.066429	0.042767	0.143309	0.236120	0.322093	0.402246	0.477569	0.549053	0.617819	0.684908	0.751311	0.818200	0.886550	0.957436	1.031845	1.110794	1.195280	1.286131	-3.333696	-3.078370	-2.801651	-2.503266	-2.182957	-1.840776	-1.476694	-1.090817	-0.683493	-0.254952	0.194212	

 * Iterace c. 1 * Delta = 0.243279 *
 icase = 0
         0 -> O.K.,
        -1 -> nelze splnit omezujici podminky,
        +1 -> cilova funkce je na polyedru neomezena.
 lambda = 5.204568
 pocet bloku N = 40
 Vektor lokalnich deformaci:
   2: fi 00 ext = 2.693451
  29: fi 14 int = 5.801529
  60: fi 29 ext = 5.400434
  79: fi 39 int = 2.292355
 Vektor indexu spary mezi bloky:
0		1		2		3		4		5		6		7		8		9		10		11		12		13		14		15		16		17		18		19		20		21		22		23		24		25		26		27		28		29		30		31		32		33		34		35		36		37		38		39		40		
 Vektor normalovych sil ve sparach (+ znaci tlak):
7.240297	7.156703	7.066466	6.970905	6.871227	6.768555	6.664202	6.559269	6.454881	6.352348	6.252299	6.155710	6.063191	5.976215	5.894756	5.820120	5.752395	5.692148	5.640078	5.595963	5.560426	5.533266	5.514984	5.505227	5.503970	5.510888	5.526022	5.548270	5.577867	5.613419	8.257830	8.537006	8.812582	9.083510	9.347978	9.604609	9.851819	10.087961	10.311352	10.520487	10.713800	
 Vektor vzdalenosti N od hornoho povrchu klenby:
0.002247	0.024607	0.044685	0.062614	0.078511	0.092478	0.104603	0.114963	0.123629	0.130658	0.136112	0.140036	0.142491	0.143512	0.143159	0.141464	0.138490	0.134267	0.128853	0.122295	0.114641	0.105925	0.096191	0.085484	0.073826	0.061238	0.047744	0.033338	0.018012	0.001748	0.003578	0.033978	0.060167	0.082374	0.100807	0.115642	0.127034	0.135110	0.139970	0.141690	0.140318	
 Vektor posouvajicich sil ve sparach:
-2.240410	-1.982398	-1.738952	-1.510011	-1.295469	-1.095048	-0.908489	-0.735389	-0.575277	-0.427587	-0.291690	-0.166924	-0.052515	0.052321	0.148491	0.236905	0.318492	0.394242	0.465208	0.532377	0.596858	0.659718	0.721998	0.784780	0.849140	0.916125	0.986775	1.062133	1.143073	1.230556	-3.181776	-2.936172	-2.669558	-2.381601	-2.072155	-1.741075	-1.388300	-1.014080	-0.618565	-0.202054	0.235014	

 * Iterace c. 2 * Delta = -0.003454 *
 icase = 0
         0 -> O.K.,
        -1 -> nelze splnit omezujici podminky,
        +1 -> cilova funkce je na polyedru neomezena.
 lambda = 5.208023
 pocet bloku N = 40
 Vektor lokalnich deformaci:
   2: fi 00 ext = 2.694459
  29: fi 14 int = 5.803361
  60: fi 29 ext = 5.401573
  79: fi 39 int = 2.292671
 Vektor indexu spary mezi bloky:
0		1		2		3		4		5		6		7		8		9		10		11		12		13		14		15		16		17		18		19		20		21		22		23		24		25		26		27		28		29		30		31		32		33		34		35		36		37		38		39		40		
 Vektor normalovych sil ve sparach (+ znaci tlak):
7.240942	7.157419	7.067160	6.971542	6.871903	6.769259	6.664952	6.560232	6.455742	6.353114	6.253186	6.156241	6.064171	5.976899	5.895496	5.820772	5.753239	5.693212	5.640784	5.596589	5.561074	5.534328	5.516099	5.506128	5.504861	5.511671	5.526652	5.548733	5.578261	5.614216	8.259988	8.539415	8.815239	9.086128	9.350944	9.607608	9.854813	10.090932	10.314420	10.523659	10.716999	
 Vektor vzdalenosti N od hornoho povrchu klenby:
0.002229	0.024595	0.044675	0.062608	0.078511	0.092481	0.104610	0.114973	0.123639	0.130674	0.136126	0.140061	0.142508	0.143537	0.143185	0.141490	0.138512	0.134291	0.128878	0.122319	0.114659	0.105944	0.096211	0.085498	0.073832	0.061243	0.047740	0.033326	0.017997	0.001728	0.003566	0.033982	0.060181	0.082400	0.100841	0.115686	0.127086	0.135169	0.140035	0.141761	0.140395	
 Vektor posouvajicich sil ve sparach:
-2.241016	-1.982999	-1.739507	-1.510505	-1.295927	-1.095471	-0.908899	-0.735749	-0.575570	-0.427851	-0.291904	-0.167113	-0.052647	0.052245	0.148456	0.236907	0.318563	0.394361	0.465336	0.532585	0.597102	0.659996	0.722333	0.785158	0.849553	0.916603	0.987274	1.062659	1.143628	1.231170	-3.184131	-2.938432	-2.671653	-2.383571	-2.073970	-1.742701	-1.389837	-1.015463	-0.619760	-0.203066	0.234153	
