Vstupni soubor: zlamal5_12.in
***kopie vstupniho souboru***

 2.472500
 0.713750
 1
 0.145000
 20.000000
 0.600000
 40
 1
 2.4 1.000000 0.200000
 0.500000
 0.000000
 0 30.000000
 0 0.600000 0.400000 2.400000
 1
 4 2000.000000 inter3.txt
*****************************
Ortoganalni souradnice intrados a extrados:
X_int	Y_int	X_ext	Y_ext
0.000000	0.000000	-0.125574	0.072500
0.039049	0.063722	-0.082558	0.142695
0.081379	0.125313	-0.035928	0.210542
0.126875	0.184605	0.014189	0.275856
0.175412	0.241434	0.067656	0.338458
0.226856	0.295645	0.124325	0.398175
0.281067	0.347089	0.184043	0.454845
0.337896	0.395626	0.246644	0.508312
0.397187	0.441122	0.311958	0.558429
0.458778	0.483452	0.379806	0.605059
0.522501	0.522501	0.450001	0.648075
0.588179	0.558162	0.522350	0.687358
0.655634	0.590336	0.596657	0.722800
0.724680	0.618936	0.672717	0.754305
0.795129	0.643883	0.750321	0.781786
0.866786	0.665109	0.829257	0.805168
0.939456	0.682556	0.909309	0.824387
1.012940	0.696175	0.990257	0.839390
1.087036	0.705930	1.071879	0.850136
1.161541	0.711794	1.153952	0.856595
1.236250	0.713750	1.236250	0.858750
1.310960	0.711794	1.318548	0.856595
1.385464	0.705930	1.400621	0.850136
1.459560	0.696175	1.482243	0.839390
1.533044	0.682556	1.563191	0.824387
1.605714	0.665109	1.643243	0.805168
1.677372	0.643883	1.722179	0.781786
1.747820	0.618936	1.799783	0.754305
1.816866	0.590336	1.875843	0.722800
1.884321	0.558162	1.950150	0.687358
1.949999	0.522501	2.022500	0.648075
2.013722	0.483452	2.092694	0.605059
2.075313	0.441122	2.160542	0.558429
2.134604	0.395626	2.225856	0.508312
2.191433	0.347089	2.288457	0.454845
2.245644	0.295645	2.348175	0.398175
2.297088	0.241434	2.404845	0.338458
2.345625	0.184605	2.458311	0.275856
2.391121	0.125313	2.508428	0.210542
2.433451	0.063722	2.555058	0.142695
2.472500	0.000000	2.598074	0.072500
Vlastni tiha klenby - jednotlive bloky:
X_p	Y_p	P
-0.043266	0.070339	0.227661
-0.000477	0.136230	0.227661
0.045702	0.199790	0.227661
0.095145	0.260847	0.227661
0.147715	0.319232	0.227661
0.203269	0.374786	0.227661
0.261654	0.427356	0.227661
0.322711	0.476799	0.227661
0.386271	0.522978	0.227661
0.452161	0.565768	0.227661
0.520200	0.605050	0.227661
0.590202	0.640718	0.227661
0.661975	0.672673	0.227661
0.735322	0.700828	0.227661
0.810042	0.725106	0.227661
0.885929	0.745440	0.227661
0.962778	0.761775	0.227662
1.040376	0.774065	0.227661
1.118510	0.782278	0.227661
1.196967	0.786389	0.227661
1.275532	0.786389	0.227661
1.353990	0.782278	0.227661
1.432125	0.774065	0.227661
1.509722	0.761775	0.227662
1.586570	0.745440	0.227661
1.662459	0.725106	0.227661
1.737178	0.700828	0.227661
1.810525	0.672673	0.227661
1.882298	0.640718	0.227661
1.952299	0.605050	0.227661
2.020339	0.565768	0.227661
2.086229	0.522978	0.227661
2.149790	0.476799	0.227661
2.210846	0.427356	0.227661
2.269231	0.374786	0.227661
2.324785	0.319232	0.227661
2.377355	0.260846	0.227661
2.426798	0.199790	0.227661
2.472977	0.136230	0.227662
2.515766	0.070339	0.227661
Tiha nadnasypu pusobici na bloky:
P	h_ver	X_p	Y_p
0.000000	0.070195	-0.104267	0.107269
0.000000	0.067847	-0.059466	0.176294
0.000000	0.065314	-0.011114	0.242881
0.000000	0.062602	0.040657	0.306846
0.000000	0.059718	0.095706	0.368017
0.000000	0.056670	0.153882	0.426223
0.000000	0.053467	0.215026	0.481307
0.000000	0.050117	0.278971	0.533117
0.000000	0.046630	0.345543	0.581511
0.000000	0.043015	0.414559	0.626357
0.000000	0.039283	0.485833	0.667530
0.000000	0.035442	0.559168	0.704919
0.000000	0.031505	0.634365	0.738419
0.000000	0.027481	0.711218	0.767939
0.000000	0.023382	0.789517	0.793397
0.000000	0.019219	0.869048	0.814721
0.000000	0.015003	0.949591	0.831853
0.000000	0.010746	1.030926	0.844744
0.000000	0.006459	1.112828	0.853358
0.000000	0.002155	1.195071	0.857672
0.000000	-0.002155	1.277429	0.857672
0.000000	-0.006459	1.359672	0.853358
0.000000	-0.010746	1.441574	0.844744
0.000000	-0.015003	1.522909	0.831853
0.000000	-0.019219	1.603452	0.814721
0.000000	-0.023382	1.682983	0.793397
0.000000	-0.027481	1.761282	0.767939
0.000000	-0.031505	1.838135	0.738420
0.000000	-0.035442	1.913332	0.704919
0.000000	-0.039283	1.986668	0.667530
0.000000	-0.043016	2.057940	0.626357
0.000000	-0.046630	2.126957	0.581511
0.000000	-0.050117	2.193529	0.533117
0.000000	-0.053467	2.257474	0.481307
0.000000	-0.056670	2.318619	0.426223
0.000000	-0.059718	2.376793	0.368017
0.000000	-0.062602	2.431843	0.306846
0.000000	-0.065314	2.483614	0.242880
0.000000	-0.067848	2.531968	0.176292
0.000000	-0.070195	2.576767	0.107270
Vnejsi zatizeni pusobici na bloky:
X_q	Y_q	Q
-0.125574	0.072500	0.000000
-0.082558	0.142695	0.000000
-0.035928	0.210542	0.000000
0.014189	0.275856	0.000000
0.067656	0.338458	0.000000
0.124325	0.398175	0.000000
0.184043	0.454845	0.000000
0.246644	0.508312	0.000000
0.311958	0.558429	0.000000
0.379806	0.605059	0.000000
0.450001	0.648075	0.000000
0.522350	0.687358	0.000000
0.596657	0.722800	0.000000
0.672717	0.754305	0.000000
0.750321	0.781786	0.000000
0.829257	0.805168	0.000000
0.909309	0.824387	0.000000
0.990257	0.839390	0.000000
1.071879	0.850136	0.000000
1.153952	0.856595	0.000000
1.236250	0.858750	0.000000
1.318548	0.856595	0.000000
1.400621	0.850136	0.000000
1.482243	0.839390	0.000000
1.563191	0.824387	0.000000
1.643243	0.805168	0.000000
1.722179	0.781786	0.000000
1.799783	0.754305	0.000000
1.875843	0.722800	0.000000
1.950150	0.687358	0.000000
2.022500	0.648075	0.000000
2.092694	0.605059	0.000000
2.160542	0.558429	0.000000
2.225856	0.508312	0.000000
2.288457	0.454845	0.000000
2.400000	0.332876	1.000000
2.404845	0.338458	0.000000
2.458311	0.275856	0.000000
2.508428	0.210542	0.000000
2.555058	0.142695	0.000000
Ortogonalni lokalni souradnice jednotlivych bloku:
a	alfa	b	beta
0.072500	2.617995	0.078531	1.021018
0.072500	2.565635	0.078531	0.968659
0.072500	2.513275	0.078531	0.916299
0.072500	2.460915	0.078531	0.863939
0.072500	2.408555	0.078531	0.811579
0.072500	2.356195	0.078531	0.759219
0.072500	2.303835	0.078531	0.706859
0.072500	2.251475	0.078531	0.654500
0.072500	2.199115	0.078531	0.602139
0.072500	2.146756	0.078531	0.549778
0.072500	2.094395	0.078531	0.497420
0.072500	2.042036	0.078531	0.445059
0.072500	1.989676	0.078531	0.392700
0.072500	1.937316	0.078531	0.340338
0.072500	1.884957	0.078531	0.287981
0.072500	1.832596	0.078531	0.235619
0.072500	1.780236	0.078531	0.183260
0.072500	1.727876	0.078531	0.130899
0.072500	1.675516	0.078531	0.078541
0.072500	1.623156	0.078531	0.026179
0.072500	1.570796	0.078531	-0.026179
0.072500	1.518436	0.078531	-0.078540
0.072500	1.466077	0.078531	-0.130900
0.072500	1.413716	0.078531	-0.183260
0.072500	1.361356	0.078531	-0.235619
0.072500	1.308997	0.078531	-0.287979
0.072500	1.256637	0.078531	-0.340341
0.072500	1.204276	0.078531	-0.392699
0.072500	1.151917	0.078531	-0.445058
0.072500	1.099557	0.078531	-0.497421
0.072500	1.047197	0.078531	-0.549780
0.072500	0.994838	0.078531	-0.602137
0.072500	0.942477	0.078531	-0.654499
0.072500	0.890118	0.078531	-0.706859
0.072500	0.837758	0.078531	-0.759219
0.072500	0.785397	0.078531	-0.811578
0.072500	0.733037	0.078531	-0.863940
0.072500	0.680678	0.078531	-0.916301
0.072500	0.628319	0.078531	-0.968656
0.072500	0.575958	0.078531	-1.021019
0.072500	0.523597	1.000000	-1.047199
Transformovane zatizeni vlastni tihou klenby:
Px	Py	Mp
0.000000	0.227661	0.004444
0.000000	0.227661	0.004844
0.000000	0.227661	0.005231
0.000000	0.227661	0.005603
0.000000	0.227661	0.005961
0.000000	0.227661	0.006301
0.000000	0.227661	0.006625
0.000000	0.227661	0.006930
0.000000	0.227661	0.007216
0.000000	0.227661	0.007483
0.000000	0.227661	0.007729
0.000000	0.227661	0.007954
0.000000	0.227661	0.008157
0.000000	0.227661	0.008338
0.000000	0.227661	0.008496
0.000000	0.227661	0.008630
0.000000	0.227662	0.008741
0.000000	0.227661	0.008828
0.000000	0.227661	0.008891
0.000000	0.227661	0.008929
0.000000	0.227661	0.008943
0.000000	0.227661	0.008933
0.000000	0.227661	0.008897
0.000000	0.227662	0.008838
0.000000	0.227661	0.008754
0.000000	0.227661	0.008647
0.000000	0.227661	0.008515
0.000000	0.227661	0.008360
0.000000	0.227661	0.008183
0.000000	0.227661	0.007983
0.000000	0.227661	0.007761
0.000000	0.227661	0.007518
0.000000	0.227661	0.007254
0.000000	0.227661	0.006970
0.000000	0.227661	0.006667
0.000000	0.227661	0.006346
0.000000	0.227661	0.006008
0.000000	0.227661	0.005653
0.000000	0.227662	0.005282
0.000000	0.227661	0.004897
0.000000	0.000000	0.000000
Transformovane zatizeni nadnasypem:
Px	Py	Mp
0.000000	0.000000	0.000000
0.000000	0.000000	0.000000
0.000000	0.000000	0.000000
0.000000	0.000000	0.000000
0.000000	0.000000	0.000000
0.000000	0.000000	0.000000
0.000000	0.000000	0.000000
0.000000	0.000000	0.000000
0.000000	0.000000	0.000000
0.000000	0.000000	0.000000
0.000000	0.000000	0.000000
0.000000	0.000000	0.000000
0.000000	0.000000	0.000000
0.000000	0.000000	0.000000
0.000000	0.000000	0.000000
0.000000	0.000000	0.000000
0.000000	0.000000	0.000000
0.000000	0.000000	0.000000
0.000000	0.000000	0.000000
0.000000	0.000000	0.000000
0.000000	0.000000	0.000000
0.000000	0.000000	0.000000
0.000000	0.000000	0.000000
0.000000	0.000000	0.000000
0.000000	0.000000	0.000000
0.000000	0.000000	0.000000
0.000000	0.000000	0.000000
0.000000	0.000000	0.000000
0.000000	0.000000	0.000000
0.000000	0.000000	0.000000
0.000000	0.000000	0.000000
0.000000	0.000000	0.000000
0.000000	0.000000	0.000000
0.000000	0.000000	0.000000
0.000000	0.000000	0.000000
0.000000	0.000000	0.000000
0.000000	0.000000	0.000000
0.000000	0.000000	0.000000
0.000000	0.000000	0.000000
0.000000	0.000000	0.000000
0.000000	0.000000	0.000000
Transformovane zatizeni vnejsich sil:
Qx	Qy	Mq
0.000000	0.000000	0.000000
0.000000	0.000000	0.000000
0.000000	0.000000	0.000000
0.000000	0.000000	0.000000
0.000000	0.000000	0.000000
0.000000	0.000000	0.000000
0.000000	0.000000	0.000000
0.000000	0.000000	0.000000
0.000000	0.000000	0.000000
0.000000	0.000000	0.000000
0.000000	0.000000	0.000000
0.000000	0.000000	0.000000
0.000000	0.000000	0.000000
0.000000	0.000000	0.000000
0.000000	0.000000	0.000000
0.000000	0.000000	0.000000
0.000000	0.000000	0.000000
0.000000	0.000000	0.000000
0.000000	0.000000	0.000000
0.000000	0.000000	0.000000
0.000000	0.000000	0.000000
0.000000	0.000000	0.000000
0.000000	0.000000	0.000000
0.000000	0.000000	0.000000
0.000000	0.000000	0.000000
0.000000	0.000000	0.000000
0.000000	0.000000	0.000000
0.000000	0.000000	0.000000
0.000000	0.000000	0.000000
0.000000	0.000000	0.000000
0.000000	0.000000	0.000000
0.000000	0.000000	0.000000
0.000000	0.000000	0.000000
0.000000	0.000000	0.000000
0.000000	0.000000	0.000000
0.000000	1.000000	0.103091
0.000000	0.000000	0.000000
0.000000	0.000000	0.000000
0.000000	0.000000	0.000000
0.000000	0.000000	0.000000
0.000000	0.000000	0.000000

*** vysledky vypoctu ***
 icase = 0
         0 -> O.K.,
        -1 -> nelze splnit omezujici podminky,
        +1 -> cilova funkce je na polyedru neomezena.
 lambda = 21.375492
 pocet bloku N = 40
 Vektor lokalnich deformaci:
   2: fi 00 ext = 5.672404
  33: fi 16 int = 10.493377
  74: fi 36 ext = 19.946556
  81: fi 40 int = 15.125582
 Vektor indexu spary mezi bloky:
0		1		2		3		4		5		6		7		8		9		10		11		12		13		14		15		16		17		18		19		20		21		22		23		24		25		26		27		28		29		30		31		32		33		34		35		36		37		38		39		40		
 Vektor normalovych sil ve sparach (+ znaci tlak):
6.657405	6.559660	6.456701	6.349597	6.240851	6.130847	6.020806	5.911605	5.805414	5.701696	5.602401	5.509350	5.422123	5.341046	5.268755	5.203657	5.147428	5.100547	5.064119	5.036447	5.019122	5.011630	5.014658	5.027122	5.050549	5.081861	5.122581	5.172282	5.229909	5.295290	5.366585	5.444394	5.527560	5.614659	5.704634	5.796497	21.774597	22.594261	23.367184	24.090065	24.759775	
 Vektor vzdalenosti N od hornoho povrchu klenby:
0.000000	0.020940	0.039817	0.056768	0.071922	0.085381	0.097239	0.107597	0.116522	0.124093	0.130408	0.135499	0.139432	0.142301	0.144136	0.145019	0.145000	0.144120	0.142405	0.139959	0.136760	0.132888	0.128313	0.123092	0.117202	0.110652	0.103408	0.095456	0.086747	0.077244	0.066880	0.055608	0.043332	0.029975	0.015439	-0.000376	0.000000	0.045552	0.084451	0.117408	0.145000	
 Vektor posouvajicich sil ve sparach:
-1.951901	-1.724681	-1.512936	-1.316157	-1.134381	-0.967201	-0.814158	-0.674911	-0.548726	-0.435056	-0.333251	-0.242364	-0.161684	-0.090240	-0.027088	0.028802	0.078427	0.122867	0.163279	0.200677	0.236351	0.271395	0.306820	0.344022	0.383953	0.427835	0.476659	0.531508	0.593597	0.663573	0.742566	0.831572	0.931169	1.042251	1.165535	1.301459	-12.852301	-11.838282	-10.773429	-9.659691	-8.499519	
 Vektor e_min:
0.002050	0.002019	0.001988	0.001955	0.001921	0.001887	0.001854	0.001820	0.001787	0.001755	0.001725	0.001696	0.001669	0.001644	0.001622	0.001602	0.001585	0.001570	0.001559	0.001550	0.001545	0.001543	0.001544	0.001548	0.001555	0.001564	0.001577	0.001592	0.001610	0.001630	0.001652	0.001676	0.001702	0.001728	0.001756	0.001784	0.006704	0.006956	0.007194	0.007417	0.007623	

 * Iterace c. 1 * Delta = 4.932875 *
 icase = 0
         0 -> O.K.,
        -1 -> nelze splnit omezujici podminky,
        +1 -> cilova funkce je na polyedru neomezena.
 lambda = 16.442617
 pocet bloku N = 40
 Vektor lokalnich deformaci:
   2: fi 00 ext = 4.524733
  33: fi 16 int = 8.501431
  74: fi 36 ext = 16.589849
  81: fi 40 int = 12.613149
 Vektor indexu spary mezi bloky:
0		1		2		3		4		5		6		7		8		9		10		11		12		13		14		15		16		17		18		19		20		21		22		23		24		25		26		27		28		29		30		31		32		33		34		35		36		37		38		39		40		
 Vektor normalovych sil ve sparach (+ znaci tlak):
6.521490	6.418602	6.311007	6.200393	6.087519	5.973804	5.860655	5.749138	5.641119	5.536051	5.436004	5.342062	5.253624	5.173641	5.101342	5.037865	4.982913	4.938716	4.903656	4.879035	4.865515	4.862083	4.868392	4.886545	4.913407	4.950580	4.996853	5.053438	5.116833	5.188862	5.267555	5.352988	5.443254	5.537226	5.635735	5.736213	18.056650	18.717184	19.341333	19.926434	20.469915	
 Vektor vzdalenosti N od hornoho povrchu klenby:
0.002050	0.022255	0.040457	0.056792	0.071376	0.084328	0.095742	0.105715	0.114329	0.121666	0.127806	0.132812	0.136784	0.139750	0.141812	0.142998	0.143415	0.143076	0.142044	0.140368	0.138057	0.135172	0.131720	0.127677	0.123066	0.117868	0.112050	0.105559	0.098385	0.090436	0.081671	0.072001	0.061358	0.049633	0.036763	0.022616	0.006704	0.048074	0.083252	0.112853	0.137377	
 Vektor posouvajicich sil ve sparach:
-1.852719	-1.632851	-1.428502	-1.239543	-1.065697	-0.906607	-0.761882	-0.631047	-0.513443	-0.408445	-0.315393	-0.233261	-0.161363	-0.098708	-0.044380	0.002755	0.043715	0.079624	0.111520	0.140659	0.168195	0.195274	0.223034	0.252657	0.285326	0.322162	0.364306	0.412761	0.468691	0.533007	0.606660	0.690627	0.785667	0.892471	1.011957	1.144494	-9.711442	-8.896419	-8.038458	-7.139166	-6.200322	
 Vektor e_min:
0.002008	0.001976	0.001943	0.001909	0.001874	0.001839	0.001804	0.001770	0.001737	0.001704	0.001674	0.001645	0.001617	0.001593	0.001570	0.001551	0.001534	0.001520	0.001510	0.001502	0.001498	0.001497	0.001499	0.001504	0.001513	0.001524	0.001538	0.001556	0.001575	0.001597	0.001622	0.001648	0.001676	0.001705	0.001735	0.001766	0.005559	0.005762	0.005955	0.006135	0.006302	

 * Iterace c. 2 * Delta = -0.708094 *
 icase = 0
         0 -> O.K.,
        -1 -> nelze splnit omezujici podminky,
        +1 -> cilova funkce je na polyedru neomezena.
 lambda = 17.150711
 pocet bloku N = 40
 Vektor lokalnich deformaci:
   2: fi 00 ext = 4.691372
  33: fi 16 int = 8.789496
  74: fi 36 ext = 17.082043
  81: fi 40 int = 12.983919
 Vektor indexu spary mezi bloky:
0		1		2		3		4		5		6		7		8		9		10		11		12		13		14		15		16		17		18		19		20		21		22		23		24		25		26		27		28		29		30		31		32		33		34		35		36		37		38		39		40		
 Vektor normalovych sil ve sparach (+ znaci tlak):
6.539717	6.437371	6.330393	6.219831	6.107504	5.994464	5.881410	5.770403	5.661642	5.557526	5.456915	5.362850	5.274981	5.194728	5.121839	5.057644	5.003717	4.958266	4.923079	4.898709	4.883175	4.879783	4.886600	4.903060	4.929601	4.966051	5.011917	5.067119	5.130031	5.200619	5.278540	5.362758	5.452296	5.545279	5.642663	5.742044	18.587887	19.271215	19.916937	20.521868	21.083593	
 Vektor vzdalenosti N od hornoho povrchu klenby:
0.002008	0.022287	0.040557	0.056949	0.071589	0.084585	0.096033	0.106038	0.114663	0.122009	0.128143	0.133140	0.137087	0.140003	0.142012	0.143161	0.143466	0.143035	0.141890	0.140076	0.137644	0.134590	0.130958	0.126745	0.121960	0.116560	0.110543	0.103851	0.096467	0.088311	0.079334	0.069437	0.058578	0.046644	0.033561	0.019204	0.005559	0.047647	0.083465	0.113645	0.138698	
 Vektor posouvajicich sil ve sparach:
-1.863782	-1.642916	-1.437618	-1.247590	-1.072698	-0.912540	-0.766730	-0.634872	-0.516129	-0.410076	-0.315773	-0.232643	-0.159571	-0.095879	-0.040428	0.007823	0.049836	0.086820	0.119768	0.149912	0.178423	0.206453	0.235134	0.265659	0.299199	0.336896	0.379774	0.429062	0.485653	0.550605	0.624851	0.709339	0.804853	0.912199	1.032001	1.164879	-10.164592	-9.321138	-8.433598	-7.503563	-6.533133	
 Vektor e_min:
0.002013	0.001982	0.001949	0.001915	0.001880	0.001845	0.001811	0.001776	0.001743	0.001711	0.001680	0.001651	0.001624	0.001599	0.001577	0.001557	0.001540	0.001526	0.001516	0.001508	0.001503	0.001502	0.001504	0.001509	0.001518	0.001529	0.001543	0.001560	0.001579	0.001601	0.001625	0.001651	0.001679	0.001707	0.001737	0.001768	0.005723	0.005933	0.006132	0.006318	0.006491	

 * Iterace c. 3 * Delta = 0.103800 *
 icase = 0
         0 -> O.K.,
        -1 -> nelze splnit omezujici podminky,
        +1 -> cilova funkce je na polyedru neomezena.
 lambda = 17.046911
 pocet bloku N = 40
 Vektor lokalnich deformaci:
   2: fi 00 ext = 4.666990
  33: fi 16 int = 8.747355
  74: fi 36 ext = 17.010033
  81: fi 40 int = 12.929669
 Vektor indexu spary mezi bloky:
0		1		2		3		4		5		6		7		8		9		10		11		12		13		14		15		16		17		18		19		20		21		22		23		24		25		26		27		28		29		30		31		32		33		34		35		36		37		38		39		40		
 Vektor normalovych sil ve sparach (+ znaci tlak):
6.536995	6.434608	6.327453	6.217115	6.104496	5.991439	5.878962	5.767481	5.658864	5.554038	5.454157	5.359580	5.272169	5.191887	5.118647	5.054869	5.001070	4.955142	4.920463	4.895664	4.881287	4.876936	4.883333	4.900671	4.927001	4.963680	5.009737	5.064391	5.128152	5.198593	5.276970	5.361141	5.450391	5.544212	5.641931	5.741221	18.509975	19.189888	19.832552	20.434580	20.993666	
 Vektor vzdalenosti N od hornoho povrchu klenby:
0.002013	0.022284	0.040544	0.056931	0.071562	0.084556	0.096000	0.105990	0.114621	0.121971	0.128098	0.133108	0.137030	0.139972	0.142003	0.143140	0.143460	0.143050	0.141919	0.140132	0.137715	0.134696	0.131095	0.126889	0.122125	0.116760	0.110759	0.104115	0.096742	0.088632	0.079670	0.069821	0.058991	0.047085	0.034033	0.019704	0.005723	0.047707	0.083435	0.113532	0.138509	
 Vektor posouvajicich sil ve sparach:
-1.862211	-1.641478	-1.436309	-1.246465	-1.071701	-0.911740	-0.766106	-0.634351	-0.515842	-0.409799	-0.315805	-0.232797	-0.159926	-0.096359	-0.040997	0.007066	0.048933	0.085752	0.118533	0.148580	0.176928	0.204753	0.233387	0.263769	0.297204	0.334774	0.377576	0.426721	0.483142	0.548024	0.622292	0.706628	0.802049	0.909349	1.029070	1.161976	-10.098124	-9.258802	-8.375584	-7.450139	-6.484286	
 Vektor e_min:
0.002012	0.001981	0.001948	0.001914	0.001879	0.001845	0.001810	0.001776	0.001742	0.001710	0.001679	0.001650	0.001623	0.001598	0.001576	0.001556	0.001540	0.001525	0.001515	0.001507	0.001503	0.001501	0.001503	0.001509	0.001517	0.001528	0.001542	0.001559	0.001579	0.001600	0.001625	0.001650	0.001678	0.001707	0.001737	0.001767	0.005699	0.005908	0.006106	0.006291	0.006463	

 * Iterace c. 4 * Delta = -0.014828 *
 icase = 0
         0 -> O.K.,
        -1 -> nelze splnit omezujici podminky,
        +1 -> cilova funkce je na polyedru neomezena.
 lambda = 17.061739
 pocet bloku N = 40
 Vektor lokalnich deformaci:
   2: fi 00 ext = 4.670461
  33: fi 16 int = 8.753359
  74: fi 36 ext = 17.020260
  81: fi 40 int = 12.937361
 Vektor indexu spary mezi bloky:
0		1		2		3		4		5		6		7		8		9		10		11		12		13		14		15		16		17		18		19		20		21		22		23		24		25		26		27		28		29		30		31		32		33		34		35		36		37		38		39		40		
 Vektor normalovych sil ve sparach (+ znaci tlak):
6.537407	6.435001	6.327889	6.217699	6.105350	5.991842	5.878803	5.767904	5.658886	5.554008	5.454428	5.360549	5.271857	5.192175	5.119748	5.056172	5.001284	4.956136	4.920820	4.895841	4.881759	4.877624	4.884156	4.900460	4.927603	4.963654	5.010246	5.065055	5.128132	5.199126	5.276801	5.361945	5.450695	5.544773	5.641891	5.741297	18.520945	19.201868	19.844471	20.447063	21.006500	
 Vektor vzdalenosti N od hornoho povrchu klenby:
0.002012	0.022284	0.040547	0.056934	0.071567	0.084556	0.096004	0.105999	0.114630	0.121975	0.128110	0.133113	0.137056	0.139993	0.142000	0.143134	0.143460	0.143047	0.141912	0.140122	0.137688	0.134681	0.131061	0.126884	0.122107	0.116741	0.110745	0.104071	0.096711	0.088578	0.079628	0.069769	0.058935	0.047028	0.033964	0.019636	0.005699	0.047700	0.083440	0.113549	0.138537	
 Vektor posouvajicich sil ve sparach:
-1.862429	-1.641750	-1.436483	-1.246633	-1.071934	-0.911881	-0.766232	-0.634379	-0.515879	-0.409962	-0.315822	-0.232729	-0.159918	-0.096276	-0.040923	0.007155	0.049062	0.085857	0.118725	0.148753	0.177135	0.205044	0.233603	0.264037	0.297484	0.335087	0.377856	0.427021	0.483513	0.548403	0.622588	0.706995	0.802499	0.909708	1.029498	1.162399	-10.107594	-9.267704	-8.383862	-7.457783	-6.491206	
 Vektor e_min:
0.002013	0.001981	0.001948	0.001914	0.001880	0.001845	0.001810	0.001776	0.001742	0.001710	0.001679	0.001650	0.001623	0.001598	0.001576	0.001557	0.001540	0.001526	0.001515	0.001507	0.001503	0.001502	0.001504	0.001509	0.001517	0.001528	0.001542	0.001559	0.001579	0.001601	0.001624	0.001651	0.001678	0.001707	0.001737	0.001767	0.005702	0.005912	0.006110	0.006295	0.006467	

 * Iterace c. 5 * Delta = 0.002378 *
 icase = 0
         0 -> O.K.,
        -1 -> nelze splnit omezujici podminky,
        +1 -> cilova funkce je na polyedru neomezena.
 lambda = 17.059361
 pocet bloku N = 40
 Vektor lokalnich deformaci:
   2: fi 00 ext = 4.669885
  33: fi 16 int = 8.752371
  74: fi 36 ext = 17.018545
  81: fi 40 int = 12.936056
 Vektor indexu spary mezi bloky:
0		1		2		3		4		5		6		7		8		9		10		11		12		13		14		15		16		17		18		19		20		21		22		23		24		25		26		27		28		29		30		31		32		33		34		35		36		37		38		39		40		
 Vektor normalovych sil ve sparach (+ znaci tlak):
6.537344	6.435010	6.327771	6.217359	6.105228	5.991755	5.878950	5.767528	5.659530	5.554213	5.454455	5.359844	5.272208	5.192219	5.119379	5.055412	5.000904	4.955986	4.921104	4.896004	4.881983	4.877159	4.884156	4.900624	4.927092	4.963995	5.010300	5.064489	5.128262	5.199534	5.277601	5.361614	5.450701	5.545192	5.641784	5.741430	18.519175	19.199677	19.842440	20.445021	21.004414	
 Vektor vzdalenosti N od hornoho povrchu klenby:
0.002013	0.022284	0.040543	0.056930	0.071562	0.084555	0.095997	0.105992	0.114622	0.121964	0.128102	0.133108	0.137035	0.139976	0.141987	0.143136	0.143460	0.143035	0.141901	0.140108	0.137688	0.134668	0.131052	0.126870	0.122096	0.116729	0.110733	0.104070	0.096712	0.088587	0.079624	0.069774	0.058937	0.047041	0.033973	0.019641	0.005702	0.047701	0.083439	0.113546	0.138533	
 Vektor posouvajicich sil ve sparach:
-1.862327	-1.641635	-1.436427	-1.246570	-1.071786	-0.911821	-0.766099	-0.634331	-0.515828	-0.409851	-0.315781	-0.232695	-0.159832	-0.096292	-0.040922	0.007136	0.049044	0.085870	0.118673	0.148738	0.177138	0.204982	0.233588	0.263989	0.297419	0.334972	0.377801	0.426967	0.483425	0.548287	0.622562	0.706966	0.802402	0.909603	1.029394	1.162215	-10.106138	-9.266321	-8.382647	-7.456647	-6.490230	
 Vektor e_min:
0.002013	0.001981	0.001948	0.001914	0.001880	0.001845	0.001810	0.001776	0.001742	0.001710	0.001679	0.001650	0.001623	0.001598	0.001576	0.001556	0.001540	0.001526	0.001515	0.001507	0.001503	0.001501	0.001504	0.001509	0.001517	0.001528	0.001542	0.001559	0.001579	0.001601	0.001625	0.001651	0.001678	0.001707	0.001737	0.001768	0.005702	0.005911	0.006109	0.006294	0.006467	
