Vstupni soubor: zlamal5_8.in
***kopie vstupniho souboru***

 2.472500
 0.713750
 1
 0.145000
 20.000000
 0.600000
 40
 1
 1.6 1.000000 0.200000
 0.500000
 0.000000
 0 30.000000
 0 0.600000 0.400000 2.400000
 1
 4 2000.000000 inter3.txt
*****************************
Ortoganalni souradnice intrados a extrados:
X_int	Y_int	X_ext	Y_ext
0.000000	0.000000	-0.125574	0.072500
0.039049	0.063722	-0.082558	0.142695
0.081379	0.125313	-0.035928	0.210542
0.126875	0.184605	0.014189	0.275856
0.175412	0.241434	0.067656	0.338458
0.226856	0.295645	0.124325	0.398175
0.281067	0.347089	0.184043	0.454845
0.337896	0.395626	0.246644	0.508312
0.397187	0.441122	0.311958	0.558429
0.458778	0.483452	0.379806	0.605059
0.522501	0.522501	0.450001	0.648075
0.588179	0.558162	0.522350	0.687358
0.655634	0.590336	0.596657	0.722800
0.724680	0.618936	0.672717	0.754305
0.795129	0.643883	0.750321	0.781786
0.866786	0.665109	0.829257	0.805168
0.939456	0.682556	0.909309	0.824387
1.012940	0.696175	0.990257	0.839390
1.087036	0.705930	1.071879	0.850136
1.161541	0.711794	1.153952	0.856595
1.236250	0.713750	1.236250	0.858750
1.310960	0.711794	1.318548	0.856595
1.385464	0.705930	1.400621	0.850136
1.459560	0.696175	1.482243	0.839390
1.533044	0.682556	1.563191	0.824387
1.605714	0.665109	1.643243	0.805168
1.677372	0.643883	1.722179	0.781786
1.747820	0.618936	1.799783	0.754305
1.816866	0.590336	1.875843	0.722800
1.884321	0.558162	1.950150	0.687358
1.949999	0.522501	2.022500	0.648075
2.013722	0.483452	2.092694	0.605059
2.075313	0.441122	2.160542	0.558429
2.134604	0.395626	2.225856	0.508312
2.191433	0.347089	2.288457	0.454845
2.245644	0.295645	2.348175	0.398175
2.297088	0.241434	2.404845	0.338458
2.345625	0.184605	2.458311	0.275856
2.391121	0.125313	2.508428	0.210542
2.433451	0.063722	2.555058	0.142695
2.472500	0.000000	2.598074	0.072500
Vlastni tiha klenby - jednotlive bloky:
X_p	Y_p	P
-0.043266	0.070339	0.227661
-0.000477	0.136230	0.227661
0.045702	0.199790	0.227661
0.095145	0.260847	0.227661
0.147715	0.319232	0.227661
0.203269	0.374786	0.227661
0.261654	0.427356	0.227661
0.322711	0.476799	0.227661
0.386271	0.522978	0.227661
0.452161	0.565768	0.227661
0.520200	0.605050	0.227661
0.590202	0.640718	0.227661
0.661975	0.672673	0.227661
0.735322	0.700828	0.227661
0.810042	0.725106	0.227661
0.885929	0.745440	0.227661
0.962778	0.761775	0.227662
1.040376	0.774065	0.227661
1.118510	0.782278	0.227661
1.196967	0.786389	0.227661
1.275532	0.786389	0.227661
1.353990	0.782278	0.227661
1.432125	0.774065	0.227661
1.509722	0.761775	0.227662
1.586570	0.745440	0.227661
1.662459	0.725106	0.227661
1.737178	0.700828	0.227661
1.810525	0.672673	0.227661
1.882298	0.640718	0.227661
1.952299	0.605050	0.227661
2.020339	0.565768	0.227661
2.086229	0.522978	0.227661
2.149790	0.476799	0.227661
2.210846	0.427356	0.227661
2.269231	0.374786	0.227661
2.324785	0.319232	0.227661
2.377355	0.260846	0.227661
2.426798	0.199790	0.227661
2.472977	0.136230	0.227662
2.515766	0.070339	0.227661
Tiha nadnasypu pusobici na bloky:
P	h_ver	X_p	Y_p
0.000000	0.070195	-0.104267	0.107269
0.000000	0.067847	-0.059466	0.176294
0.000000	0.065314	-0.011114	0.242881
0.000000	0.062602	0.040657	0.306846
0.000000	0.059718	0.095706	0.368017
0.000000	0.056670	0.153882	0.426223
0.000000	0.053467	0.215026	0.481307
0.000000	0.050117	0.278971	0.533117
0.000000	0.046630	0.345543	0.581511
0.000000	0.043015	0.414559	0.626357
0.000000	0.039283	0.485833	0.667530
0.000000	0.035442	0.559168	0.704919
0.000000	0.031505	0.634365	0.738419
0.000000	0.027481	0.711218	0.767939
0.000000	0.023382	0.789517	0.793397
0.000000	0.019219	0.869048	0.814721
0.000000	0.015003	0.949591	0.831853
0.000000	0.010746	1.030926	0.844744
0.000000	0.006459	1.112828	0.853358
0.000000	0.002155	1.195071	0.857672
0.000000	-0.002155	1.277429	0.857672
0.000000	-0.006459	1.359672	0.853358
0.000000	-0.010746	1.441574	0.844744
0.000000	-0.015003	1.522909	0.831853
0.000000	-0.019219	1.603452	0.814721
0.000000	-0.023382	1.682983	0.793397
0.000000	-0.027481	1.761282	0.767939
0.000000	-0.031505	1.838135	0.738420
0.000000	-0.035442	1.913332	0.704919
0.000000	-0.039283	1.986668	0.667530
0.000000	-0.043016	2.057940	0.626357
0.000000	-0.046630	2.126957	0.581511
0.000000	-0.050117	2.193529	0.533117
0.000000	-0.053467	2.257474	0.481307
0.000000	-0.056670	2.318619	0.426223
0.000000	-0.059718	2.376793	0.368017
0.000000	-0.062602	2.431843	0.306846
0.000000	-0.065314	2.483614	0.242880
0.000000	-0.067848	2.531968	0.176292
0.000000	-0.070195	2.576767	0.107270
Vnejsi zatizeni pusobici na bloky:
X_q	Y_q	Q
-0.125574	0.072500	0.000000
-0.082558	0.142695	0.000000
-0.035928	0.210542	0.000000
0.014189	0.275856	0.000000
0.067656	0.338458	0.000000
0.124325	0.398175	0.000000
0.184043	0.454845	0.000000
0.246644	0.508312	0.000000
0.311958	0.558429	0.000000
0.379806	0.605059	0.000000
0.450001	0.648075	0.000000
0.522350	0.687358	0.000000
0.596657	0.722800	0.000000
0.672717	0.754305	0.000000
0.750321	0.781786	0.000000
0.829257	0.805168	0.000000
0.909309	0.824387	0.000000
0.990257	0.839390	0.000000
1.071879	0.850136	0.000000
1.153952	0.856595	0.000000
1.236250	0.858750	0.000000
1.318548	0.856595	0.000000
1.400621	0.850136	0.000000
1.482243	0.839390	0.000000
1.600000	0.782590	1.000000
1.643243	0.805168	0.000000
1.722179	0.781786	0.000000
1.799783	0.754305	0.000000
1.875843	0.722800	0.000000
1.950150	0.687358	0.000000
2.022500	0.648075	0.000000
2.092694	0.605059	0.000000
2.160542	0.558429	0.000000
2.225856	0.508312	0.000000
2.288457	0.454845	0.000000
2.348175	0.398175	0.000000
2.404845	0.338458	0.000000
2.458311	0.275856	0.000000
2.508428	0.210542	0.000000
2.555058	0.142695	0.000000
Ortogonalni lokalni souradnice jednotlivych bloku:
a	alfa	b	beta
0.072500	2.617995	0.078531	1.021018
0.072500	2.565635	0.078531	0.968659
0.072500	2.513275	0.078531	0.916299
0.072500	2.460915	0.078531	0.863939
0.072500	2.408555	0.078531	0.811579
0.072500	2.356195	0.078531	0.759219
0.072500	2.303835	0.078531	0.706859
0.072500	2.251475	0.078531	0.654500
0.072500	2.199115	0.078531	0.602139
0.072500	2.146756	0.078531	0.549778
0.072500	2.094395	0.078531	0.497420
0.072500	2.042036	0.078531	0.445059
0.072500	1.989676	0.078531	0.392700
0.072500	1.937316	0.078531	0.340338
0.072500	1.884957	0.078531	0.287981
0.072500	1.832596	0.078531	0.235619
0.072500	1.780236	0.078531	0.183260
0.072500	1.727876	0.078531	0.130899
0.072500	1.675516	0.078531	0.078541
0.072500	1.623156	0.078531	0.026179
0.072500	1.570796	0.078531	-0.026179
0.072500	1.518436	0.078531	-0.078540
0.072500	1.466077	0.078531	-0.130900
0.072500	1.413716	0.078531	-0.183260
0.072500	1.361356	0.078531	-0.235619
0.072500	1.308997	0.078531	-0.287979
0.072500	1.256637	0.078531	-0.340341
0.072500	1.204276	0.078531	-0.392699
0.072500	1.151917	0.078531	-0.445058
0.072500	1.099557	0.078531	-0.497421
0.072500	1.047197	0.078531	-0.549780
0.072500	0.994838	0.078531	-0.602137
0.072500	0.942477	0.078531	-0.654499
0.072500	0.890118	0.078531	-0.706859
0.072500	0.837758	0.078531	-0.759219
0.072500	0.785397	0.078531	-0.811578
0.072500	0.733037	0.078531	-0.863940
0.072500	0.680678	0.078531	-0.916301
0.072500	0.628319	0.078531	-0.968656
0.072500	0.575958	0.078531	-1.021019
0.072500	0.523597	1.000000	-1.047199
Transformovane zatizeni vlastni tihou klenby:
Px	Py	Mp
0.000000	0.227661	0.004444
0.000000	0.227661	0.004844
0.000000	0.227661	0.005231
0.000000	0.227661	0.005603
0.000000	0.227661	0.005961
0.000000	0.227661	0.006301
0.000000	0.227661	0.006625
0.000000	0.227661	0.006930
0.000000	0.227661	0.007216
0.000000	0.227661	0.007483
0.000000	0.227661	0.007729
0.000000	0.227661	0.007954
0.000000	0.227661	0.008157
0.000000	0.227661	0.008338
0.000000	0.227661	0.008496
0.000000	0.227661	0.008630
0.000000	0.227662	0.008741
0.000000	0.227661	0.008828
0.000000	0.227661	0.008891
0.000000	0.227661	0.008929
0.000000	0.227661	0.008943
0.000000	0.227661	0.008933
0.000000	0.227661	0.008897
0.000000	0.227662	0.008838
0.000000	0.227661	0.008754
0.000000	0.227661	0.008647
0.000000	0.227661	0.008515
0.000000	0.227661	0.008360
0.000000	0.227661	0.008183
0.000000	0.227661	0.007983
0.000000	0.227661	0.007761
0.000000	0.227661	0.007518
0.000000	0.227661	0.007254
0.000000	0.227661	0.006970
0.000000	0.227661	0.006667
0.000000	0.227661	0.006346
0.000000	0.227661	0.006008
0.000000	0.227661	0.005653
0.000000	0.227662	0.005282
0.000000	0.227661	0.004897
0.000000	0.000000	0.000000
Transformovane zatizeni nadnasypem:
Px	Py	Mp
0.000000	0.000000	0.000000
0.000000	0.000000	0.000000
0.000000	0.000000	0.000000
0.000000	0.000000	0.000000
0.000000	0.000000	0.000000
0.000000	0.000000	0.000000
0.000000	0.000000	0.000000
0.000000	0.000000	0.000000
0.000000	0.000000	0.000000
0.000000	0.000000	0.000000
0.000000	0.000000	0.000000
0.000000	0.000000	0.000000
0.000000	0.000000	0.000000
0.000000	0.000000	0.000000
0.000000	0.000000	0.000000
0.000000	0.000000	0.000000
0.000000	0.000000	0.000000
0.000000	0.000000	0.000000
0.000000	0.000000	0.000000
0.000000	0.000000	0.000000
0.000000	0.000000	0.000000
0.000000	0.000000	0.000000
0.000000	0.000000	0.000000
0.000000	0.000000	0.000000
0.000000	0.000000	0.000000
0.000000	0.000000	0.000000
0.000000	0.000000	0.000000
0.000000	0.000000	0.000000
0.000000	0.000000	0.000000
0.000000	0.000000	0.000000
0.000000	0.000000	0.000000
0.000000	0.000000	0.000000
0.000000	0.000000	0.000000
0.000000	0.000000	0.000000
0.000000	0.000000	0.000000
0.000000	0.000000	0.000000
0.000000	0.000000	0.000000
0.000000	0.000000	0.000000
0.000000	0.000000	0.000000
0.000000	0.000000	0.000000
0.000000	0.000000	0.000000
Transformovane zatizeni vnejsich sil:
Qx	Qy	Mq
0.000000	0.000000	0.000000
0.000000	0.000000	0.000000
0.000000	0.000000	0.000000
0.000000	0.000000	0.000000
0.000000	0.000000	0.000000
0.000000	0.000000	0.000000
0.000000	0.000000	0.000000
0.000000	0.000000	0.000000
0.000000	0.000000	0.000000
0.000000	0.000000	0.000000
0.000000	0.000000	0.000000
0.000000	0.000000	0.000000
0.000000	0.000000	0.000000
0.000000	0.000000	0.000000
0.000000	0.000000	0.000000
0.000000	0.000000	0.000000
0.000000	0.000000	0.000000
0.000000	0.000000	0.000000
0.000000	0.000000	0.000000
0.000000	0.000000	0.000000
0.000000	0.000000	0.000000
0.000000	0.000000	0.000000
0.000000	0.000000	0.000000
0.000000	0.000000	0.000000
0.000000	1.000000	0.051883
0.000000	0.000000	0.000000
0.000000	0.000000	0.000000
0.000000	0.000000	0.000000
0.000000	0.000000	0.000000
0.000000	0.000000	0.000000
0.000000	0.000000	0.000000
0.000000	0.000000	0.000000
0.000000	0.000000	0.000000
0.000000	0.000000	0.000000
0.000000	0.000000	0.000000
0.000000	0.000000	0.000000
0.000000	0.000000	0.000000
0.000000	0.000000	0.000000
0.000000	0.000000	0.000000
0.000000	0.000000	0.000000
0.000000	0.000000	0.000000

*** vysledky vypoctu ***
 icase = 0
         0 -> O.K.,
        -1 -> nelze splnit omezujici podminky,
        +1 -> cilova funkce je na polyedru neomezena.
 lambda = 4.898006
 pocet bloku N = 40
 Vektor lokalnich deformaci:
   2: fi 00 ext = 3.450270
  25: fi 12 int = 7.584895
  50: fi 24 ext = 5.683510
  71: fi 35 int = 1.548880
 Vektor indexu spary mezi bloky:
0		1		2		3		4		5		6		7		8		9		10		11		12		13		14		15		16		17		18		19		20		21		22		23		24		25		26		27		28		29		30		31		32		33		34		35		36		37		38		39		40		
 Vektor normalovych sil ve sparach (+ znaci tlak):
8.544324	8.494913	8.435106	8.366122	8.289365	8.205787	8.116541	8.022843	7.925624	7.826015	7.724596	7.623037	7.521806	7.421482	7.323308	7.227563	7.134956	7.046437	6.962075	6.881982	6.807066	6.737120	6.672768	6.613790	6.560384	7.779533	7.982132	8.185740	8.389215	8.591169	8.790859	8.987212	9.178985	9.364723	9.543361	9.713500	9.873940	10.023195	10.160095	10.283094	10.390897	
 Vektor vzdalenosti N od hornoho povrchu klenby:
0.000000	0.025136	0.047552	0.067395	0.084789	0.099836	0.112620	0.123215	0.131676	0.138047	0.142378	0.144686	0.145000	0.143347	0.139737	0.134194	0.126729	0.117358	0.106098	0.092969	0.077989	0.061181	0.042562	0.022163	0.000000	0.007207	0.034804	0.059102	0.080197	0.098182	0.113143	0.125161	0.134303	0.140629	0.144183	0.145000	0.143095	0.138470	0.131105	0.120964	0.107987	
 Vektor posouvajicich sil ve sparach:
-2.927010	-2.599800	-2.285470	-1.984138	-1.695907	-1.420725	-1.158508	-0.909069	-0.672112	-0.447311	-0.234292	-0.032529	0.158497	0.339392	0.510820	0.673501	0.828146	0.975582	1.116620	1.252073	1.382881	1.509905	1.634000	1.756137	1.877177	-2.733074	-2.538715	-2.330028	-2.106362	-1.867302	-1.612285	-1.340915	-1.052904	-0.748024	-0.426040	-0.086983	0.269164	0.642303	1.032171	1.438528	1.860874	
 Vektor e_min:
0.002631	0.002615	0.002597	0.002576	0.002552	0.002526	0.002499	0.002470	0.002440	0.002409	0.002378	0.002347	0.002316	0.002285	0.002255	0.002225	0.002197	0.002169	0.002143	0.002119	0.002096	0.002074	0.002054	0.002036	0.002020	0.002395	0.002457	0.002520	0.002583	0.002645	0.002706	0.002767	0.002826	0.002883	0.002938	0.002990	0.003040	0.003086	0.003128	0.003166	0.003199	

 * Iterace c. 1 * Delta = 0.321035 *
 icase = 0
         0 -> O.K.,
        -1 -> nelze splnit omezujici podminky,
        +1 -> cilova funkce je na polyedru neomezena.
 lambda = 4.576972
 pocet bloku N = 40
 Vektor lokalnich deformaci:
   2: fi 00 ext = 3.323859
  25: fi 12 int = 7.336066
  50: fi 24 ext = 5.556034
  71: fi 35 int = 1.543827
 Vektor indexu spary mezi bloky:
0		1		2		3		4		5		6		7		8		9		10		11		12		13		14		15		16		17		18		19		20		21		22		23		24		25		26		27		28		29		30		31		32		33		34		35		36		37		38		39		40		
 Vektor normalovych sil ve sparach (+ znaci tlak):
8.368246	8.312073	8.245955	8.171385	8.089300	8.001188	7.907752	7.810375	7.710238	7.608381	7.505353	7.402285	7.300690	7.200301	7.102780	7.008311	6.917682	6.831583	6.749900	6.673700	6.602818	6.537881	6.478537	6.425736	6.378241	7.521204	7.715439	7.910659	8.106823	8.302511	8.496461	8.687834	8.875274	9.057770	9.234091	9.402682	9.562321	9.711755	9.849590	9.974410	10.084838	
 Vektor vzdalenosti N od hornoho povrchu klenby:
0.002631	0.027057	0.048825	0.068080	0.084939	0.099503	0.111857	0.122068	0.130195	0.136285	0.140374	0.142500	0.142684	0.140959	0.137336	0.131843	0.124494	0.115320	0.104340	0.091574	0.077059	0.060815	0.042875	0.023269	0.002020	0.008751	0.035485	0.059044	0.079510	0.096965	0.111478	0.123116	0.131944	0.138011	0.141356	0.142009	0.139982	0.135273	0.127861	0.117711	0.104759	
 Vektor posouvajicich sil ve sparach:
-2.792978	-2.475181	-2.170598	-1.879308	-1.601442	-1.336857	-1.085454	-0.847044	-0.621303	-0.407838	-0.206265	-0.016032	0.163430	0.332749	0.492602	0.643763	0.786970	0.923087	1.052948	1.177409	1.297411	1.413857	1.527660	1.639794	1.751151	-2.558374	-2.377754	-2.183227	-1.974217	-1.750072	-1.510301	-1.254525	-0.982319	-0.693382	-0.387579	-0.064759	0.275125	0.631924	1.005505	1.395624	1.801911	
 Vektor e_min:
0.002576	0.002559	0.002539	0.002516	0.002490	0.002463	0.002435	0.002405	0.002374	0.002342	0.002311	0.002279	0.002248	0.002217	0.002187	0.002158	0.002130	0.002103	0.002078	0.002055	0.002033	0.002013	0.001994	0.001978	0.001964	0.002316	0.002375	0.002435	0.002496	0.002556	0.002616	0.002675	0.002732	0.002789	0.002843	0.002895	0.002944	0.002990	0.003032	0.003071	0.003105	

 * Iterace c. 2 * Delta = -0.008491 *
 icase = 0
         0 -> O.K.,
        -1 -> nelze splnit omezujici podminky,
        +1 -> cilova funkce je na polyedru neomezena.
 lambda = 4.585462
 pocet bloku N = 40
 Vektor lokalnich deformaci:
   2: fi 00 ext = 3.327274
  25: fi 12 int = 7.342739
  50: fi 24 ext = 5.559432
  71: fi 35 int = 1.543967
 Vektor indexu spary mezi bloky:
0		1		2		3		4		5		6		7		8		9		10		11		12		13		14		15		16		17		18		19		20		21		22		23		24		25		26		27		28		29		30		31		32		33		34		35		36		37		38		39		40		
 Vektor normalovych sil ve sparach (+ znaci tlak):
8.372746	8.316738	8.250788	8.176311	8.094458	8.006346	7.913196	7.815948	7.715644	7.613859	7.510967	7.408189	7.306134	7.206046	7.108414	7.014088	6.923279	6.836851	6.755078	6.679055	6.607941	6.542973	6.483657	6.430429	6.382866	7.528000	7.722095	7.917735	8.113984	8.309768	8.503969	8.695449	8.883088	9.065792	9.242066	9.410777	9.570366	9.719831	9.857662	9.982454	10.092840	
 Vektor vzdalenosti N od hornoho povrchu klenby:
0.002576	0.027020	0.048804	0.068073	0.084946	0.099523	0.111886	0.122107	0.130245	0.136338	0.140435	0.142563	0.142752	0.141027	0.137402	0.131907	0.124557	0.115380	0.104387	0.091614	0.077085	0.060827	0.042864	0.023236	0.001964	0.008712	0.035468	0.059050	0.079536	0.097007	0.111532	0.123183	0.132021	0.138096	0.141447	0.142105	0.140083	0.135377	0.127969	0.117820	0.104869	
 Vektor posouvajicich sil ve sparach:
-2.796308	-2.478281	-2.173426	-1.881909	-1.603741	-1.338890	-1.087244	-0.848538	-0.622509	-0.408784	-0.206896	-0.016375	0.163370	0.332978	0.493132	0.644586	0.788093	0.924492	1.054630	1.179374	1.299643	1.416359	1.530417	1.642783	1.754398	-2.563089	-2.382108	-2.187232	-1.977844	-1.753309	-1.513160	-1.256983	-0.984343	-0.695004	-0.388788	-0.065522	0.274743	0.631979	1.005960	1.396536	1.803257	
 Vektor e_min:
0.002578	0.002560	0.002540	0.002517	0.002492	0.002465	0.002436	0.002406	0.002375	0.002344	0.002312	0.002281	0.002249	0.002218	0.002188	0.002159	0.002131	0.002105	0.002080	0.002056	0.002034	0.002014	0.001996	0.001980	0.001965	0.002318	0.002377	0.002438	0.002498	0.002558	0.002618	0.002677	0.002735	0.002791	0.002845	0.002897	0.002946	0.002992	0.003035	0.003073	0.003107	
