Vstupni soubor: klenba_1.in
*** Python MELB output ***

3.140000
0.260000
1
0.140000
24.300000
0.100000
25
2
0.500000 0.500000 0.500000
1.000000 0.500000 0.500000
0.100000
21.760000
1 0.000000
0.000000 0.600000 0.400000 2.400000 1.000000
2 950.000000 inter.txt

*****************************

Ortoganalni souradnice intrados a extrados:
X_int	Y_int	X_ext	Y_ext
-0.000000	0.000000	-0.045132	0.132526
0.121584	0.039632	0.079947	0.173297
0.244167	0.076058	0.206054	0.210770
0.367664	0.109253	0.333101	0.244919
0.491989	0.139194	0.461001	0.275721
0.617058	0.165860	0.589665	0.303154
0.742784	0.189233	0.719005	0.327199
0.869081	0.209298	0.848932	0.347840
0.995861	0.226039	0.979356	0.365063
1.123036	0.239446	1.110187	0.378856
1.250520	0.249510	1.241336	0.389208
1.378224	0.256223	1.372711	0.396114
1.506060	0.259580	1.504222	0.399568
1.633940	0.259580	1.635778	0.399568
1.761776	0.256223	1.767289	0.396114
1.889480	0.249510	1.898664	0.389208
2.016964	0.239446	2.029813	0.378856
2.144139	0.226039	2.160644	0.365063
2.270919	0.209298	2.291068	0.347840
2.397216	0.189233	2.420995	0.327199
2.522942	0.165860	2.550335	0.303154
2.648011	0.139194	2.678999	0.275721
2.772336	0.109253	2.806899	0.244919
2.895833	0.076058	2.933946	0.210770
3.018416	0.039632	3.060053	0.173297
3.140000	0.000000	3.185132	0.132526

Vlastni tiha klenby - jednotlive bloky:
X_G	Y_G	G
0.038998	0.086678	0.441264
0.162844	0.125256	0.441264
0.287660	0.160569	0.441264
0.413361	0.192593	0.441264
0.539859	0.221305	0.441264
0.667068	0.246687	0.441264
0.794899	0.268719	0.441264
0.923264	0.287388	0.441264
1.052075	0.302680	0.441264
1.181244	0.314585	0.441264
1.310680	0.323094	0.441264
1.440295	0.328202	0.441264
1.570000	0.329905	0.441264
1.699705	0.328202	0.441264
1.829320	0.323094	0.441264
1.958756	0.314585	0.441264
2.087925	0.302680	0.441264
2.216736	0.287388	0.441264
2.345101	0.268719	0.441264
2.472932	0.246687	0.441264
2.600141	0.221305	0.441264
2.726639	0.192593	0.441264
2.852340	0.160569	0.441264
2.977156	0.125256	0.441264
3.101002	0.086678	0.441264

Tiha nadnasypu pusobici na bloky:
F_fill	dY_ex	X_fill	Y_fill
0.944678	0.040771	0.016184	0.152512
0.845084	0.037473	0.141722	0.191654
0.752385	0.034149	0.268249	0.227488
0.667053	0.030802	0.395681	0.259990
0.589520	0.027433	0.523936	0.289139
0.520175	0.024045	0.652933	0.314916
0.459366	0.020641	0.782593	0.337301
0.407394	0.017223	0.912840	0.356280
0.364518	0.013792	1.043597	0.371836
0.330948	0.010353	1.174786	0.383955
0.306851	0.006906	1.306319	0.392624
0.292346	0.003454	1.438096	0.397831
0.287503	0.000000	1.570000	0.399568
0.292346	-0.003454	1.701904	0.397831
0.306851	-0.006906	1.833681	0.392624
0.330948	-0.010353	1.965214	0.383955
0.364518	-0.013792	2.096403	0.371836
0.407394	-0.017223	2.227160	0.356280
0.459366	-0.020641	2.357407	0.337301
0.520175	-0.024045	2.487067	0.314916
0.589520	-0.027433	2.616064	0.289139
0.667053	-0.030802	2.744319	0.259990
0.752385	-0.034149	2.871751	0.227488
0.845084	-0.037473	2.998278	0.191654
0.944678	-0.040771	3.123816	0.152512

Vnejsi zatizeni pusobici na bloky:
X_q	Y_q	Q
-0.045132	0.132526	0.000000
0.079947	0.173297	0.000000
0.291550	0.261515	0.083101
0.397051	0.306522	0.127900
0.525333	0.330587	0.128664
0.654335	0.351245	0.129340
0.783969	0.368482	0.129927
0.914144	0.382286	0.130424
1.044772	0.392648	0.130831
1.175762	0.399561	0.131148
1.245668	0.598633	0.008664
1.372711	0.396114	0.000000
1.504222	0.399568	0.000000
1.635778	0.399568	0.000000
1.767289	0.396114	0.000000
1.898664	0.389208	0.000000
2.029813	0.378856	0.000000
2.160644	0.365063	0.000000
2.291068	0.347840	0.000000
2.420995	0.327199	0.000000
2.550335	0.303154	0.000000
2.678999	0.275721	0.000000
2.806899	0.244919	0.000000
2.933946	0.210770	0.000000
3.060053	0.173297	0.000000

Ortogonalni lokalni souradnice jednotlivych bloku:
a	alfa	b	beta
0.070000	1.899028	0.129718	0.315102
0.070000	1.872769	0.129718	0.288843
0.070000	1.846511	0.129718	0.262585
0.070000	1.820252	0.129718	0.236326
0.070000	1.793994	0.129718	0.210068
0.070000	1.767735	0.129718	0.183809
0.070000	1.741477	0.129718	0.157551
0.070000	1.715218	0.129718	0.131292
0.070000	1.688960	0.129718	0.105034
0.070000	1.662701	0.129718	0.078775
0.070000	1.636443	0.129718	0.052517
0.070000	1.610184	0.129718	0.026258
0.070000	1.583926	0.129718	0.000000
0.070000	1.557667	0.129718	-0.026258
0.070000	1.531409	0.129718	-0.052517
0.070000	1.505150	0.129718	-0.078775
0.070000	1.478892	0.129718	-0.105034
0.070000	1.452633	0.129718	-0.131292
0.070000	1.426375	0.129718	-0.157551
0.070000	1.400116	0.129718	-0.183809
0.070000	1.373858	0.129718	-0.210068
0.070000	1.347599	0.129718	-0.236326
0.070000	1.321341	0.129718	-0.262585
0.070000	1.295082	0.129718	-0.288843
0.070000	1.268824	0.129718	-0.315102
0.070000	1.242565	1.000000	-0.328231

Transformovane zatizeni vlastni tihou klenby:
Px	Py	Mp
0.000000	0.441264	0.027166
0.000000	0.441264	0.027393
0.000000	0.441264	0.027601
0.000000	0.441264	0.027790
0.000000	0.441264	0.027960
0.000000	0.441264	0.028111
0.000000	0.441264	0.028243
0.000000	0.441264	0.028355
0.000000	0.441264	0.028447
0.000000	0.441264	0.028520
0.000000	0.441264	0.028573
0.000000	0.441264	0.028606
0.000000	0.441264	0.028620
0.000000	0.441264	0.028614
0.000000	0.441264	0.028588
0.000000	0.441264	0.028543
0.000000	0.441264	0.028478
0.000000	0.441264	0.028393
0.000000	0.441264	0.028288
0.000000	0.441264	0.028165
0.000000	0.441264	0.028021
0.000000	0.441264	0.027859
0.000000	0.441264	0.027677
0.000000	0.441264	0.027476
0.000000	0.441264	0.027256
0.000000	0.000000	0.000000

Transformovane zatizeni nadnasypem:
Px	Py	Mp
0.000000	0.944678	0.036606
0.000000	0.845084	0.034611
0.000000	0.752385	0.032457
0.000000	0.667053	0.030217
0.000000	0.589520	0.027967
0.000000	0.520175	0.025786
0.000000	0.459366	0.023748
0.000000	0.407394	0.021931
0.000000	0.364518	0.020409
0.000000	0.330948	0.019253
0.000000	0.306851	0.018531
0.000000	0.292346	0.018309
0.000000	0.287503	0.018647
0.000000	0.292346	0.019600
0.000000	0.306851	0.021218
0.000000	0.330948	0.023544
0.000000	0.364518	0.026615
0.000000	0.407394	0.030460
0.000000	0.459366	0.035102
0.000000	0.520175	0.040554
0.000000	0.589520	0.046823
0.000000	0.667053	0.053907
0.000000	0.752385	0.061796
0.000000	0.845084	0.070470
0.000000	0.944678	0.079903
0.000000	0.000000	0.000000

Transformovane zatizeni vnejsich sil:
Qx	Qy	Mq
0.000000	0.000000	-0.000000
0.000000	0.000000	-0.000000
0.000000	0.083101	0.005521
0.000000	0.127900	0.005969
0.000000	0.128664	0.006284
0.000000	0.129340	0.006593
0.000000	0.129927	0.006896
0.000000	0.130424	0.007191
0.000000	0.130831	0.007479
0.000000	0.131148	0.007757
0.000000	0.008664	-0.000002
0.000000	0.000000	-0.000000
0.000000	0.000000	-0.000000
0.000000	0.000000	0.000000
0.000000	0.000000	0.000000
0.000000	0.000000	0.000000
0.000000	0.000000	0.000000
0.000000	0.000000	0.000000
0.000000	0.000000	0.000000
0.000000	0.000000	0.000000
0.000000	0.000000	0.000000
0.000000	0.000000	0.000000
0.000000	0.000000	0.000000
0.000000	0.000000	0.000000
0.000000	0.000000	0.000000
0.000000	0.000000	0.000000

*** vysledky vypoctu ***
 icase = 0
         0 -> O.K.,
        -1 -> nelze splnit omezujici podminky,
        +1 -> cilova funkce je na polyedru neomezena.
 lambda = 23.161313
 pocet bloku N = 25
 Vektor lokalnich deformaci:
  58:  y 02 (-) = 1.099574
  73:  y 10 (+) = 3.230171
 104:  y 25 (-) = 2.264179
 Vektor indexu spary mezi bloky:
0		1		2		3		4		5		6		7		8		9		10		11		12		13		14		15		16		17		18		19		20		21		22		23		24		25
 Vektor normalovych sil ve sparach (+ znaci tlak):
77.558793	76.958439	76.401623	75.404859	74.303978	73.371992	72.605119	71.999736	71.552699	71.261107	71.122730	71.247594	71.375925	71.493528	71.600263	71.697093	71.785884	71.869550	71.951826	72.037439	72.131868	72.241438	72.373122	72.534534	72.733813	72.979546
 Vektor vzdalenosti N od hornoho povrchu klenby:
0.055059	0.044256	0.031989	0.019307	0.009536	0.003049	0.000000	0.000501	0.004619	0.012373	0.023737	0.036130	0.046417	0.054580	0.060631	0.064591	0.066497	0.066401	0.064368	0.060476	0.054819	0.047506	0.038660	0.028420	0.016937	0.004380
 Vektor posouvajicich sil ve sparach:
6.148716	6.859710	7.640163	6.621641	4.629481	2.645482	0.671358	-1.291795	-3.243431	-5.183480	-7.112273	-6.190512	-5.051284	-3.904237	-2.758835	-1.624489	-0.510439	0.574347	1.621297	2.622324	3.569943	4.457355	5.278541	6.028348	6.702556	7.297955

 * Iterace c. 1 * Delta = 0.471692 *
 icase = 0
         0 -> O.K.,
        -1 -> nelze splnit omezujici podminky,
        +1 -> cilova funkce je na polyedru neomezena.
 lambda = 22.689621
 pocet bloku N = 25
 Vektor lokalnich deformaci:
  14: fi 06 ext = 2.243711
  33: fi 16 int = 2.243711
  58:  y 02 (-) = 1.391270
 104:  y 25 (-) = 1.632353
 Vektor indexu spary mezi bloky:
0		1		2		3		4		5		6		7		8		9		10		11		12		13		14		15		16		17		18		19		20		21		22		23		24		25
 Vektor normalovych sil ve sparach (+ znaci tlak):
76.750862	76.151675	75.596643	74.612001	73.526192	72.607298	71.850398	71.253022	70.810729	70.521432	70.382928	70.502441	70.625520	70.738493	70.841411	70.934580	71.020344	71.101515	71.181759	71.265935	71.359441	71.468687	71.600526	71.762612	71.963117	72.210620
 Vektor vzdalenosti N od hornoho povrchu klenby:
0.090669	0.080114	0.068101	0.055894	0.046636	0.040560	0.037812	0.038499	0.042683	0.050382	0.061569	0.073631	0.083601	0.091470	0.097247	0.100953	0.102625	0.102313	0.100080	0.096004	0.090177	0.082705	0.073709	0.063327	0.051709	0.039020
 Vektor posouvajicich sil ve sparach:
6.110585	6.800375	7.559665	6.558020	4.603896	2.659006	0.724919	-1.197414	-3.107601	-5.005723	-6.892264	-5.985919	-4.866327	-3.739044	-2.613519	-1.499149	-0.405164	0.659486	1.686241	2.667028	3.594377	4.461501	5.262397	5.991924	6.645878	7.221062
 Vektor d_crush:
0.081641	0.081009	0.080423	0.079374	0.078215	0.077234	0.076426	0.075789	0.075319	0.075012	0.074866	0.074997	0.075133	0.075256	0.075369	0.075471	0.075564	0.075652	0.075739	0.075829	0.075928	0.076044	0.076182	0.076352	0.076562	0.076821

 * Iterace c. 2 * Delta = 0.001373 *
 icase = 0
         0 -> O.K.,
        -1 -> nelze splnit omezujici podminky,
        +1 -> cilova funkce je na polyedru neomezena.
 lambda = 22.688248
 pocet bloku N = 25
 Vektor lokalnich deformaci:
  14: fi 06 ext = 2.256768
  33: fi 16 int = 2.256768
  58:  y 02 (-) = 1.393315
 104:  y 25 (-) = 1.647773
 Vektor indexu spary mezi bloky:
0		1		2		3		4		5		6		7		8		9		10		11		12		13		14		15		16		17		18		19		20		21		22		23		24		25
 Vektor normalovych sil ve sparach (+ znaci tlak):
76.748321	76.149088	75.594360	74.609666	73.524063	72.604892	71.848237	71.250348	70.808306	70.519300	70.380743	70.500394	70.623478	70.736731	70.838991	70.932499	71.018245	71.099243	71.179617	71.263717	71.357257	71.466377	71.598276	71.760356	71.960876	72.208380
 Vektor vzdalenosti N od hornoho povrchu klenby:
0.090672	0.080118	0.068104	0.055898	0.046640	0.040563	0.037815	0.038502	0.042685	0.050384	0.061570	0.073631	0.083600	0.091469	0.097245	0.100950	0.102622	0.102309	0.100076	0.096000	0.090172	0.082700	0.073704	0.063322	0.051703	0.039014
 Vektor posouvajicich sil ve sparach:
6.110474	6.800202	7.559430	6.557835	4.603822	2.659045	0.725075	-1.197140	-3.107206	-5.005205	-6.891623	-5.985323	-4.865788	-3.738563	-2.613096	-1.498785	-0.404858	0.659734	1.686430	2.667158	3.594448	4.461513	5.262350	5.991818	6.645713	7.220838
 Vektor d_crush:
0.080790	0.080160	0.079575	0.078539	0.077396	0.076429	0.075632	0.075003	0.074538	0.074233	0.074087	0.074213	0.074343	0.074462	0.074570	0.074668	0.074758	0.074844	0.074928	0.075017	0.075115	0.075230	0.075369	0.075540	0.075751	0.076011
