Vstupni soubor: klenba_3.in
*** Python MELB output ***

3.140000
0.260000
1
0.140000
24.298000
0.050000
25
4
0.500000 0.500000 0.500000
1.000000 0.500000 0.500000
1.500000 0.500000 0.500000
2.000000 0.500000 0.500000
0.100000
21.760000
1 0.000000
0.000000 0.600000 0.400000 2.400000 1.000000
2 950.000000 inter.txt

*****************************

Ortoganalni souradnice intrados a extrados:
X_int	Y_int	X_ext	Y_ext
-0.000000	0.000000	-0.045132	0.132526
0.121584	0.039632	0.079947	0.173297
0.244167	0.076058	0.206054	0.210770
0.367664	0.109253	0.333101	0.244919
0.491989	0.139194	0.461001	0.275721
0.617058	0.165860	0.589665	0.303154
0.742784	0.189233	0.719005	0.327199
0.869081	0.209298	0.848932	0.347840
0.995861	0.226039	0.979356	0.365063
1.123036	0.239446	1.110187	0.378856
1.250520	0.249510	1.241336	0.389208
1.378224	0.256223	1.372711	0.396114
1.506060	0.259580	1.504222	0.399568
1.633940	0.259580	1.635778	0.399568
1.761776	0.256223	1.767289	0.396114
1.889480	0.249510	1.898664	0.389208
2.016964	0.239446	2.029813	0.378856
2.144139	0.226039	2.160644	0.365063
2.270919	0.209298	2.291068	0.347840
2.397216	0.189233	2.420995	0.327199
2.522942	0.165860	2.550335	0.303154
2.648011	0.139194	2.678999	0.275721
2.772336	0.109253	2.806899	0.244919
2.895833	0.076058	2.933946	0.210770
3.018416	0.039632	3.060053	0.173297
3.140000	0.000000	3.185132	0.132526

Vlastni tiha klenby - jednotlive bloky:
X_G	Y_G	G
0.038998	0.086678	0.441227
0.162844	0.125256	0.441227
0.287660	0.160569	0.441227
0.413361	0.192593	0.441227
0.539859	0.221305	0.441227
0.667068	0.246687	0.441227
0.794899	0.268719	0.441227
0.923264	0.287388	0.441227
1.052075	0.302680	0.441227
1.181244	0.314585	0.441227
1.310680	0.323094	0.441227
1.440295	0.328202	0.441227
1.570000	0.329905	0.441227
1.699705	0.328202	0.441227
1.829320	0.323094	0.441227
1.958756	0.314585	0.441227
2.087925	0.302680	0.441227
2.216736	0.287388	0.441227
2.345101	0.268719	0.441227
2.472932	0.246687	0.441227
2.600141	0.221305	0.441227
2.726639	0.192593	0.441227
2.852340	0.160569	0.441227
2.977156	0.125256	0.441227
3.101002	0.086678	0.441227

Tiha nadnasypu pusobici na bloky:
F_fill	dY_ex	X_fill	Y_fill
0.944678	0.040771	0.016184	0.152512
0.845084	0.037473	0.141722	0.191654
0.752385	0.034149	0.268249	0.227488
0.667053	0.030802	0.395681	0.259990
0.589520	0.027433	0.523936	0.289139
0.520175	0.024045	0.652933	0.314916
0.459366	0.020641	0.782593	0.337301
0.407394	0.017223	0.912840	0.356280
0.364518	0.013792	1.043597	0.371836
0.330948	0.010353	1.174786	0.383955
0.306851	0.006906	1.306319	0.392624
0.292346	0.003454	1.438096	0.397831
0.287503	0.000000	1.570000	0.399568
0.292346	-0.003454	1.701904	0.397831
0.306851	-0.006906	1.833681	0.392624
0.330948	-0.010353	1.965214	0.383955
0.364518	-0.013792	2.096403	0.371836
0.407394	-0.017223	2.227160	0.356280
0.459366	-0.020641	2.357407	0.337301
0.520175	-0.024045	2.487067	0.314916
0.589520	-0.027433	2.616064	0.289139
0.667053	-0.030802	2.744319	0.259990
0.752385	-0.034149	2.871751	0.227488
0.845084	-0.037473	2.998278	0.191654
0.944678	-0.040771	3.123816	0.152512

Vnejsi zatizeni pusobici na bloky:
X_q	Y_q	Q
-0.045132	0.132526	0.000000
0.079947	0.173297	0.000000
0.291550	0.261515	0.083101
0.397051	0.306522	0.127900
0.525333	0.330587	0.128664
0.654335	0.351245	0.129340
0.783969	0.368482	0.129927
0.914144	0.382286	0.130424
1.044772	0.392648	0.130831
1.175762	0.399561	0.131148
1.307023	0.403020	0.131375
1.438466	0.403022	0.131511
1.570000	0.399568	0.131556
1.701534	0.392660	0.131511
1.832977	0.382303	0.131375
1.964238	0.368503	0.131148
2.095228	0.351271	0.130831
2.205322	0.314786	0.089356
2.291068	0.347840	0.000000
2.420995	0.327199	0.000000
2.550335	0.303154	0.000000
2.678999	0.275721	0.000000
2.806899	0.244919	0.000000
2.933946	0.210770	0.000000
3.060053	0.173297	0.000000

Ortogonalni lokalni souradnice jednotlivych bloku:
a	alfa	b	beta
0.070000	1.899028	0.129718	0.315102
0.070000	1.872769	0.129718	0.288843
0.070000	1.846511	0.129718	0.262585
0.070000	1.820252	0.129718	0.236326
0.070000	1.793994	0.129718	0.210068
0.070000	1.767735	0.129718	0.183809
0.070000	1.741477	0.129718	0.157551
0.070000	1.715218	0.129718	0.131292
0.070000	1.688960	0.129718	0.105034
0.070000	1.662701	0.129718	0.078775
0.070000	1.636443	0.129718	0.052517
0.070000	1.610184	0.129718	0.026258
0.070000	1.583926	0.129718	0.000000
0.070000	1.557667	0.129718	-0.026258
0.070000	1.531409	0.129718	-0.052517
0.070000	1.505150	0.129718	-0.078775
0.070000	1.478892	0.129718	-0.105034
0.070000	1.452633	0.129718	-0.131292
0.070000	1.426375	0.129718	-0.157551
0.070000	1.400116	0.129718	-0.183809
0.070000	1.373858	0.129718	-0.210068
0.070000	1.347599	0.129718	-0.236326
0.070000	1.321341	0.129718	-0.262585
0.070000	1.295082	0.129718	-0.288843
0.070000	1.268824	0.129718	-0.315102
0.070000	1.242565	1.000000	-0.328231

Transformovane zatizeni vlastni tihou klenby:
Px	Py	Mp
0.000000	0.441227	0.027163
0.000000	0.441227	0.027391
0.000000	0.441227	0.027599
0.000000	0.441227	0.027788
0.000000	0.441227	0.027958
0.000000	0.441227	0.028109
0.000000	0.441227	0.028240
0.000000	0.441227	0.028352
0.000000	0.441227	0.028445
0.000000	0.441227	0.028517
0.000000	0.441227	0.028571
0.000000	0.441227	0.028604
0.000000	0.441227	0.028618
0.000000	0.441227	0.028612
0.000000	0.441227	0.028586
0.000000	0.441227	0.028540
0.000000	0.441227	0.028475
0.000000	0.441227	0.028390
0.000000	0.441227	0.028286
0.000000	0.441227	0.028162
0.000000	0.441227	0.028019
0.000000	0.441227	0.027856
0.000000	0.441227	0.027675
0.000000	0.441227	0.027474
0.000000	0.441227	0.027254
0.000000	0.000000	0.000000

Transformovane zatizeni nadnasypem:
Px	Py	Mp
0.000000	0.944678	0.036606
0.000000	0.845084	0.034611
0.000000	0.752385	0.032457
0.000000	0.667053	0.030217
0.000000	0.589520	0.027967
0.000000	0.520175	0.025786
0.000000	0.459366	0.023748
0.000000	0.407394	0.021931
0.000000	0.364518	0.020409
0.000000	0.330948	0.019253
0.000000	0.306851	0.018531
0.000000	0.292346	0.018309
0.000000	0.287503	0.018647
0.000000	0.292346	0.019600
0.000000	0.306851	0.021218
0.000000	0.330948	0.023544
0.000000	0.364518	0.026615
0.000000	0.407394	0.030460
0.000000	0.459366	0.035102
0.000000	0.520175	0.040554
0.000000	0.589520	0.046823
0.000000	0.667053	0.053907
0.000000	0.752385	0.061796
0.000000	0.845084	0.070470
0.000000	0.944678	0.079903
0.000000	0.000000	0.000000

Transformovane zatizeni vnejsich sil:
Qx	Qy	Mq
0.000000	0.000000	-0.000000
0.000000	0.000000	-0.000000
0.000000	0.083101	0.005521
0.000000	0.127900	0.005969
0.000000	0.128664	0.006284
0.000000	0.129340	0.006593
0.000000	0.129927	0.006896
0.000000	0.130424	0.007191
0.000000	0.130831	0.007479
0.000000	0.131148	0.007757
0.000000	0.131375	0.008026
0.000000	0.131511	0.008285
0.000000	0.131556	0.008533
0.000000	0.131511	0.008768
0.000000	0.131375	0.008992
0.000000	0.131148	0.009202
0.000000	0.130831	0.009399
0.000000	0.089356	0.004730
0.000000	0.000000	0.000000
0.000000	0.000000	0.000000
0.000000	0.000000	0.000000
0.000000	0.000000	0.000000
0.000000	0.000000	0.000000
0.000000	0.000000	0.000000
0.000000	0.000000	0.000000
0.000000	0.000000	0.000000

*** vysledky vypoctu ***
 icase = 0
         0 -> O.K.,
        -1 -> nelze splnit omezujici podminky,
        +1 -> cilova funkce je na polyedru neomezena.
 lambda = 16.612950
 pocet bloku N = 25
 Vektor lokalnich deformaci:
  58:  y 02 (-) = 0.693692
  87:  y 17 (+) = 3.583634
 104:  y 25 (-) = 2.990936
 Vektor indexu spary mezi bloky:
0		1		2		3		4		5		6		7		8		9		10		11		12		13		14		15		16		17		18		19		20		21		22		23		24		25
 Vektor normalovych sil ve sparach (+ znaci tlak):
93.700885	93.196195	92.723874	91.934734	91.067305	90.315298	89.674084	89.139286	88.707228	88.374459	88.138464	87.997122	87.949014	87.993478	88.130406	88.360531	88.685138	89.106278	89.528305	89.766551	90.001389	90.239041	90.486398	90.750994	91.040893	91.364623
 Vektor vzdalenosti N od hornoho povrchu klenby:
0.037956	0.034030	0.028395	0.021636	0.015692	0.010692	0.006645	0.003556	0.001423	0.000240	-0.000000	0.000694	0.002311	0.004840	0.008271	0.012591	0.017790	0.023855	0.030648	0.036024	0.039277	0.040497	0.039786	0.037251	0.033008	0.027184
 Vektor posouvajicich sil ve sparach:
2.292017	3.428192	4.636195	4.574623	3.833961	3.116656	2.421920	1.748304	1.093774	0.455780	-0.168643	-0.782798	-1.390229	-1.994624	-2.599721	-3.209211	-3.826638	-4.455313	-4.423050	-2.958424	-1.543359	-0.184976	1.110381	2.337231	3.491030	4.568230

 * Iterace c. 1 * Delta = -0.000000 *
 icase = 0
         0 -> O.K.,
        -1 -> nelze splnit omezujici podminky,
        +1 -> cilova funkce je na polyedru neomezena.
 lambda = 16.612950
 pocet bloku N = 25
 Vektor lokalnich deformaci:
  58:  y 02 (-) = 0.693692
  87:  y 17 (+) = 3.583634
 104:  y 25 (-) = 2.990936
 Vektor indexu spary mezi bloky:
0		1		2		3		4		5		6		7		8		9		10		11		12		13		14		15		16		17		18		19		20		21		22		23		24		25
 Vektor normalovych sil ve sparach (+ znaci tlak):
93.700908	93.196218	92.723850	91.934733	91.067228	90.315351	89.674039	89.139254	88.707119	88.374509	88.138454	87.997160	87.949036	87.993435	88.130426	88.360534	88.685180	89.106259	89.528330	89.766529	90.001385	90.239017	90.486385	90.750991	91.040898	91.364621
 Vektor vzdalenosti N od hornoho povrchu klenby:
0.081598	0.077909	0.072498	0.066118	0.060597	0.055971	0.052248	0.049432	0.047522	0.046513	0.046397	0.047166	0.048808	0.051314	0.054672	0.058872	0.063901	0.069748	0.076325	0.081580	0.084714	0.085814	0.084979	0.082312	0.077926	0.071943
 Vektor posouvajicich sil ve sparach:
2.292017	3.428192	4.636195	4.574623	3.833961	3.116656	2.421920	1.748304	1.093774	0.455780	-0.168643	-0.782798	-1.390229	-1.994624	-2.599721	-3.209211	-3.826638	-4.455313	-4.423050	-2.958424	-1.543359	-0.184976	1.110381	2.337231	3.491030	4.568230
 Vektor d_crush:
0.098633	0.098101	0.097604	0.096773	0.095860	0.095069	0.094394	0.093831	0.093376	0.093026	0.092777	0.092629	0.092578	0.092625	0.092769	0.093011	0.093353	0.093796	0.094240	0.094491	0.094738	0.094988	0.095249	0.095527	0.095833	0.096173
