Vstupni soubor: klenba_4.in
*** Python MELB output ***

3.140000
0.260000
1
0.140000
24.300000
0.100000
25
4
0.250000 0.500000 0.500000
0.750000 0.500000 0.500000
1.250000 0.500000 0.500000
1.750000 0.500000 0.500000
0.100000
21.760000
1 0.000000
0.000000 0.600000 0.400000 2.400000 0.000000
2 950.000000 inter.txt

*****************************

Ortoganalni souradnice intrados a extrados:
X_int	Y_int	X_ext	Y_ext
-0.000000	0.000000	-0.045132	0.132526
0.121584	0.039632	0.079947	0.173297
0.244167	0.076058	0.206054	0.210770
0.367664	0.109253	0.333101	0.244919
0.491989	0.139194	0.461001	0.275721
0.617058	0.165860	0.589665	0.303154
0.742784	0.189233	0.719005	0.327199
0.869081	0.209298	0.848932	0.347840
0.995861	0.226039	0.979356	0.365063
1.123036	0.239446	1.110187	0.378856
1.250520	0.249510	1.241336	0.389208
1.378224	0.256223	1.372711	0.396114
1.506060	0.259580	1.504222	0.399568
1.633940	0.259580	1.635778	0.399568
1.761776	0.256223	1.767289	0.396114
1.889480	0.249510	1.898664	0.389208
2.016964	0.239446	2.029813	0.378856
2.144139	0.226039	2.160644	0.365063
2.270919	0.209298	2.291068	0.347840
2.397216	0.189233	2.420995	0.327199
2.522942	0.165860	2.550335	0.303154
2.648011	0.139194	2.678999	0.275721
2.772336	0.109253	2.806899	0.244919
2.895833	0.076058	2.933946	0.210770
3.018416	0.039632	3.060053	0.173297
3.140000	0.000000	3.185132	0.132526

Vlastni tiha klenby - jednotlive bloky:
X_G	Y_G	G
0.038998	0.086678	0.441264
0.162844	0.125256	0.441264
0.287660	0.160569	0.441264
0.413361	0.192593	0.441264
0.539859	0.221305	0.441264
0.667068	0.246687	0.441264
0.794899	0.268719	0.441264
0.923264	0.287388	0.441264
1.052075	0.302680	0.441264
1.181244	0.314585	0.441264
1.310680	0.323094	0.441264
1.440295	0.328202	0.441264
1.570000	0.329905	0.441264
1.699705	0.328202	0.441264
1.829320	0.323094	0.441264
1.958756	0.314585	0.441264
2.087925	0.302680	0.441264
2.216736	0.287388	0.441264
2.345101	0.268719	0.441264
2.472932	0.246687	0.441264
2.600141	0.221305	0.441264
2.726639	0.192593	0.441264
2.852340	0.160569	0.441264
2.977156	0.125256	0.441264
3.101002	0.086678	0.441264

Tiha nadnasypu pusobici na bloky:
F_fill	dY_ex	X_fill	Y_fill
0.944678	0.040771	0.016184	0.152512
0.845084	0.037473	0.141722	0.191654
0.752385	0.034149	0.268249	0.227488
0.667053	0.030802	0.395681	0.259990
0.589520	0.027433	0.523936	0.289139
0.520175	0.024045	0.652933	0.314916
0.459366	0.020641	0.782593	0.337301
0.407394	0.017223	0.912840	0.356280
0.364518	0.013792	1.043597	0.371836
0.330948	0.010353	1.174786	0.383955
0.306851	0.006906	1.306319	0.392624
0.292346	0.003454	1.438096	0.397831
0.287503	0.000000	1.570000	0.399568
0.292346	-0.003454	1.701904	0.397831
0.306851	-0.006906	1.833681	0.392624
0.330948	-0.010353	1.965214	0.383955
0.364518	-0.013792	2.096403	0.371836
0.407394	-0.017223	2.227160	0.356280
0.459366	-0.020641	2.357407	0.337301
0.520175	-0.024045	2.487067	0.314916
0.589520	-0.027433	2.616064	0.289139
0.667053	-0.030802	2.744319	0.259990
0.752385	-0.034149	2.871751	0.227488
0.845084	-0.037473	2.998278	0.191654
0.944678	-0.040771	3.123816	0.152512

Vnejsi zatizeni pusobici na bloky:
X_q	Y_q	Q
0.039974	0.192447	0.079947
0.143001	0.248243	0.126106
0.269577	0.279068	0.127047
0.397051	0.306522	0.127900
0.525333	0.330587	0.128664
0.654335	0.351245	0.129340
0.783969	0.368482	0.129927
0.914144	0.382286	0.130424
1.044772	0.392648	0.130831
1.175762	0.399561	0.131148
1.307023	0.403020	0.131375
1.438466	0.403022	0.131511
1.570000	0.399568	0.131556
1.701534	0.392660	0.131511
1.832977	0.382303	0.131375
1.949332	0.362412	0.101336
2.029813	0.378856	0.000000
2.160644	0.365063	0.000000
2.291068	0.347840	0.000000
2.420995	0.327199	0.000000
2.550335	0.303154	0.000000
2.678999	0.275721	0.000000
2.806899	0.244919	0.000000
2.933946	0.210770	0.000000
3.060053	0.173297	0.000000

Ortogonalni lokalni souradnice jednotlivych bloku:
a	alfa	b	beta
0.070000	1.899028	0.129718	0.315102
0.070000	1.872769	0.129718	0.288843
0.070000	1.846511	0.129718	0.262585
0.070000	1.820252	0.129718	0.236326
0.070000	1.793994	0.129718	0.210068
0.070000	1.767735	0.129718	0.183809
0.070000	1.741477	0.129718	0.157551
0.070000	1.715218	0.129718	0.131292
0.070000	1.688960	0.129718	0.105034
0.070000	1.662701	0.129718	0.078775
0.070000	1.636443	0.129718	0.052517
0.070000	1.610184	0.129718	0.026258
0.070000	1.583926	0.129718	0.000000
0.070000	1.557667	0.129718	-0.026258
0.070000	1.531409	0.129718	-0.052517
0.070000	1.505150	0.129718	-0.078775
0.070000	1.478892	0.129718	-0.105034
0.070000	1.452633	0.129718	-0.131292
0.070000	1.426375	0.129718	-0.157551
0.070000	1.400116	0.129718	-0.183809
0.070000	1.373858	0.129718	-0.210068
0.070000	1.347599	0.129718	-0.236326
0.070000	1.321341	0.129718	-0.262585
0.070000	1.295082	0.129718	-0.288843
0.070000	1.268824	0.129718	-0.315102
0.070000	1.242565	1.000000	-0.328231

Transformovane zatizeni vlastni tihou klenby:
Px	Py	Mp
0.000000	0.441264	0.027166
0.000000	0.441264	0.027393
0.000000	0.441264	0.027601
0.000000	0.441264	0.027790
0.000000	0.441264	0.027960
0.000000	0.441264	0.028111
0.000000	0.441264	0.028243
0.000000	0.441264	0.028355
0.000000	0.441264	0.028447
0.000000	0.441264	0.028520
0.000000	0.441264	0.028573
0.000000	0.441264	0.028606
0.000000	0.441264	0.028620
0.000000	0.441264	0.028614
0.000000	0.441264	0.028588
0.000000	0.441264	0.028543
0.000000	0.441264	0.028478
0.000000	0.441264	0.028393
0.000000	0.441264	0.028288
0.000000	0.441264	0.028165
0.000000	0.441264	0.028021
0.000000	0.441264	0.027859
0.000000	0.441264	0.027677
0.000000	0.441264	0.027476
0.000000	0.441264	0.027256
0.000000	0.000000	0.000000

Transformovane zatizeni nadnasypem:
Px	Py	Mp
0.000000	0.944678	0.036606
0.000000	0.845084	0.034611
0.000000	0.752385	0.032457
0.000000	0.667053	0.030217
0.000000	0.589520	0.027967
0.000000	0.520175	0.025786
0.000000	0.459366	0.023748
0.000000	0.407394	0.021931
0.000000	0.364518	0.020409
0.000000	0.330948	0.019253
0.000000	0.306851	0.018531
0.000000	0.292346	0.018309
0.000000	0.287503	0.018647
0.000000	0.292346	0.019600
0.000000	0.306851	0.021218
0.000000	0.330948	0.023544
0.000000	0.364518	0.026615
0.000000	0.407394	0.030460
0.000000	0.459366	0.035102
0.000000	0.520175	0.040554
0.000000	0.589520	0.046823
0.000000	0.667053	0.053907
0.000000	0.752385	0.061796
0.000000	0.845084	0.070470
0.000000	0.944678	0.079903
0.000000	0.000000	0.000000

Transformovane zatizeni vnejsich sil:
Qx	Qy	Mq
0.000000	0.079947	0.005000
0.000000	0.126106	0.005326
0.000000	0.127047	0.005649
0.000000	0.127900	0.005969
0.000000	0.128664	0.006284
0.000000	0.129340	0.006593
0.000000	0.129927	0.006896
0.000000	0.130424	0.007191
0.000000	0.130831	0.007479
0.000000	0.131148	0.007757
0.000000	0.131375	0.008026
0.000000	0.131511	0.008285
0.000000	0.131556	0.008533
0.000000	0.131511	0.008768
0.000000	0.131375	0.008992
0.000000	0.101336	0.005600
0.000000	0.000000	0.000000
0.000000	0.000000	0.000000
0.000000	0.000000	0.000000
0.000000	0.000000	0.000000
0.000000	0.000000	0.000000
0.000000	0.000000	0.000000
0.000000	0.000000	0.000000
0.000000	0.000000	0.000000
0.000000	0.000000	0.000000
0.000000	0.000000	0.000000

*** vysledky vypoctu ***
 icase = 0
         0 -> O.K.,
        -1 -> nelze splnit omezujici podminky,
        +1 -> cilova funkce je na polyedru neomezena.
 lambda = 72.362806
 pocet bloku N = 25
 Vektor lokalnich deformaci:
  56:  y 01 (-) = 0.563041
  85:  y 16 (+) = 8.972379
 104:  y 25 (-) = 8.511357
 Vektor indexu spary mezi bloky:
0		1		2		3		4		5		6		7		8		9		10		11		12		13		14		15		16		17		18		19		20		21		22		23		24		25
 Vektor normalovych sil ve sparach (+ znaci tlak):
269.066005	266.147206	262.522201	259.248494	256.329702	253.769185	251.569842	249.733593	248.262649	247.157931	246.420795	246.051782	246.051223	246.419261	247.155476	248.259481	249.532312	250.196504	250.736292	251.156193	251.461371	251.658073	251.753183	251.754343	251.669793	251.508335
 Vektor vzdalenosti N od hornoho povrchu klenby:
0.066138	0.053229	0.041348	0.030677	0.021375	0.013588	0.007451	0.003079	0.000570	0.000000	0.001422	0.004864	0.010330	0.017797	0.027217	0.038519	0.051520	0.063002	0.071447	0.076902	0.079408	0.079005	0.075729	0.069614	0.060691	0.048991
 Vektor posouvajicich sil ve sparach:
26.406051	26.614721	23.574846	20.393763	17.086998	13.669772	10.157002	6.563327	2.903160	-0.809332	-4.560175	-8.335529	-12.121679	-15.904977	-19.671804	-23.408526	-24.953236	-19.193204	-13.457380	-7.757083	-2.103037	3.494714	9.026900	14.485126	19.861921	25.150833

 * Iterace c. 1 * Delta = 34.203325 *
 icase = 0
         0 -> O.K.,
        -1 -> nelze splnit omezujici podminky,
        +1 -> cilova funkce je na polyedru neomezena.
 lambda = 38.159482
 pocet bloku N = 25
 Vektor lokalnich deformaci:
   1: fi 00 int = 0.213776
  20: fi 09 ext = 0.680619
  41: fi 20 int = 0.466843
  56:  y 01 (-) = 0.443899
 Vektor indexu spary mezi bloky:
0		1		2		3		4		5		6		7		8		9		10		11		12		13		14		15		16		17		18		19		20		21		22		23		24		25
 Vektor normalovych sil ve sparach (+ znaci tlak):
156.367537	154.584680	152.465309	150.562957	148.875962	147.402410	146.140594	145.088674	144.245034	143.608256	143.177051	142.950431	142.927646	143.108303	143.492288	144.079757	144.766760	145.144626	145.470603	145.749224	145.985849	146.186690	146.358655	146.509349	146.646898	146.779939
 Vektor vzdalenosti N od hornoho povrchu klenby:
0.100451	0.087888	0.076493	0.066293	0.057412	0.049965	0.044052	0.039757	0.037151	0.036286	0.037197	0.039902	0.044399	0.050668	0.058672	0.068355	0.079586	0.089526	0.096750	0.101314	0.103274	0.102687	0.099614	0.094118	0.086264	0.076124
 Vektor posouvajicich sil ve sparach:
15.594284	15.458468	13.643665	11.787328	9.896022	7.975706	6.031771	4.069096	2.092116	0.104853	-1.889004	-3.886018	-5.882951	-7.876682	-9.864129	-11.842176	-12.674767	-9.669639	-6.695286	-3.761121	-0.875962	1.952055	4.715572	7.408099	10.024076	12.558953
 Vektor d_crush:
0.283227	0.280155	0.276339	0.272893	0.269821	0.267125	0.264810	0.262877	0.261329	0.260166	0.259390	0.259002	0.259001	0.259389	0.260164	0.261326	0.262666	0.263365	0.263933	0.264375	0.264696	0.264903	0.265003	0.265005	0.264916	0.264746

 * Iterace c. 2 * Delta = 15.492798 *
 icase = 0
         0 -> O.K.,
        -1 -> nelze splnit omezujici podminky,
        +1 -> cilova funkce je na polyedru neomezena.
 lambda = 22.666683
 pocet bloku N = 25
 Vektor lokalnich deformaci:
   1: fi 00 int = 0.710833
  20: fi 09 ext = 1.296093
  41: fi 20 int = 0.581919
  43: fi 21 int = 0.003341
 Vektor indexu spary mezi bloky:
0		1		2		3		4		5		6		7		8		9		10		11		12		13		14		15		16		17		18		19		20		21		22		23		24		25
 Vektor normalovych sil ve sparach (+ znaci tlak):
105.441104	104.189214	102.768142	101.503290	100.390341	99.425106	98.603829	97.922801	97.378932	96.969429	96.691966	96.544811	96.526754	96.637161	96.875867	97.243466	97.678966	97.940775	98.183255	98.410971	98.629334	98.844542	99.063544	99.293862	99.543604	99.821310
 Vektor vzdalenosti N od hornoho povrchu klenby:
0.097450	0.085607	0.074988	0.065606	0.057547	0.050884	0.045680	0.041981	0.039823	0.039230	0.040214	0.042774	0.046899	0.052568	0.059749	0.068401	0.078418	0.087309	0.093834	0.098058	0.100057	0.099911	0.097706	0.093538	0.087510	0.079733
 Vektor posouvajicich sil ve sparach:
10.069551	9.781108	8.525055	7.273048	6.027585	4.790427	3.562647	2.344700	1.136495	-0.062542	-1.253388	-2.437321	-3.615858	-4.790648	-5.963389	-7.135735	-7.636307	-5.869229	-4.135545	-2.443814	-0.801999	0.782624	2.303554	3.755156	5.132727	6.432571
 Vektor d_crush:
0.164597	0.162721	0.160490	0.158487	0.156712	0.155160	0.153832	0.152725	0.151837	0.151167	0.150713	0.150474	0.150450	0.150640	0.151045	0.151663	0.152386	0.152784	0.153127	0.153420	0.153669	0.153881	0.154062	0.154220	0.154365	0.154505

 * Iterace c. 3 * Delta = 3.427539 *
 icase = 0
         0 -> O.K.,
        -1 -> nelze splnit omezujici podminky,
        +1 -> cilova funkce je na polyedru neomezena.
 lambda = 19.239144
 pocet bloku N = 25
 Vektor lokalnich deformaci:
   1: fi 00 int = 0.940768
  18: fi 08 ext = 1.865905
  39: fi 19 int = 1.400987
  52: fi 25 ext = 0.475849
 Vektor indexu spary mezi bloky:
0		1		2		3		4		5		6		7		8		9		10		11		12		13		14		15		16		17		18		19		20		21		22		23		24		25
 Vektor normalovych sil ve sparach (+ znaci tlak):
103.278780	102.205899	100.994559	99.919423	98.975886	98.159166	97.464858	96.889020	96.428087	96.078956	95.839138	95.706713	95.680248	95.759174	95.943471	96.233583	96.578163	96.772627	96.948516	97.110510	97.264026	97.415394	97.571471	97.739921	97.928873	98.146901
 Vektor vzdalenosti N od hornoho povrchu klenby:
0.085667	0.077970	0.071189	0.065326	0.060418	0.056491	0.053564	0.051647	0.050747	0.050861	0.051986	0.054110	0.057222	0.061306	0.066342	0.072310	0.079140	0.084703	0.087934	0.088898	0.087666	0.084317	0.078938	0.071627	0.062489	0.051641
 Vektor posouvajicich sil ve sparach:
6.385656	6.303334	5.412317	4.536793	3.678195	2.837188	2.013720	1.207097	0.416058	-0.361160	-1.126734	-1.883159	-2.633172	-3.379650	-4.125518	-4.873655	-5.055656	-3.318369	-1.616235	0.042208	1.649023	3.196954	4.679528	6.091137	7.427103	8.683761
 Vektor d_crush:
0.110991	0.109673	0.108177	0.106846	0.105674	0.104658	0.103794	0.103077	0.102504	0.102073	0.101781	0.101626	0.101607	0.101723	0.101975	0.102362	0.102820	0.103096	0.103351	0.103590	0.103820	0.104047	0.104277	0.104520	0.104783	0.105075

 * Iterace c. 4 * Delta = 0.005272 *
 icase = 0
         0 -> O.K.,
        -1 -> nelze splnit omezujici podminky,
        +1 -> cilova funkce je na polyedru neomezena.
 lambda = 19.233872
 pocet bloku N = 25
 Vektor lokalnich deformaci:
   1: fi 00 int = 0.948297
  18: fi 08 ext = 1.893392
  39: fi 19 int = 1.449417
  52: fi 25 ext = 0.504322
 Vektor indexu spary mezi bloky:
0		1		2		3		4		5		6		7		8		9		10		11		12		13		14		15		16		17		18		19		20		21		22		23		24		25
 Vektor normalovych sil ve sparach (+ znaci tlak):
103.260497	102.187778	100.976634	99.901801	98.958396	98.141975	97.447723	96.872049	96.411252	96.062112	95.822484	95.690039	95.663720	95.742601	95.926802	96.216882	96.561387	96.755836	96.931699	97.093723	97.247245	97.398627	97.554728	97.723246	97.912260	98.130351
 Vektor vzdalenosti N od hornoho povrchu klenby:
0.085652	0.077957	0.071177	0.065316	0.060409	0.056484	0.053558	0.051642	0.050743	0.050858	0.051983	0.054109	0.057221	0.061305	0.066342	0.072309	0.079139	0.084702	0.087934	0.088898	0.087666	0.084318	0.078940	0.071630	0.062494	0.051648
 Vektor posouvajicich sil ve sparach:
6.383439	6.301040	5.410187	4.534844	3.676441	2.835642	2.012393	1.206000	0.415199	-0.361773	-1.127097	-1.883268	-2.633024	-3.379245	-4.124856	-4.872740	-5.054648	-3.317801	-1.616109	0.041893	1.648266	3.195757	4.677892	6.089062	7.424591	8.680813
 Vektor d_crush:
0.108715	0.107585	0.106310	0.105178	0.104185	0.103325	0.102595	0.101988	0.101503	0.101136	0.100883	0.100744	0.100716	0.100799	0.100993	0.101299	0.101661	0.101866	0.102051	0.102222	0.102383	0.102543	0.102707	0.102884	0.103083	0.103313
