Vstupni soubor: klenba_5.in
*** Python MELB output ***

3.140000
0.260000
1
0.140000
24.300000
0.050000
24
5
0.250000 0.500000 0.500000
0.750000 0.500000 0.500000
1.250000 0.500000 0.500000
1.750000 0.500000 0.500000
2.250000 0.500000 0.500000
0.100000
21.760000
1 0.000000
0.000000 0.600000 0.400000 2.399800 0.000000
3 950.000000 inter.txt

*****************************

Ortoganalni souradnice intrados a extrados:
X_int	Y_int	X_ext	Y_ext
-0.000000	0.000000	-0.045132	0.132526
0.126672	0.041214	0.085182	0.174924
0.254424	0.078948	0.216606	0.213743
0.383161	0.113174	0.349043	0.248953
0.512785	0.143866	0.482394	0.280527
0.643200	0.171002	0.616558	0.308443
0.774308	0.194560	0.751435	0.332679
0.906012	0.214525	0.886925	0.353217
1.038213	0.230879	1.022926	0.370042
1.170811	0.243613	1.159336	0.383141
1.303708	0.252714	1.296053	0.392505
1.436804	0.258178	1.432975	0.398126
1.570000	0.260000	1.570000	0.400000
1.703196	0.258178	1.707025	0.398126
1.836292	0.252714	1.843947	0.392505
1.969189	0.243613	1.980664	0.383141
2.101787	0.230879	2.117074	0.370042
2.233988	0.214525	2.253075	0.353217
2.365692	0.194560	2.388565	0.332679
2.496800	0.171002	2.523442	0.308443
2.627215	0.143866	2.657606	0.280527
2.756839	0.113174	2.790957	0.248953
2.885576	0.078948	2.923394	0.213743
3.013328	0.041214	3.054818	0.174924
3.140000	0.000000	3.185132	0.132526

Vlastni tiha klenby - jednotlive bloky:
X_G	Y_G	G
0.041578	0.087480	0.459645
0.170628	0.127524	0.459645
0.300724	0.164024	0.459645
0.431770	0.196952	0.459645
0.563667	0.226283	0.459645
0.696317	0.251996	0.459645
0.829621	0.274072	0.459645
0.963478	0.292494	0.459645
1.097790	0.307248	0.459645
1.232454	0.318323	0.459645
1.367372	0.325711	0.459645
1.502440	0.329407	0.459645
1.637560	0.329407	0.459645
1.772628	0.325711	0.459645
1.907546	0.318323	0.459645
2.042210	0.307248	0.459645
2.176522	0.292494	0.459645
2.310379	0.274072	0.459645
2.443683	0.251996	0.459645
2.576333	0.226283	0.459645
2.708230	0.196952	0.459645
2.839276	0.164024	0.459645
2.969372	0.127524	0.459645
3.098422	0.087480	0.459645

Tiha nadnasypu pusobici na bloky:
F_fill	dY_ex	X_fill	Y_fill
0.981906	0.042398	0.018695	0.153293
0.874143	0.038819	0.149503	0.193923
0.774209	0.035210	0.281379	0.230963
0.682655	0.031575	0.414227	0.264387
0.599982	0.027916	0.547957	0.294169
0.526641	0.024236	0.682479	0.320288
0.463029	0.020538	0.817704	0.342724
0.409489	0.016825	0.953547	0.361459
0.366310	0.013099	1.089924	0.376476
0.333722	0.009364	1.226743	0.387758
0.311900	0.005621	1.363902	0.395290
0.300960	0.001874	1.501276	0.399060
0.300960	-0.001874	1.638724	0.399060
0.311900	-0.005621	1.776098	0.395290
0.333722	-0.009364	1.913257	0.387758
0.366310	-0.013099	2.050076	0.376476
0.409489	-0.016825	2.186453	0.361459
0.463029	-0.020538	2.322296	0.342724
0.526641	-0.024236	2.457521	0.320288
0.599982	-0.027916	2.592043	0.294169
0.682655	-0.031575	2.725773	0.264387
0.774209	-0.035210	2.858621	0.230963
0.874143	-0.038819	2.990497	0.193923
0.981906	-0.042398	3.121305	0.153293

Vnejsi zatizeni pusobici na bloky:
X_q	Y_q	Q
0.042591	0.195510	0.085182
0.150894	0.252562	0.131424
0.282825	0.284163	0.132437
0.415719	0.312102	0.133350
0.549476	0.336359	0.134164
0.683997	0.356915	0.134877
0.819180	0.373756	0.135490
0.954925	0.386867	0.136001
1.091131	0.396241	0.136410
1.227694	0.401869	0.136717
1.364514	0.403747	0.136922
1.501488	0.401874	0.137025
1.638512	0.396252	0.137025
1.775486	0.386884	0.136922
1.912306	0.373778	0.136717
2.048869	0.356943	0.136410
2.185075	0.336392	0.136001
2.320820	0.312141	0.135490
2.444282	0.274010	0.111435
2.523442	0.308443	0.000000
2.657606	0.280527	0.000000
2.790957	0.248953	0.000000
2.923394	0.213743	0.000000
3.054818	0.174924	0.000000

Ortogonalni lokalni souradnice jednotlivych bloku:
a	alfa	b	beta
0.023333	1.899028	0.135123	0.314555
0.023333	1.871675	0.135123	0.287202
0.023333	1.844322	0.135123	0.259850
0.023333	1.816970	0.135123	0.232497
0.023333	1.789617	0.135123	0.205145
0.023333	1.762265	0.135123	0.177792
0.023333	1.734912	0.135123	0.150439
0.023333	1.707559	0.135123	0.123087
0.023333	1.680207	0.135123	0.095734
0.023333	1.652854	0.135123	0.068382
0.023333	1.625502	0.135123	0.041029
0.023333	1.598149	0.135123	0.013676
0.023333	1.570796	0.135123	-0.013676
0.023333	1.543444	0.135123	-0.041029
0.023333	1.516091	0.135123	-0.068382
0.023333	1.488739	0.135123	-0.095734
0.023333	1.461386	0.135123	-0.123087
0.023333	1.434033	0.135123	-0.150439
0.023333	1.406681	0.135123	-0.177792
0.023333	1.379328	0.135123	-0.205145
0.023333	1.351976	0.135123	-0.232497
0.023333	1.324623	0.135123	-0.259850
0.023333	1.297270	0.135123	-0.287202
0.023333	1.269918	0.135123	-0.314555
0.023333	1.242565	1.000000	-0.328231

Transformovane zatizeni vlastni tihou klenby:
Px	Py	Mp
0.000000	0.459645	0.029484
0.000000	0.459645	0.029739
0.000000	0.459645	0.029973
0.000000	0.459645	0.030184
0.000000	0.459645	0.030372
0.000000	0.459645	0.030538
0.000000	0.459645	0.030681
0.000000	0.459645	0.030801
0.000000	0.459645	0.030898
0.000000	0.459645	0.030971
0.000000	0.459645	0.031022
0.000000	0.459645	0.031049
0.000000	0.459645	0.031053
0.000000	0.459645	0.031034
0.000000	0.459645	0.030992
0.000000	0.459645	0.030927
0.000000	0.459645	0.030838
0.000000	0.459645	0.030726
0.000000	0.459645	0.030592
0.000000	0.459645	0.030434
0.000000	0.459645	0.030254
0.000000	0.459645	0.030051
0.000000	0.459645	0.029825
0.000000	0.459645	0.029578
0.000000	0.000000	0.000000

Transformovane zatizeni nadnasypem:
Px	Py	Mp
0.000000	0.981906	0.040515
0.000000	0.874143	0.038092
0.000000	0.774209	0.035508
0.000000	0.682655	0.032853
0.000000	0.599982	0.030220
0.000000	0.526641	0.027701
0.000000	0.463029	0.025389
0.000000	0.409489	0.023373
0.000000	0.366310	0.021742
0.000000	0.333722	0.020581
0.000000	0.311900	0.019968
0.000000	0.300960	0.019979
0.000000	0.300960	0.020683
0.000000	0.311900	0.022141
0.000000	0.333722	0.024407
0.000000	0.366310	0.027528
0.000000	0.409489	0.031540
0.000000	0.463029	0.036470
0.000000	0.526641	0.042338
0.000000	0.599982	0.049152
0.000000	0.682655	0.056908
0.000000	0.774209	0.065594
0.000000	0.874143	0.075187
0.000000	0.981906	0.085653
0.000000	0.000000	0.000000

Transformovane zatizeni vnejsich sil:
Qx	Qy	Mq
0.000000	0.085182	0.005550
0.000000	0.131424	0.005910
0.000000	0.132437	0.006266
0.000000	0.133350	0.006616
0.000000	0.134164	0.006961
0.000000	0.134877	0.007299
0.000000	0.135490	0.007629
0.000000	0.136001	0.007950
0.000000	0.136410	0.008261
0.000000	0.136717	0.008561
0.000000	0.136922	0.008850
0.000000	0.137025	0.009126
0.000000	0.137025	0.009388
0.000000	0.136922	0.009636
0.000000	0.136717	0.009869
0.000000	0.136410	0.010087
0.000000	0.136001	0.010288
0.000000	0.135490	0.010472
0.000000	0.111435	0.007483
0.000000	0.000000	0.000000
0.000000	0.000000	0.000000
0.000000	0.000000	0.000000
0.000000	0.000000	0.000000
0.000000	0.000000	0.000000
0.000000	0.000000	0.000000

*** vysledky vypoctu ***
 icase = 0
         0 -> O.K.,
        -1 -> nelze splnit omezujici podminky,
        +1 -> cilova funkce je na polyedru neomezena.
 lambda = 33.022844
 pocet bloku N = 24
 Vektor lokalnich deformaci:
  54:  y 01 (-) = 0.440421
  89:  y 19 (+) = 7.035011
 100:  y 24 (-) = 6.674132
 Vektor indexu spary mezi bloky:
0		1		2		3		4		5		6		7		8		9		10		11		12		13		14		15		16		17		18		19		20		21		22		23		24
 Vektor normalovych sil ve sparach (+ znaci tlak):
168.958412	167.420714	165.596713	163.963471	162.518619	161.258807	160.181285	159.283269	158.562969	158.017535	157.645959	157.446560	157.418896	157.562591	157.877771	158.365118	159.025832	159.861512	160.874093	161.918397	162.309287	162.655456	162.965267	163.247765	163.512547
 Vektor vzdalenosti N od hornoho povrchu klenby:
0.081352	0.075036	0.069245	0.064009	0.059383	0.055414	0.052146	0.049613	0.047842	0.046855	0.046667	0.047284	0.048710	0.050937	0.053956	0.057749	0.062291	0.067553	0.073499	0.080103	0.085348	0.087762	0.087418	0.084390	0.078755
 Vektor posouvajicich sil ve sparach:
7.816459	8.371044	7.483865	6.571748	5.639894	4.692759	3.734080	2.766975	1.793998	0.817224	-0.161647	-1.141227	-2.120316	-3.097819	-4.072641	-5.043587	-6.009272	-6.968010	-7.917731	-8.095921	-4.698911	-1.365987	1.895034	5.077424	8.175627
