Vstupni soubor: klenba_2.in
*** Python MELB output ***

3.140000
0.260000
1
0.140000
24.300000
0.100000
25
3
0.500000 0.500000 0.500000
1.000000 0.500000 0.500000
1.500000 0.500000 0.500000
0.095000
21.760000
1 0.000000
0.000000 0.600000 0.400000 2.400000 1.000000
2 950.000000 inter.txt

*****************************

Ortoganalni souradnice intrados a extrados:
X_int	Y_int	X_ext	Y_ext
-0.000000	0.000000	-0.045132	0.132526
0.121584	0.039632	0.079947	0.173297
0.244167	0.076058	0.206054	0.210770
0.367664	0.109253	0.333101	0.244919
0.491989	0.139194	0.461001	0.275721
0.617058	0.165860	0.589665	0.303154
0.742784	0.189233	0.719005	0.327199
0.869081	0.209298	0.848932	0.347840
0.995861	0.226039	0.979356	0.365063
1.123036	0.239446	1.110187	0.378856
1.250520	0.249510	1.241336	0.389208
1.378224	0.256223	1.372711	0.396114
1.506060	0.259580	1.504222	0.399568
1.633940	0.259580	1.635778	0.399568
1.761776	0.256223	1.767289	0.396114
1.889480	0.249510	1.898664	0.389208
2.016964	0.239446	2.029813	0.378856
2.144139	0.226039	2.160644	0.365063
2.270919	0.209298	2.291068	0.347840
2.397216	0.189233	2.420995	0.327199
2.522942	0.165860	2.550335	0.303154
2.648011	0.139194	2.678999	0.275721
2.772336	0.109253	2.806899	0.244919
2.895833	0.076058	2.933946	0.210770
3.018416	0.039632	3.060053	0.173297
3.140000	0.000000	3.185132	0.132526

Vlastni tiha klenby - jednotlive bloky:
X_G	Y_G	G
0.038998	0.086678	0.441264
0.162844	0.125256	0.441264
0.287660	0.160569	0.441264
0.413361	0.192593	0.441264
0.539859	0.221305	0.441264
0.667068	0.246687	0.441264
0.794899	0.268719	0.441264
0.923264	0.287388	0.441264
1.052075	0.302680	0.441264
1.181244	0.314585	0.441264
1.310680	0.323094	0.441264
1.440295	0.328202	0.441264
1.570000	0.329905	0.441264
1.699705	0.328202	0.441264
1.829320	0.323094	0.441264
1.958756	0.314585	0.441264
2.087925	0.302680	0.441264
2.216736	0.287388	0.441264
2.345101	0.268719	0.441264
2.472932	0.246687	0.441264
2.600141	0.221305	0.441264
2.726639	0.192593	0.441264
2.852340	0.160569	0.441264
2.977156	0.125256	0.441264
3.101002	0.086678	0.441264

Tiha nadnasypu pusobici na bloky:
F_fill	dY_ex	X_fill	Y_fill
0.931070	0.040771	0.016166	0.152507
0.831363	0.037473	0.141701	0.191647
0.738562	0.034149	0.268224	0.227481
0.653137	0.030802	0.395652	0.259983
0.575521	0.027433	0.523902	0.289132
0.506103	0.024045	0.652894	0.314909
0.445230	0.020641	0.782549	0.337294
0.393204	0.017223	0.912793	0.356273
0.350283	0.013792	1.043550	0.371831
0.316679	0.010353	1.174742	0.383952
0.292558	0.006906	1.306285	0.392622
0.278037	0.003454	1.438077	0.397831
0.273189	0.000000	1.570000	0.399568
0.278037	-0.003454	1.701923	0.397831
0.292558	-0.006906	1.833715	0.392622
0.316679	-0.010353	1.965258	0.383952
0.350283	-0.013792	2.096450	0.371831
0.393204	-0.017223	2.227207	0.356273
0.445230	-0.020641	2.357451	0.337294
0.506103	-0.024045	2.487106	0.314909
0.575521	-0.027433	2.616098	0.289132
0.653137	-0.030802	2.744348	0.259983
0.738562	-0.034149	2.871776	0.227481
0.831363	-0.037473	2.998299	0.191647
0.931070	-0.040771	3.123834	0.152507

Vnejsi zatizeni pusobici na bloky:
X_q	Y_q	Q
-0.045132	0.132526	0.000000
0.079947	0.173297	0.000000
0.291550	0.261515	0.083101
0.397051	0.306522	0.127900
0.525333	0.330587	0.128664
0.654335	0.351245	0.129340
0.783969	0.368482	0.129927
0.914144	0.382286	0.130424
1.044772	0.392648	0.130831
1.175762	0.399561	0.131148
1.307023	0.403020	0.131375
1.438466	0.403022	0.131511
1.570000	0.399568	0.131556
1.692889	0.391614	0.114222
1.767289	0.396114	0.000000
1.898664	0.389208	0.000000
2.029813	0.378856	0.000000
2.160644	0.365063	0.000000
2.291068	0.347840	0.000000
2.420995	0.327199	0.000000
2.550335	0.303154	0.000000
2.678999	0.275721	0.000000
2.806899	0.244919	0.000000
2.933946	0.210770	0.000000
3.060053	0.173297	0.000000

Ortogonalni lokalni souradnice jednotlivych bloku:
a	alfa	b	beta
0.070000	1.899028	0.129718	0.315102
0.070000	1.872769	0.129718	0.288843
0.070000	1.846511	0.129718	0.262585
0.070000	1.820252	0.129718	0.236326
0.070000	1.793994	0.129718	0.210068
0.070000	1.767735	0.129718	0.183809
0.070000	1.741477	0.129718	0.157551
0.070000	1.715218	0.129718	0.131292
0.070000	1.688960	0.129718	0.105034
0.070000	1.662701	0.129718	0.078775
0.070000	1.636443	0.129718	0.052517
0.070000	1.610184	0.129718	0.026258
0.070000	1.583926	0.129718	0.000000
0.070000	1.557667	0.129718	-0.026258
0.070000	1.531409	0.129718	-0.052517
0.070000	1.505150	0.129718	-0.078775
0.070000	1.478892	0.129718	-0.105034
0.070000	1.452633	0.129718	-0.131292
0.070000	1.426375	0.129718	-0.157551
0.070000	1.400116	0.129718	-0.183809
0.070000	1.373858	0.129718	-0.210068
0.070000	1.347599	0.129718	-0.236326
0.070000	1.321341	0.129718	-0.262585
0.070000	1.295082	0.129718	-0.288843
0.070000	1.268824	0.129718	-0.315102
0.070000	1.242565	1.000000	-0.328231

Transformovane zatizeni vlastni tihou klenby:
Px	Py	Mp
0.000000	0.441264	0.027166
0.000000	0.441264	0.027393
0.000000	0.441264	0.027601
0.000000	0.441264	0.027790
0.000000	0.441264	0.027960
0.000000	0.441264	0.028111
0.000000	0.441264	0.028243
0.000000	0.441264	0.028355
0.000000	0.441264	0.028447
0.000000	0.441264	0.028520
0.000000	0.441264	0.028573
0.000000	0.441264	0.028606
0.000000	0.441264	0.028620
0.000000	0.441264	0.028614
0.000000	0.441264	0.028588
0.000000	0.441264	0.028543
0.000000	0.441264	0.028478
0.000000	0.441264	0.028393
0.000000	0.441264	0.028288
0.000000	0.441264	0.028165
0.000000	0.441264	0.028021
0.000000	0.441264	0.027859
0.000000	0.441264	0.027677
0.000000	0.441264	0.027476
0.000000	0.441264	0.027256
0.000000	0.000000	0.000000

Transformovane zatizeni nadnasypem:
Px	Py	Mp
0.000000	0.931070	0.036062
0.000000	0.831363	0.034032
0.000000	0.738562	0.031842
0.000000	0.653137	0.029567
0.000000	0.575521	0.027284
0.000000	0.506103	0.025068
0.000000	0.445230	0.022998
0.000000	0.393204	0.021149
0.000000	0.350283	0.019595
0.000000	0.316679	0.018409
0.000000	0.292558	0.017658
0.000000	0.278037	0.017408
0.000000	0.273189	0.017719
0.000000	0.278037	0.018646
0.000000	0.292558	0.020240
0.000000	0.316679	0.022543
0.000000	0.350283	0.025592
0.000000	0.393204	0.029418
0.000000	0.445230	0.034041
0.000000	0.506103	0.039477
0.000000	0.575521	0.045731
0.000000	0.653137	0.052802
0.000000	0.738562	0.060679
0.000000	0.831363	0.069344
0.000000	0.931070	0.078769
0.000000	0.000000	0.000000

Transformovane zatizeni vnejsich sil:
Qx	Qy	Mq
0.000000	0.000000	-0.000000
0.000000	0.000000	-0.000000
0.000000	0.083101	0.005521
0.000000	0.127900	0.005969
0.000000	0.128664	0.006284
0.000000	0.129340	0.006593
0.000000	0.129927	0.006896
0.000000	0.130424	0.007191
0.000000	0.130831	0.007479
0.000000	0.131148	0.007757
0.000000	0.131375	0.008026
0.000000	0.131511	0.008285
0.000000	0.131556	0.008533
0.000000	0.114222	0.006628
0.000000	0.000000	0.000000
0.000000	0.000000	0.000000
0.000000	0.000000	0.000000
0.000000	0.000000	0.000000
0.000000	0.000000	0.000000
0.000000	0.000000	0.000000
0.000000	0.000000	0.000000
0.000000	0.000000	0.000000
0.000000	0.000000	0.000000
0.000000	0.000000	0.000000
0.000000	0.000000	0.000000
0.000000	0.000000	0.000000

*** vysledky vypoctu ***
 icase = 0
         0 -> O.K.,
        -1 -> nelze splnit omezujici podminky,
        +1 -> cilova funkce je na polyedru neomezena.
 lambda = 34.898399
 pocet bloku N = 25
 Vektor lokalnich deformaci:
  58:  y 02 (-) = 0.713007
  81:  y 14 (+) = 4.529896
 104:  y 25 (-) = 3.924886
 Vektor indexu spary mezi bloky:
0		1		2		3		4		5		6		7		8		9		10		11		12		13		14		15		16		17		18		19		20		21		22		23		24		25
 Vektor normalovych sil ve sparach (+ znaci tlak):
126.996329	126.322386	125.657294	124.276865	122.691179	121.315423	120.147463	119.185002	118.426255	117.869233	117.512629	117.355163	117.395961	117.634552	118.046940	118.364322	118.640740	118.879005	119.082712	119.256542	119.405906	119.537113	119.657129	119.773588	119.894675	120.029049
 Vektor vzdalenosti N od hornoho povrchu klenby:
0.068748	0.059186	0.047372	0.034368	0.023142	0.013965	0.006974	0.002289	0.000000	0.000174	0.002849	0.008036	0.015717	0.025846	0.038314	0.050027	0.059084	0.065532	0.069425	0.070818	0.069773	0.066356	0.060640	0.052701	0.042625	0.030504
 Vektor posouvajicich sil ve sparach:
8.456051	10.477249	12.565732	11.906965	9.745781	7.563222	5.364030	3.152406	0.932078	-1.293647	-3.521807	-5.749715	-7.974883	-10.194949	-11.804694	-9.433486	-7.077266	-4.745883	-2.448802	-0.194996	2.007154	4.149959	6.226506	8.230751	10.157584	12.002905

 * Iterace c. 1 * Delta = 12.396993 *
 icase = 0
         0 -> O.K.,
        -1 -> nelze splnit omezujici podminky,
        +1 -> cilova funkce je na polyedru neomezena.
 lambda = 22.501407
 pocet bloku N = 25
 Vektor lokalnich deformaci:
   1: fi 00 int = 0.979921
  18: fi 08 ext = 1.866902
  37: fi 18 int = 0.886981
 104:  y 25 (-) = 0.135093
 Vektor indexu spary mezi bloky:
0		1		2		3		4		5		6		7		8		9		10		11		12		13		14		15		16		17		18		19		20		21		22		23		24		25
 Vektor normalovych sil ve sparach (+ znaci tlak):
98.880943	98.317372	97.781912	96.804662	95.711560	94.767740	93.969258	93.312504	92.794105	92.411436	92.162105	92.044332	92.056853	92.198997	92.455355	92.652888	92.827250	92.981178	93.118445	93.243718	93.362490	93.481023	93.606359	93.746081	93.908397	94.101902
 Vektor vzdalenosti N od hornoho povrchu klenby:
0.092165	0.085558	0.077085	0.067754	0.059925	0.053688	0.049109	0.046238	0.045113	0.045753	0.048165	0.052343	0.058265	0.065900	0.075177	0.083631	0.089687	0.093392	0.094801	0.093976	0.090991	0.085927	0.078873	0.069932	0.059214	0.046841
 Vektor posouvajicich sil ve sparach:
4.623278	5.907615	7.262388	6.871881	5.537377	4.212126	2.897199	1.593039	0.299544	-0.983877	-2.258207	-3.524750	-4.785033	-6.040726	-6.904816	-5.207218	-3.527520	-1.875108	-0.258976	1.312370	2.831022	4.289761	5.682144	7.002602	8.246493	9.410191
 Vektor d_crush:
0.133680	0.132971	0.132271	0.130818	0.129149	0.127700	0.126471	0.125458	0.124659	0.124073	0.123698	0.123532	0.123575	0.123826	0.124260	0.124594	0.124885	0.125136	0.125350	0.125533	0.125690	0.125829	0.125955	0.126077	0.126205	0.126346

 * Iterace c. 2 * Delta = 1.939994 *
 icase = 0
         0 -> O.K.,
        -1 -> nelze splnit omezujici podminky,
        +1 -> cilova funkce je na polyedru neomezena.
 lambda = 20.561413
 pocet bloku N = 25
 Vektor lokalnich deformaci:
   1: fi 00 int = 1.061093
  18: fi 08 ext = 2.239179
  37: fi 18 int = 1.682152
  52: fi 25 ext = 0.504066
 Vektor indexu spary mezi bloky:
0		1		2		3		4		5		6		7		8		9		10		11		12		13		14		15		16		17		18		19		20		21		22		23		24		25
 Vektor normalovych sil ve sparach (+ znaci tlak):
93.519784	92.967902	92.447896	91.529470	90.509910	89.630739	88.887891	88.277295	87.795783	87.440224	87.208269	87.097876	87.107857	87.237426	87.472575	87.655238	87.818187	87.964159	88.096944	88.221193	88.342381	88.466817	88.601488	88.754032	88.932591	89.145768
 Vektor vzdalenosti N od hornoho povrchu klenby:
0.090941	0.084565	0.076416	0.067462	0.059979	0.054049	0.049727	0.047054	0.046059	0.046753	0.049140	0.053209	0.058937	0.066292	0.075210	0.083310	0.089073	0.092545	0.093784	0.092857	0.089839	0.084816	0.077886	0.069154	0.058740	0.046774
 Vektor posouvajicich sil ve sparach:
4.248381	5.392088	6.606587	6.232483	5.001666	3.784810	2.582430	1.394398	0.220030	-0.941854	-2.092841	-3.234839	-4.369985	-5.500565	-6.273692	-4.707136	-3.158827	-1.638056	-0.153729	1.285738	2.672531	3.999519	5.260353	6.449550	7.562564	8.595855
 Vektor d_crush:
0.104085	0.103492	0.102928	0.101900	0.100749	0.099756	0.098915	0.098224	0.097678	0.097275	0.097013	0.096889	0.096902	0.097052	0.097321	0.097529	0.097713	0.097875	0.098019	0.098151	0.098276	0.098401	0.098533	0.098680	0.098851	0.099055

 * Iterace c. 3 * Delta = 0.080817 *
 icase = 0
         0 -> O.K.,
        -1 -> nelze splnit omezujici podminky,
        +1 -> cilova funkce je na polyedru neomezena.
 lambda = 20.480596
 pocet bloku N = 25
 Vektor lokalnich deformaci:
   1: fi 00 int = 1.087041
  18: fi 08 ext = 2.364604
  37: fi 18 int = 1.900393
  52: fi 25 ext = 0.622830
 Vektor indexu spary mezi bloky:
0		1		2		3		4		5		6		7		8		9		10		11		12		13		14		15		16		17		18		19		20		21		22		23		24		25
 Vektor normalovych sil ve sparach (+ znaci tlak):
93.287096	92.735626	92.216104	91.300034	90.283554	89.407066	88.666416	88.057903	87.577849	87.223433	86.992037	86.881982	86.891852	87.020988	87.255257	87.437332	87.599881	87.745538	87.878217	88.002453	88.123795	88.248551	88.383714	88.536847	88.716175	88.930266
 Vektor vzdalenosti N od hornoho povrchu klenby:
0.090902	0.084532	0.076394	0.067453	0.059982	0.054063	0.049750	0.047085	0.046093	0.046790	0.049176	0.053240	0.058961	0.066306	0.075210	0.083297	0.089049	0.092514	0.093749	0.092820	0.089804	0.084786	0.077865	0.069146	0.058750	0.046805
 Vektor posouvajicich sil ve sparach:
4.235302	5.372902	6.581307	6.207634	4.980883	3.768288	2.570341	1.386892	0.217230	-0.939848	-2.085954	-3.223020	-4.353210	-5.478834	-6.248428	-4.687586	-3.145004	-1.629971	-0.151387	1.282337	2.663387	3.984639	5.239747	6.423234	7.530554	8.558174
 Vektor d_crush:
0.098442	0.097861	0.097314	0.096347	0.095274	0.094348	0.093566	0.092923	0.092417	0.092042	0.091798	0.091682	0.091692	0.091829	0.092076	0.092269	0.092440	0.092594	0.092734	0.092864	0.092992	0.093123	0.093265	0.093425	0.093613	0.093838

 * Iterace c. 4 * Delta = 0.000155 *
 icase = 0
         0 -> O.K.,
        -1 -> nelze splnit omezujici podminky,
        +1 -> cilova funkce je na polyedru neomezena.
 lambda = 20.480442
 pocet bloku N = 25
 Vektor lokalnich deformaci:
   1: fi 00 int = 1.088267
  18: fi 08 ext = 2.370563
  37: fi 18 int = 1.910768
  52: fi 25 ext = 0.628471
 Vektor indexu spary mezi bloky:
0		1		2		3		4		5		6		7		8		9		10		11		12		13		14		15		16		17		18		19		20		21		22		23		24		25
 Vektor normalovych sil ve sparach (+ znaci tlak):
93.286662	92.735094	92.215610	91.299565	90.283100	89.406555	88.666009	88.057384	87.577383	87.222928	86.991650	86.881595	86.891436	87.020536	87.254810	87.436936	87.599471	87.745122	87.877809	88.002012	88.123406	88.248137	88.383274	88.536444	88.715760	88.929858
 Vektor vzdalenosti N od hornoho povrchu klenby:
0.090902	0.084532	0.076394	0.067453	0.059982	0.054063	0.049750	0.047085	0.046093	0.046790	0.049176	0.053240	0.058961	0.066306	0.075210	0.083297	0.089049	0.092514	0.093749	0.092820	0.089804	0.084786	0.077865	0.069146	0.058750	0.046805
 Vektor posouvajicich sil ve sparach:
4.235276	5.372865	6.581258	6.207585	4.980843	3.768256	2.570318	1.386877	0.217224	-0.939845	-2.085941	-3.222998	-4.353178	-5.478793	-6.248380	-4.687549	-3.144978	-1.629956	-0.151383	1.282330	2.663369	3.984611	5.239708	6.423184	7.530493	8.558102
 Vektor d_crush:
0.098197	0.097616	0.097070	0.096105	0.095035	0.094113	0.093333	0.092693	0.092187	0.091814	0.091571	0.091455	0.091465	0.091601	0.091848	0.092039	0.092210	0.092364	0.092503	0.092634	0.092762	0.092893	0.093035	0.093197	0.093385	0.093611
