 icase = 0
         0 -> O.K.,
        -1 -> nelze splnit omezujici podminky,
        +1 -> cilova funkce je na polyedru neomezena.
 lambda = 5.447847
 pocet bloku N = 40
 Vektor lokalnich deformaci:
   2: fi 00 ext = 2.758852
  29: fi 14 int = 5.923372
  60: fi 29 ext = 5.471613
  79: fi 39 int = 2.307094
 Vektor indexu spary mezi bloky:
0		1		2		3		4		5		6		7		8		9		10		11		12		13		14		15		16		17		18		19		20		21		22		23		24		25		26		27		28		29		30		31		32		33		34		35		36		37		38		39		40		
 Vektor normalovych sil ve sparach (+ znaci tlak):
7.299091	7.218599	7.131211	7.038222	6.941071	6.840794	6.738576	6.635794	6.533274	6.432017	6.332871	6.237388	6.146165	6.059382	5.978530	5.903917	5.836148	5.775762	5.723079	5.678176	5.641779	5.613433	5.593727	5.582416	5.579507	5.584227	5.596598	5.616643	5.643638	5.676544	8.439025	8.726012	9.009099	9.286582	9.557189	9.819253	10.071356	10.311700	10.538883	10.751196	10.946972	
 Vektor vzdalenosti N od hornoho povrchu klenby:
0.000000	0.022808	0.043307	0.061633	0.077906	0.092226	0.104681	0.115350	0.124301	0.131591	0.137287	0.141427	0.144059	0.145238	0.145000	0.143395	0.140462	0.136248	0.130798	0.124158	0.116366	0.107473	0.097508	0.086516	0.074522	0.061549	0.047610	0.032713	0.016851	0.000000	0.002424	0.033591	0.060448	0.083243	0.102197	0.117498	0.129308	0.137761	0.142965	0.145000	0.143919	
 Vektor posouvajicich sil ve sparach:
-2.300328	-2.039141	-1.792389	-1.559973	-1.341815	-1.137687	-0.947297	-0.770258	-0.606084	-0.454261	-0.314186	-0.185155	-0.066429	0.042767	0.143309	0.236120	0.322093	0.402246	0.477569	0.549053	0.617819	0.684908	0.751311	0.818200	0.886550	0.957436	1.031845	1.110794	1.195280	1.286131	-3.333696	-3.078370	-2.801651	-2.503266	-2.182957	-1.840776	-1.476694	-1.090817	-0.683493	-0.254952	0.194212	
