 icase = 0
         0 -> O.K.,
        -1 -> nelze splnit omezujici podminky,
        +1 -> cilova funkce je na polyedru neomezena.
 lambda = 21.375492
 pocet bloku N = 40
 Vektor lokalnich deformaci:
   2: fi 00 ext = 5.672404
  33: fi 16 int = 10.493377
  74: fi 36 ext = 19.946556
  81: fi 40 int = 15.125582
 Vektor indexu spary mezi bloky:
0		1		2		3		4		5		6		7		8		9		10		11		12		13		14		15		16		17		18		19		20		21		22		23		24		25		26		27		28		29		30		31		32		33		34		35		36		37		38		39		40		
 Vektor normalovych sil ve sparach (+ znaci tlak):
6.657405	6.559660	6.456701	6.349597	6.240851	6.130847	6.020806	5.911605	5.805414	5.701696	5.602401	5.509350	5.422123	5.341046	5.268755	5.203657	5.147428	5.100547	5.064119	5.036447	5.019122	5.011630	5.014658	5.027122	5.050549	5.081861	5.122581	5.172282	5.229909	5.295290	5.366585	5.444394	5.527560	5.614659	5.704634	5.796497	21.774597	22.594261	23.367184	24.090065	24.759775	
 Vektor vzdalenosti N od hornoho povrchu klenby:
0.000000	0.020940	0.039817	0.056768	0.071922	0.085381	0.097239	0.107597	0.116522	0.124093	0.130408	0.135499	0.139432	0.142301	0.144136	0.145019	0.145000	0.144120	0.142405	0.139959	0.136760	0.132888	0.128313	0.123092	0.117202	0.110652	0.103408	0.095456	0.086747	0.077244	0.066880	0.055608	0.043332	0.029975	0.015439	-0.000376	0.000000	0.045552	0.084451	0.117408	0.145000	
 Vektor posouvajicich sil ve sparach:
-1.951901	-1.724681	-1.512936	-1.316157	-1.134381	-0.967201	-0.814158	-0.674911	-0.548726	-0.435056	-0.333251	-0.242364	-0.161684	-0.090240	-0.027088	0.028802	0.078427	0.122867	0.163279	0.200677	0.236351	0.271395	0.306820	0.344022	0.383953	0.427835	0.476659	0.531508	0.593597	0.663573	0.742566	0.831572	0.931169	1.042251	1.165535	1.301459	-12.852301	-11.838282	-10.773429	-9.659691	-8.499519	
