Vstupni soubor: zlamal6_5.in
***kopie vstupniho souboru***

 2.472500
 0.713750
 1
 0.145000
 20.000000
 0.600000
 40
 1
 1.0 1.000000 0.200000
 0.500000
 0.000000
 0 30.000000
 0 0.600000 0.400000 2.400000
 1
 4 2000.000000 inter4.txt
*****************************
Ortoganalni souradnice intrados a extrados:
X_int	Y_int	X_ext	Y_ext
0.000000	0.000000	-0.125574	0.072500
0.039049	0.063722	-0.082558	0.142695
0.081379	0.125313	-0.035928	0.210542
0.126875	0.184605	0.014189	0.275856
0.175412	0.241434	0.067656	0.338458
0.226856	0.295645	0.124325	0.398175
0.281067	0.347089	0.184043	0.454845
0.337896	0.395626	0.246644	0.508312
0.397187	0.441122	0.311958	0.558429
0.458778	0.483452	0.379806	0.605059
0.522501	0.522501	0.450001	0.648075
0.588179	0.558162	0.522350	0.687358
0.655634	0.590336	0.596657	0.722800
0.724680	0.618936	0.672717	0.754305
0.795129	0.643883	0.750321	0.781786
0.866786	0.665109	0.829257	0.805168
0.939456	0.682556	0.909309	0.824387
1.012940	0.696175	0.990257	0.839390
1.087036	0.705930	1.071879	0.850136
1.161541	0.711794	1.153952	0.856595
1.236250	0.713750	1.236250	0.858750
1.310960	0.711794	1.318548	0.856595
1.385464	0.705930	1.400621	0.850136
1.459560	0.696175	1.482243	0.839390
1.533044	0.682556	1.563191	0.824387
1.605714	0.665109	1.643243	0.805168
1.677372	0.643883	1.722179	0.781786
1.747820	0.618936	1.799783	0.754305
1.816866	0.590336	1.875843	0.722800
1.884321	0.558162	1.950150	0.687358
1.949999	0.522501	2.022500	0.648075
2.013722	0.483452	2.092694	0.605059
2.075313	0.441122	2.160542	0.558429
2.134604	0.395626	2.225856	0.508312
2.191433	0.347089	2.288457	0.454845
2.245644	0.295645	2.348175	0.398175
2.297088	0.241434	2.404845	0.338458
2.345625	0.184605	2.458311	0.275856
2.391121	0.125313	2.508428	0.210542
2.433451	0.063722	2.555058	0.142695
2.472500	0.000000	2.598074	0.072500
Vlastni tiha klenby - jednotlive bloky:
X_p	Y_p	P
-0.043266	0.070339	0.227661
-0.000477	0.136230	0.227661
0.045702	0.199790	0.227661
0.095145	0.260847	0.227661
0.147715	0.319232	0.227661
0.203269	0.374786	0.227661
0.261654	0.427356	0.227661
0.322711	0.476799	0.227661
0.386271	0.522978	0.227661
0.452161	0.565768	0.227661
0.520200	0.605050	0.227661
0.590202	0.640718	0.227661
0.661975	0.672673	0.227661
0.735322	0.700828	0.227661
0.810042	0.725106	0.227661
0.885929	0.745440	0.227661
0.962778	0.761775	0.227662
1.040376	0.774065	0.227661
1.118510	0.782278	0.227661
1.196967	0.786389	0.227661
1.275532	0.786389	0.227661
1.353990	0.782278	0.227661
1.432125	0.774065	0.227661
1.509722	0.761775	0.227662
1.586570	0.745440	0.227661
1.662459	0.725106	0.227661
1.737178	0.700828	0.227661
1.810525	0.672673	0.227661
1.882298	0.640718	0.227661
1.952299	0.605050	0.227661
2.020339	0.565768	0.227661
2.086229	0.522978	0.227661
2.149790	0.476799	0.227661
2.210846	0.427356	0.227661
2.269231	0.374786	0.227661
2.324785	0.319232	0.227661
2.377355	0.260846	0.227661
2.426798	0.199790	0.227661
2.472977	0.136230	0.227662
2.515766	0.070339	0.227661
Tiha nadnasypu pusobici na bloky:
P	h_ver	X_p	Y_p
0.000000	0.070195	-0.104267	0.107269
0.000000	0.067847	-0.059466	0.176294
0.000000	0.065314	-0.011114	0.242881
0.000000	0.062602	0.040657	0.306846
0.000000	0.059718	0.095706	0.368017
0.000000	0.056670	0.153882	0.426223
0.000000	0.053467	0.215026	0.481307
0.000000	0.050117	0.278971	0.533117
0.000000	0.046630	0.345543	0.581511
0.000000	0.043015	0.414559	0.626357
0.000000	0.039283	0.485833	0.667530
0.000000	0.035442	0.559168	0.704919
0.000000	0.031505	0.634365	0.738419
0.000000	0.027481	0.711218	0.767939
0.000000	0.023382	0.789517	0.793397
0.000000	0.019219	0.869048	0.814721
0.000000	0.015003	0.949591	0.831853
0.000000	0.010746	1.030926	0.844744
0.000000	0.006459	1.112828	0.853358
0.000000	0.002155	1.195071	0.857672
0.000000	-0.002155	1.277429	0.857672
0.000000	-0.006459	1.359672	0.853358
0.000000	-0.010746	1.441574	0.844744
0.000000	-0.015003	1.522909	0.831853
0.000000	-0.019219	1.603452	0.814721
0.000000	-0.023382	1.682983	0.793397
0.000000	-0.027481	1.761282	0.767939
0.000000	-0.031505	1.838135	0.738420
0.000000	-0.035442	1.913332	0.704919
0.000000	-0.039283	1.986668	0.667530
0.000000	-0.043016	2.057940	0.626357
0.000000	-0.046630	2.126957	0.581511
0.000000	-0.050117	2.193529	0.533117
0.000000	-0.053467	2.257474	0.481307
0.000000	-0.056670	2.318619	0.426223
0.000000	-0.059718	2.376793	0.368017
0.000000	-0.062602	2.431843	0.306846
0.000000	-0.065314	2.483614	0.242880
0.000000	-0.067848	2.531968	0.176292
0.000000	-0.070195	2.576767	0.107270
Vnejsi zatizeni pusobici na bloky:
X_q	Y_q	Q
-0.125574	0.072500	0.000000
-0.082558	0.142695	0.000000
-0.035928	0.210542	0.000000
0.014189	0.275856	0.000000
0.067656	0.338458	0.000000
0.124325	0.398175	0.000000
0.184043	0.454845	0.000000
0.246644	0.508312	0.000000
0.311958	0.558429	0.000000
0.379806	0.605059	0.000000
0.450001	0.648075	0.000000
0.522350	0.687358	0.000000
0.596657	0.722800	0.000000
0.672717	0.754305	0.000000
0.750321	0.781786	0.000000
0.829257	0.805168	0.000000
0.909309	0.824387	0.000000
1.000000	0.929412	1.000000
1.071879	0.850136	0.000000
1.153952	0.856595	0.000000
1.236250	0.858750	0.000000
1.318548	0.856595	0.000000
1.400621	0.850136	0.000000
1.482243	0.839390	0.000000
1.563191	0.824387	0.000000
1.643243	0.805168	0.000000
1.722179	0.781786	0.000000
1.799783	0.754305	0.000000
1.875843	0.722800	0.000000
1.950150	0.687358	0.000000
2.022500	0.648075	0.000000
2.092694	0.605059	0.000000
2.160542	0.558429	0.000000
2.225856	0.508312	0.000000
2.288457	0.454845	0.000000
2.348175	0.398175	0.000000
2.404845	0.338458	0.000000
2.458311	0.275856	0.000000
2.508428	0.210542	0.000000
2.555058	0.142695	0.000000
Ortogonalni lokalni souradnice jednotlivych bloku:
a	alfa	b	beta
0.072500	2.617995	0.078531	1.021018
0.072500	2.565635	0.078531	0.968659
0.072500	2.513275	0.078531	0.916299
0.072500	2.460915	0.078531	0.863939
0.072500	2.408555	0.078531	0.811579
0.072500	2.356195	0.078531	0.759219
0.072500	2.303835	0.078531	0.706859
0.072500	2.251475	0.078531	0.654500
0.072500	2.199115	0.078531	0.602139
0.072500	2.146756	0.078531	0.549778
0.072500	2.094395	0.078531	0.497420
0.072500	2.042036	0.078531	0.445059
0.072500	1.989676	0.078531	0.392700
0.072500	1.937316	0.078531	0.340338
0.072500	1.884957	0.078531	0.287981
0.072500	1.832596	0.078531	0.235619
0.072500	1.780236	0.078531	0.183260
0.072500	1.727876	0.078531	0.130899
0.072500	1.675516	0.078531	0.078541
0.072500	1.623156	0.078531	0.026179
0.072500	1.570796	0.078531	-0.026179
0.072500	1.518436	0.078531	-0.078540
0.072500	1.466077	0.078531	-0.130900
0.072500	1.413716	0.078531	-0.183260
0.072500	1.361356	0.078531	-0.235619
0.072500	1.308997	0.078531	-0.287979
0.072500	1.256637	0.078531	-0.340341
0.072500	1.204276	0.078531	-0.392699
0.072500	1.151917	0.078531	-0.445058
0.072500	1.099557	0.078531	-0.497421
0.072500	1.047197	0.078531	-0.549780
0.072500	0.994838	0.078531	-0.602137
0.072500	0.942477	0.078531	-0.654499
0.072500	0.890118	0.078531	-0.706859
0.072500	0.837758	0.078531	-0.759219
0.072500	0.785397	0.078531	-0.811578
0.072500	0.733037	0.078531	-0.863940
0.072500	0.680678	0.078531	-0.916301
0.072500	0.628319	0.078531	-0.968656
0.072500	0.575958	0.078531	-1.021019
0.072500	0.523597	1.000000	-1.047199
Transformovane zatizeni vlastni tihou klenby:
Px	Py	Mp
0.000000	0.227661	0.004444
0.000000	0.227661	0.004844
0.000000	0.227661	0.005231
0.000000	0.227661	0.005603
0.000000	0.227661	0.005961
0.000000	0.227661	0.006301
0.000000	0.227661	0.006625
0.000000	0.227661	0.006930
0.000000	0.227661	0.007216
0.000000	0.227661	0.007483
0.000000	0.227661	0.007729
0.000000	0.227661	0.007954
0.000000	0.227661	0.008157
0.000000	0.227661	0.008338
0.000000	0.227661	0.008496
0.000000	0.227661	0.008630
0.000000	0.227662	0.008741
0.000000	0.227661	0.008828
0.000000	0.227661	0.008891
0.000000	0.227661	0.008929
0.000000	0.227661	0.008943
0.000000	0.227661	0.008933
0.000000	0.227661	0.008897
0.000000	0.227662	0.008838
0.000000	0.227661	0.008754
0.000000	0.227661	0.008647
0.000000	0.227661	0.008515
0.000000	0.227661	0.008360
0.000000	0.227661	0.008183
0.000000	0.227661	0.007983
0.000000	0.227661	0.007761
0.000000	0.227661	0.007518
0.000000	0.227661	0.007254
0.000000	0.227661	0.006970
0.000000	0.227661	0.006667
0.000000	0.227661	0.006346
0.000000	0.227661	0.006008
0.000000	0.227661	0.005653
0.000000	0.227662	0.005282
0.000000	0.227661	0.004897
0.000000	0.000000	0.000000
Transformovane zatizeni nadnasypem:
Px	Py	Mp
0.000000	0.000000	0.000000
0.000000	0.000000	0.000000
0.000000	0.000000	0.000000
0.000000	0.000000	0.000000
0.000000	0.000000	0.000000
0.000000	0.000000	0.000000
0.000000	0.000000	0.000000
0.000000	0.000000	0.000000
0.000000	0.000000	0.000000
0.000000	0.000000	0.000000
0.000000	0.000000	0.000000
0.000000	0.000000	0.000000
0.000000	0.000000	0.000000
0.000000	0.000000	0.000000
0.000000	0.000000	0.000000
0.000000	0.000000	0.000000
0.000000	0.000000	0.000000
0.000000	0.000000	0.000000
0.000000	0.000000	0.000000
0.000000	0.000000	0.000000
0.000000	0.000000	0.000000
0.000000	0.000000	0.000000
0.000000	0.000000	0.000000
0.000000	0.000000	0.000000
0.000000	0.000000	0.000000
0.000000	0.000000	0.000000
0.000000	0.000000	0.000000
0.000000	0.000000	0.000000
0.000000	0.000000	0.000000
0.000000	0.000000	0.000000
0.000000	0.000000	0.000000
0.000000	0.000000	0.000000
0.000000	0.000000	0.000000
0.000000	0.000000	0.000000
0.000000	0.000000	0.000000
0.000000	0.000000	0.000000
0.000000	0.000000	0.000000
0.000000	0.000000	0.000000
0.000000	0.000000	0.000000
0.000000	0.000000	0.000000
0.000000	0.000000	0.000000
Transformovane zatizeni vnejsich sil:
Qx	Qy	Mq
0.000000	0.000000	0.000000
0.000000	0.000000	0.000000
0.000000	0.000000	0.000000
0.000000	0.000000	0.000000
0.000000	0.000000	0.000000
0.000000	0.000000	0.000000
0.000000	0.000000	0.000000
0.000000	0.000000	0.000000
0.000000	0.000000	0.000000
0.000000	0.000000	0.000000
0.000000	0.000000	0.000000
0.000000	0.000000	0.000000
0.000000	0.000000	0.000000
0.000000	0.000000	0.000000
0.000000	0.000000	0.000000
0.000000	0.000000	0.000000
0.000000	0.000000	0.000000
0.000000	1.000000	-0.001599
0.000000	0.000000	0.000000
0.000000	0.000000	0.000000
0.000000	0.000000	0.000000
0.000000	0.000000	0.000000
0.000000	0.000000	0.000000
0.000000	0.000000	0.000000
0.000000	0.000000	0.000000
0.000000	0.000000	0.000000
0.000000	0.000000	0.000000
0.000000	0.000000	0.000000
0.000000	0.000000	0.000000
0.000000	0.000000	0.000000
0.000000	0.000000	0.000000
0.000000	0.000000	0.000000
0.000000	0.000000	0.000000
0.000000	0.000000	0.000000
0.000000	0.000000	0.000000
0.000000	0.000000	0.000000
0.000000	0.000000	0.000000
0.000000	0.000000	0.000000
0.000000	0.000000	0.000000
0.000000	0.000000	0.000000
0.000000	0.000000	0.000000

*** vysledky vypoctu ***
 icase = 0
         0 -> O.K.,
        -1 -> nelze splnit omezujici podminky,
        +1 -> cilova funkce je na polyedru neomezena.
 lambda = 5.138506
 pocet bloku N = 40
 Vektor lokalnich deformaci:
  15: fi 07 int = 1.597636
  36: fi 17 ext = 5.932830
  59: fi 29 int = 8.305346
  82: fi 40 ext = 3.970152
 Vektor indexu spary mezi bloky:
0		1		2		3		4		5		6		7		8		9		10		11		12		13		14		15		16		17		18		19		20		21		22		23		24		25		26		27		28		29		30		31		32		33		34		35		36		37		38		39		40		
 Vektor normalovych sil ve sparach (+ znaci tlak):
10.546947	10.471602	10.380468	10.274869	10.156162	10.025578	9.884300	9.733732	9.575021	9.409226	9.237552	9.061380	8.881691	8.699151	8.515183	8.330405	8.145891	7.962540	7.243711	7.332283	7.424790	7.520560	7.619868	7.721851	7.826243	7.932285	8.039575	8.147793	8.255862	8.362872	8.468190	8.571110	8.670549	8.765350	8.854715	8.937459	9.012638	9.078981	9.135530	9.181026	9.214316	
 Vektor vzdalenosti N od hornoho povrchu klenby:
0.083588	0.100688	0.114895	0.126301	0.134976	0.140967	0.144305	0.145000	0.143049	0.138433	0.131127	0.121085	0.108255	0.092582	0.073994	0.052421	0.027782	0.000000	0.017680	0.040154	0.060440	0.078540	0.094455	0.108190	0.119752	0.129141	0.136362	0.141411	0.144293	0.145000	0.143523	0.139845	0.133943	0.125785	0.115327	0.102514	0.087275	0.069522	0.049149	0.026027	0.000000	
 Vektor posouvajicich sil ve sparach:
-2.484128	-2.052715	-1.635689	-1.233435	-0.846342	-0.474618	-0.118458	0.222079	0.547025	0.856465	1.150568	1.429611	1.693915	1.943871	2.179963	2.402735	2.612732	2.810630	-2.113257	-1.958630	-1.799856	-1.636142	-1.466731	-1.290773	-1.107562	-0.916365	-0.716499	-0.507293	-0.288128	-0.058522	0.182064	0.434085	0.697888	0.973764	1.262021	1.562720	1.875993	2.201852	2.540161	2.890828	3.253510	
 Vektor e_min:
0.003516	0.003491	0.003460	0.003425	0.003385	0.003342	0.003295	0.003245	0.003192	0.003136	0.003079	0.003020	0.002961	0.002900	0.002838	0.002777	0.002715	0.002654	0.002415	0.002444	0.002475	0.002507	0.002540	0.002574	0.002609	0.002644	0.002680	0.002716	0.002752	0.002788	0.002823	0.002857	0.002890	0.002922	0.002952	0.002979	0.003004	0.003026	0.003045	0.003060	0.003071	

 * Iterace c. 1 * Delta = 0.461629 *
 icase = 0
         0 -> O.K.,
        -1 -> nelze splnit omezujici podminky,
        +1 -> cilova funkce je na polyedru neomezena.
 lambda = 4.676877
 pocet bloku N = 40
 Vektor lokalnich deformaci:
  15: fi 07 int = 1.586078
  36: fi 17 ext = 5.724366
  59: fi 29 int = 7.892491
  82: fi 40 ext = 3.754194
 Vektor indexu spary mezi bloky:
0		1		2		3		4		5		6		7		8		9		10		11		12		13		14		15		16		17		18		19		20		21		22		23		24		25		26		27		28		29		30		31		32		33		34		35		36		37		38		39		40		
 Vektor normalovych sil ve sparach (+ znaci tlak):
10.116713	10.034738	9.938225	9.828478	9.706913	9.574529	9.432741	9.283017	9.126242	8.963614	8.796597	8.626192	8.452849	8.278687	8.103838	7.929465	7.756448	7.585080	6.928023	7.007225	7.091023	7.179168	7.271407	7.367427	7.466655	7.568959	7.673508	7.779809	7.886766	7.993882	8.100397	8.205360	8.307919	8.406782	8.501244	8.590145	8.672252	8.746675	8.811909	8.867133	8.911005	
 Vektor vzdalenosti N od hornoho povrchu klenby:
0.080895	0.097741	0.111754	0.123024	0.131620	0.137590	0.140964	0.141755	0.139964	0.135578	0.128575	0.118919	0.106574	0.091485	0.073607	0.052881	0.029250	0.002654	0.019665	0.041035	0.060389	0.077709	0.092990	0.106224	0.117401	0.126518	0.133564	0.138531	0.141418	0.142212	0.140896	0.137453	0.131859	0.124077	0.114067	0.101775	0.087131	0.070051	0.050434	0.028157	0.003071	
 Vektor posouvajicich sil ve sparach:
-2.347124	-1.938409	-1.544425	-1.165453	-0.801782	-0.453651	-0.121107	0.195803	0.497184	0.783174	1.054080	1.310168	1.551854	1.779570	1.993871	2.195359	2.384665	2.562485	-1.921725	-1.783845	-1.642343	-1.496331	-1.344970	-1.187415	-1.022880	-0.850616	-0.669839	-0.479848	-0.279995	-0.069720	0.151596	0.384403	0.629139	0.886138	1.155727	1.438067	1.733375	2.041579	2.362717	2.696680	3.043234	
 Vektor e_min:
0.003372	0.003345	0.003313	0.003276	0.003236	0.003191	0.003144	0.003094	0.003042	0.002988	0.002932	0.002875	0.002818	0.002760	0.002701	0.002643	0.002585	0.002528	0.002309	0.002336	0.002364	0.002393	0.002424	0.002456	0.002489	0.002523	0.002558	0.002593	0.002629	0.002665	0.002700	0.002735	0.002769	0.002802	0.002834	0.002863	0.002891	0.002916	0.002937	0.002956	0.002970	

 * Iterace c. 2 * Delta = -0.018956 *
 icase = 0
         0 -> O.K.,
        -1 -> nelze splnit omezujici podminky,
        +1 -> cilova funkce je na polyedru neomezena.
 lambda = 4.695833
 pocet bloku N = 40
 Vektor lokalnich deformaci:
  15: fi 07 int = 1.586610
  36: fi 17 ext = 5.733027
  59: fi 29 int = 7.909671
  82: fi 40 ext = 3.763254
 Vektor indexu spary mezi bloky:
0		1		2		3		4		5		6		7		8		9		10		11		12		13		14		15		16		17		18		19		20		21		22		23		24		25		26		27		28		29		30		31		32		33		34		35		36		37		38		39		40		
 Vektor normalovych sil ve sparach (+ znaci tlak):
10.134123	10.052455	9.956097	9.846482	9.724964	9.592841	9.451148	9.301012	9.144174	8.981604	8.814380	8.643395	8.470181	8.295514	8.120340	7.945383	7.771789	7.600243	6.940588	7.020242	7.104247	7.192607	7.285420	7.381529	7.481130	7.583455	7.688225	7.794383	7.901616	8.008725	8.115269	8.220256	8.322501	8.421178	8.515429	8.604016	8.685937	8.759971	8.824954	8.879783	8.923252	
 Vektor vzdalenosti N od hornoho povrchu klenby:
0.081035	0.097890	0.111909	0.123183	0.131781	0.137749	0.141119	0.141906	0.140106	0.135707	0.128689	0.119015	0.106643	0.091530	0.073618	0.052853	0.029176	0.002528	0.019568	0.040987	0.060377	0.077733	0.093044	0.106300	0.117497	0.126624	0.133680	0.138656	0.141543	0.142335	0.141014	0.137561	0.131956	0.124162	0.114135	0.101823	0.087156	0.070049	0.050403	0.028093	0.002970	
 Vektor posouvajicich sil ve sparach:
-2.352353	-1.942741	-1.547805	-1.167879	-0.803276	-0.454209	-0.120712	0.197167	0.499488	0.786454	1.058275	1.315275	1.557848	1.786487	2.001647	2.203993	2.394108	2.572731	-1.929545	-1.791020	-1.648804	-1.502091	-1.350018	-1.191739	-1.026463	-0.853428	-0.671903	-0.481142	-0.280542	-0.069459	0.152624	0.386182	0.631696	0.889441	1.159797	1.442866	1.738885	2.047775	2.369622	2.704269	3.051473	
 Vektor e_min:
0.003378	0.003351	0.003319	0.003282	0.003242	0.003198	0.003150	0.003100	0.003048	0.002994	0.002938	0.002881	0.002823	0.002765	0.002707	0.002648	0.002591	0.002533	0.002314	0.002340	0.002368	0.002398	0.002428	0.002460	0.002494	0.002528	0.002563	0.002598	0.002634	0.002670	0.002705	0.002740	0.002774	0.002807	0.002838	0.002868	0.002895	0.002920	0.002942	0.002960	0.002974	

 * Iterace c. 3 * Delta = 0.000863 *
 icase = 0
         0 -> O.K.,
        -1 -> nelze splnit omezujici podminky,
        +1 -> cilova funkce je na polyedru neomezena.
 lambda = 4.694971
 pocet bloku N = 40
 Vektor lokalnich deformaci:
  15: fi 07 int = 1.586586
  36: fi 17 ext = 5.732685
  59: fi 29 int = 7.908991
  82: fi 40 ext = 3.762901
 Vektor indexu spary mezi bloky:
0		1		2		3		4		5		6		7		8		9		10		11		12		13		14		15		16		17		18		19		20		21		22		23		24		25		26		27		28		29		30		31		32		33		34		35		36		37		38		39		40		
 Vektor normalovych sil ve sparach (+ znaci tlak):
10.133345	10.051591	9.955351	9.845754	9.724180	9.591922	9.450220	9.300320	9.143444	8.980670	8.813538	8.642555	8.469468	8.294712	8.119559	7.944738	7.771080	7.599576	6.939963	7.019596	7.103498	7.192271	7.284646	7.381039	7.480555	7.582790	7.687354	7.793708	7.900703	8.007889	8.114505	8.219243	8.321826	8.420424	8.514821	8.603431	8.685271	8.759341	8.824342	8.879193	8.922668	
 Vektor vzdalenosti N od hornoho povrchu klenby:
0.081031	0.097885	0.111904	0.123177	0.131775	0.137743	0.141114	0.141900	0.140100	0.135704	0.128684	0.119011	0.106642	0.091529	0.073619	0.052856	0.029178	0.002533	0.019571	0.040989	0.060380	0.077734	0.093041	0.106298	0.117492	0.126621	0.133677	0.138649	0.141538	0.142330	0.141009	0.137558	0.131951	0.124158	0.114132	0.101820	0.087153	0.070049	0.050404	0.028095	0.002974	
 Vektor posouvajicich sil ve sparach:
-2.352107	-1.942530	-1.547637	-1.167768	-0.803185	-0.454135	-0.120715	0.197117	0.499406	0.786313	1.058106	1.315054	1.557585	1.786167	2.001315	2.203617	2.393697	2.572267	-1.929187	-1.790673	-1.648513	-1.501811	-1.349781	-1.191528	-1.026285	-0.853306	-0.671789	-0.481071	-0.280512	-0.069468	0.152571	0.386109	0.631569	0.889288	1.159591	1.442652	1.738626	2.047495	2.369304	2.703912	3.051074	
 Vektor e_min:
0.003378	0.003351	0.003318	0.003282	0.003241	0.003197	0.003150	0.003100	0.003048	0.002994	0.002938	0.002881	0.002823	0.002765	0.002706	0.002648	0.002590	0.002533	0.002313	0.002340	0.002368	0.002397	0.002428	0.002460	0.002493	0.002528	0.002562	0.002598	0.002634	0.002669	0.002705	0.002740	0.002774	0.002807	0.002838	0.002868	0.002895	0.002920	0.002941	0.002960	0.002974	
