Vstupni soubor: zlamal6_2.in
***kopie vstupniho souboru***

 2.472500
 0.713750
 1
 0.145000
 20.000000
 0.600000
 40
 1
 0.4 1.000000 0.200000
 0.500000
 0.000000
 0 30.000000
 0 0.600000 0.400000 2.400000
 1
 4 2000.000000 inter4.txt
*****************************
Ortoganalni souradnice intrados a extrados:
X_int	Y_int	X_ext	Y_ext
0.000000	0.000000	-0.125574	0.072500
0.039049	0.063722	-0.082558	0.142695
0.081379	0.125313	-0.035928	0.210542
0.126875	0.184605	0.014189	0.275856
0.175412	0.241434	0.067656	0.338458
0.226856	0.295645	0.124325	0.398175
0.281067	0.347089	0.184043	0.454845
0.337896	0.395626	0.246644	0.508312
0.397187	0.441122	0.311958	0.558429
0.458778	0.483452	0.379806	0.605059
0.522501	0.522501	0.450001	0.648075
0.588179	0.558162	0.522350	0.687358
0.655634	0.590336	0.596657	0.722800
0.724680	0.618936	0.672717	0.754305
0.795129	0.643883	0.750321	0.781786
0.866786	0.665109	0.829257	0.805168
0.939456	0.682556	0.909309	0.824387
1.012940	0.696175	0.990257	0.839390
1.087036	0.705930	1.071879	0.850136
1.161541	0.711794	1.153952	0.856595
1.236250	0.713750	1.236250	0.858750
1.310960	0.711794	1.318548	0.856595
1.385464	0.705930	1.400621	0.850136
1.459560	0.696175	1.482243	0.839390
1.533044	0.682556	1.563191	0.824387
1.605714	0.665109	1.643243	0.805168
1.677372	0.643883	1.722179	0.781786
1.747820	0.618936	1.799783	0.754305
1.816866	0.590336	1.875843	0.722800
1.884321	0.558162	1.950150	0.687358
1.949999	0.522501	2.022500	0.648075
2.013722	0.483452	2.092694	0.605059
2.075313	0.441122	2.160542	0.558429
2.134604	0.395626	2.225856	0.508312
2.191433	0.347089	2.288457	0.454845
2.245644	0.295645	2.348175	0.398175
2.297088	0.241434	2.404845	0.338458
2.345625	0.184605	2.458311	0.275856
2.391121	0.125313	2.508428	0.210542
2.433451	0.063722	2.555058	0.142695
2.472500	0.000000	2.598074	0.072500
Vlastni tiha klenby - jednotlive bloky:
X_p	Y_p	P
-0.043266	0.070339	0.227661
-0.000477	0.136230	0.227661
0.045702	0.199790	0.227661
0.095145	0.260847	0.227661
0.147715	0.319232	0.227661
0.203269	0.374786	0.227661
0.261654	0.427356	0.227661
0.322711	0.476799	0.227661
0.386271	0.522978	0.227661
0.452161	0.565768	0.227661
0.520200	0.605050	0.227661
0.590202	0.640718	0.227661
0.661975	0.672673	0.227661
0.735322	0.700828	0.227661
0.810042	0.725106	0.227661
0.885929	0.745440	0.227661
0.962778	0.761775	0.227662
1.040376	0.774065	0.227661
1.118510	0.782278	0.227661
1.196967	0.786389	0.227661
1.275532	0.786389	0.227661
1.353990	0.782278	0.227661
1.432125	0.774065	0.227661
1.509722	0.761775	0.227662
1.586570	0.745440	0.227661
1.662459	0.725106	0.227661
1.737178	0.700828	0.227661
1.810525	0.672673	0.227661
1.882298	0.640718	0.227661
1.952299	0.605050	0.227661
2.020339	0.565768	0.227661
2.086229	0.522978	0.227661
2.149790	0.476799	0.227661
2.210846	0.427356	0.227661
2.269231	0.374786	0.227661
2.324785	0.319232	0.227661
2.377355	0.260846	0.227661
2.426798	0.199790	0.227661
2.472977	0.136230	0.227662
2.515766	0.070339	0.227661
Tiha nadnasypu pusobici na bloky:
P	h_ver	X_p	Y_p
0.000000	0.070195	-0.104267	0.107269
0.000000	0.067847	-0.059466	0.176294
0.000000	0.065314	-0.011114	0.242881
0.000000	0.062602	0.040657	0.306846
0.000000	0.059718	0.095706	0.368017
0.000000	0.056670	0.153882	0.426223
0.000000	0.053467	0.215026	0.481307
0.000000	0.050117	0.278971	0.533117
0.000000	0.046630	0.345543	0.581511
0.000000	0.043015	0.414559	0.626357
0.000000	0.039283	0.485833	0.667530
0.000000	0.035442	0.559168	0.704919
0.000000	0.031505	0.634365	0.738419
0.000000	0.027481	0.711218	0.767939
0.000000	0.023382	0.789517	0.793397
0.000000	0.019219	0.869048	0.814721
0.000000	0.015003	0.949591	0.831853
0.000000	0.010746	1.030926	0.844744
0.000000	0.006459	1.112828	0.853358
0.000000	0.002155	1.195071	0.857672
0.000000	-0.002155	1.277429	0.857672
0.000000	-0.006459	1.359672	0.853358
0.000000	-0.010746	1.441574	0.844744
0.000000	-0.015003	1.522909	0.831853
0.000000	-0.019219	1.603452	0.814721
0.000000	-0.023382	1.682983	0.793397
0.000000	-0.027481	1.761282	0.767939
0.000000	-0.031505	1.838135	0.738420
0.000000	-0.035442	1.913332	0.704919
0.000000	-0.039283	1.986668	0.667530
0.000000	-0.043016	2.057940	0.626357
0.000000	-0.046630	2.126957	0.581511
0.000000	-0.050117	2.193529	0.533117
0.000000	-0.053467	2.257474	0.481307
0.000000	-0.056670	2.318619	0.426223
0.000000	-0.059718	2.376793	0.368017
0.000000	-0.062602	2.431843	0.306846
0.000000	-0.065314	2.483614	0.242880
0.000000	-0.067848	2.531968	0.176292
0.000000	-0.070195	2.576767	0.107270
Vnejsi zatizeni pusobici na bloky:
X_q	Y_q	Q
-0.125574	0.072500	0.000000
-0.082558	0.142695	0.000000
-0.035928	0.210542	0.000000
0.014189	0.275856	0.000000
0.067656	0.338458	0.000000
0.124325	0.398175	0.000000
0.184043	0.454845	0.000000
0.246644	0.508312	0.000000
0.311958	0.558429	0.000000
0.400000	0.754579	1.000000
0.450001	0.648075	0.000000
0.522350	0.687358	0.000000
0.596657	0.722800	0.000000
0.672717	0.754305	0.000000
0.750321	0.781786	0.000000
0.829257	0.805168	0.000000
0.909309	0.824387	0.000000
0.990257	0.839390	0.000000
1.071879	0.850136	0.000000
1.153952	0.856595	0.000000
1.236250	0.858750	0.000000
1.318548	0.856595	0.000000
1.400621	0.850136	0.000000
1.482243	0.839390	0.000000
1.563191	0.824387	0.000000
1.643243	0.805168	0.000000
1.722179	0.781786	0.000000
1.799783	0.754305	0.000000
1.875843	0.722800	0.000000
1.950150	0.687358	0.000000
2.022500	0.648075	0.000000
2.092694	0.605059	0.000000
2.160542	0.558429	0.000000
2.225856	0.508312	0.000000
2.288457	0.454845	0.000000
2.348175	0.398175	0.000000
2.404845	0.338458	0.000000
2.458311	0.275856	0.000000
2.508428	0.210542	0.000000
2.555058	0.142695	0.000000
Ortogonalni lokalni souradnice jednotlivych bloku:
a	alfa	b	beta
0.072500	2.617995	0.078531	1.021018
0.072500	2.565635	0.078531	0.968659
0.072500	2.513275	0.078531	0.916299
0.072500	2.460915	0.078531	0.863939
0.072500	2.408555	0.078531	0.811579
0.072500	2.356195	0.078531	0.759219
0.072500	2.303835	0.078531	0.706859
0.072500	2.251475	0.078531	0.654500
0.072500	2.199115	0.078531	0.602139
0.072500	2.146756	0.078531	0.549778
0.072500	2.094395	0.078531	0.497420
0.072500	2.042036	0.078531	0.445059
0.072500	1.989676	0.078531	0.392700
0.072500	1.937316	0.078531	0.340338
0.072500	1.884957	0.078531	0.287981
0.072500	1.832596	0.078531	0.235619
0.072500	1.780236	0.078531	0.183260
0.072500	1.727876	0.078531	0.130899
0.072500	1.675516	0.078531	0.078541
0.072500	1.623156	0.078531	0.026179
0.072500	1.570796	0.078531	-0.026179
0.072500	1.518436	0.078531	-0.078540
0.072500	1.466077	0.078531	-0.130900
0.072500	1.413716	0.078531	-0.183260
0.072500	1.361356	0.078531	-0.235619
0.072500	1.308997	0.078531	-0.287979
0.072500	1.256637	0.078531	-0.340341
0.072500	1.204276	0.078531	-0.392699
0.072500	1.151917	0.078531	-0.445058
0.072500	1.099557	0.078531	-0.497421
0.072500	1.047197	0.078531	-0.549780
0.072500	0.994838	0.078531	-0.602137
0.072500	0.942477	0.078531	-0.654499
0.072500	0.890118	0.078531	-0.706859
0.072500	0.837758	0.078531	-0.759219
0.072500	0.785397	0.078531	-0.811578
0.072500	0.733037	0.078531	-0.863940
0.072500	0.680678	0.078531	-0.916301
0.072500	0.628319	0.078531	-0.968656
0.072500	0.575958	0.078531	-1.021019
0.072500	0.523597	1.000000	-1.047199
Transformovane zatizeni vlastni tihou klenby:
Px	Py	Mp
0.000000	0.227661	0.004444
0.000000	0.227661	0.004844
0.000000	0.227661	0.005231
0.000000	0.227661	0.005603
0.000000	0.227661	0.005961
0.000000	0.227661	0.006301
0.000000	0.227661	0.006625
0.000000	0.227661	0.006930
0.000000	0.227661	0.007216
0.000000	0.227661	0.007483
0.000000	0.227661	0.007729
0.000000	0.227661	0.007954
0.000000	0.227661	0.008157
0.000000	0.227661	0.008338
0.000000	0.227661	0.008496
0.000000	0.227661	0.008630
0.000000	0.227662	0.008741
0.000000	0.227661	0.008828
0.000000	0.227661	0.008891
0.000000	0.227661	0.008929
0.000000	0.227661	0.008943
0.000000	0.227661	0.008933
0.000000	0.227661	0.008897
0.000000	0.227662	0.008838
0.000000	0.227661	0.008754
0.000000	0.227661	0.008647
0.000000	0.227661	0.008515
0.000000	0.227661	0.008360
0.000000	0.227661	0.008183
0.000000	0.227661	0.007983
0.000000	0.227661	0.007761
0.000000	0.227661	0.007518
0.000000	0.227661	0.007254
0.000000	0.227661	0.006970
0.000000	0.227661	0.006667
0.000000	0.227661	0.006346
0.000000	0.227661	0.006008
0.000000	0.227661	0.005653
0.000000	0.227662	0.005282
0.000000	0.227661	0.004897
0.000000	0.000000	0.000000
Transformovane zatizeni nadnasypem:
Px	Py	Mp
0.000000	0.000000	0.000000
0.000000	0.000000	0.000000
0.000000	0.000000	0.000000
0.000000	0.000000	0.000000
0.000000	0.000000	0.000000
0.000000	0.000000	0.000000
0.000000	0.000000	0.000000
0.000000	0.000000	0.000000
0.000000	0.000000	0.000000
0.000000	0.000000	0.000000
0.000000	0.000000	0.000000
0.000000	0.000000	0.000000
0.000000	0.000000	0.000000
0.000000	0.000000	0.000000
0.000000	0.000000	0.000000
0.000000	0.000000	0.000000
0.000000	0.000000	0.000000
0.000000	0.000000	0.000000
0.000000	0.000000	0.000000
0.000000	0.000000	0.000000
0.000000	0.000000	0.000000
0.000000	0.000000	0.000000
0.000000	0.000000	0.000000
0.000000	0.000000	0.000000
0.000000	0.000000	0.000000
0.000000	0.000000	0.000000
0.000000	0.000000	0.000000
0.000000	0.000000	0.000000
0.000000	0.000000	0.000000
0.000000	0.000000	0.000000
0.000000	0.000000	0.000000
0.000000	0.000000	0.000000
0.000000	0.000000	0.000000
0.000000	0.000000	0.000000
0.000000	0.000000	0.000000
0.000000	0.000000	0.000000
0.000000	0.000000	0.000000
0.000000	0.000000	0.000000
0.000000	0.000000	0.000000
0.000000	0.000000	0.000000
0.000000	0.000000	0.000000
Transformovane zatizeni vnejsich sil:
Qx	Qy	Mq
0.000000	0.000000	0.000000
0.000000	0.000000	0.000000
0.000000	0.000000	0.000000
0.000000	0.000000	0.000000
0.000000	0.000000	0.000000
0.000000	0.000000	0.000000
0.000000	0.000000	0.000000
0.000000	0.000000	0.000000
0.000000	0.000000	0.000000
0.000000	1.000000	-0.019292
0.000000	0.000000	0.000000
0.000000	0.000000	0.000000
0.000000	0.000000	0.000000
0.000000	0.000000	0.000000
0.000000	0.000000	0.000000
0.000000	0.000000	0.000000
0.000000	0.000000	0.000000
0.000000	0.000000	0.000000
0.000000	0.000000	0.000000
0.000000	0.000000	0.000000
0.000000	0.000000	0.000000
0.000000	0.000000	0.000000
0.000000	0.000000	0.000000
0.000000	0.000000	0.000000
0.000000	0.000000	0.000000
0.000000	0.000000	0.000000
0.000000	0.000000	0.000000
0.000000	0.000000	0.000000
0.000000	0.000000	0.000000
0.000000	0.000000	0.000000
0.000000	0.000000	0.000000
0.000000	0.000000	0.000000
0.000000	0.000000	0.000000
0.000000	0.000000	0.000000
0.000000	0.000000	0.000000
0.000000	0.000000	0.000000
0.000000	0.000000	0.000000
0.000000	0.000000	0.000000
0.000000	0.000000	0.000000
0.000000	0.000000	0.000000
0.000000	0.000000	0.000000

*** vysledky vypoctu ***
 icase = 0
         0 -> O.K.,
        -1 -> nelze splnit omezujici podminky,
        +1 -> cilova funkce je na polyedru neomezena.
 lambda = 5.897029
 pocet bloku N = 40
 Vektor lokalnich deformaci:
   1: fi 00 int = 2.500005
  22: fi 10 ext = 5.560503
  53: fi 26 int = 5.918508
  82: fi 40 ext = 2.858009
 Vektor indexu spary mezi bloky:
0		1		2		3		4		5		6		7		8		9		10		11		12		13		14		15		16		17		18		19		20		21		22		23		24		25		26		27		28		29		30		31		32		33		34		35		36		37		38		39		40		
 Vektor normalovych sil ve sparach (+ znaci tlak):
11.341004	11.124666	10.890758	10.640995	10.377098	10.100725	9.813459	9.517105	9.213162	8.903205	5.640176	5.594280	5.554306	5.520723	5.494396	5.475550	5.464712	5.462382	5.468587	5.483278	5.506919	5.539095	5.580113	5.629526	5.687027	5.752111	5.824431	5.903686	5.988897	6.079367	6.174409	6.273265	6.374955	6.478308	6.582505	6.686311	6.788700	6.888371	6.984250	7.074949	7.159231	
 Vektor vzdalenosti N od hornoho povrchu klenby:
0.145000	0.143421	0.138584	0.130405	0.118767	0.103522	0.084492	0.061461	0.034180	0.002358	0.000000	0.016223	0.031479	0.045806	0.059227	0.071754	0.083386	0.094114	0.103921	0.112779	0.120653	0.127514	0.133309	0.138002	0.141546	0.143895	0.145000	0.144812	0.143289	0.140381	0.136041	0.130215	0.122850	0.113889	0.103267	0.090916	0.076754	0.060691	0.042626	0.022441	0.000000	
 Vektor posouvajicich sil ve sparach:
0.188951	0.658263	1.105752	1.530956	1.933422	2.312898	2.669170	3.002183	3.311978	3.598692	-1.244421	-1.150371	-1.063987	-0.984389	-0.910629	-0.841721	-0.776693	-0.714474	-0.654027	-0.594299	-0.534166	-0.472567	-0.408450	-0.340697	-0.268293	-0.190201	-0.105431	-0.012998	0.088041	0.198487	0.319218	0.450999	0.594517	0.750397	0.919260	1.101512	1.297604	1.507857	1.732479	1.971656	2.225376	
 Vektor e_min:
0.003780	0.003708	0.003630	0.003547	0.003459	0.003367	0.003271	0.003172	0.003071	0.002968	0.001880	0.001865	0.001851	0.001840	0.001831	0.001825	0.001822	0.001821	0.001823	0.001828	0.001836	0.001846	0.001860	0.001877	0.001896	0.001917	0.001941	0.001968	0.001996	0.002026	0.002058	0.002091	0.002125	0.002159	0.002194	0.002229	0.002263	0.002296	0.002328	0.002358	0.002386	

 * Iterace c. 1 * Delta = 0.252132 *
 icase = 0
         0 -> O.K.,
        -1 -> nelze splnit omezujici podminky,
        +1 -> cilova funkce je na polyedru neomezena.
 lambda = 5.644897
 pocet bloku N = 40
 Vektor lokalnich deformaci:
   1: fi 00 int = 2.729243
  20: fi 09 ext = 5.416864
  53: fi 26 int = 5.339687
  82: fi 40 ext = 2.652066
 Vektor indexu spary mezi bloky:
0		1		2		3		4		5		6		7		8		9		10		11		12		13		14		15		16		17		18		19		20		21		22		23		24		25		26		27		28		29		30		31		32		33		34		35		36		37		38		39		40		
 Vektor normalovych sil ve sparach (+ znaci tlak):
11.098904	10.885845	10.655931	10.410810	10.152097	9.881638	9.600788	9.311372	9.014926	8.713031	5.585018	5.536625	5.494259	5.458580	5.430364	5.409564	5.397438	5.393449	5.398472	5.411975	5.435047	5.466500	5.506907	5.556116	5.613548	5.678753	5.751781	5.831319	5.917195	6.008792	6.104922	6.205245	6.308287	6.413374	6.519611	6.625464	6.730064	6.832134	6.930491	7.023887	7.110983	
 Vektor vzdalenosti N od hornoho povrchu klenby:
0.141220	0.139965	0.135476	0.127676	0.116452	0.101666	0.083146	0.060687	0.034052	0.002968	0.001053	0.016759	0.031536	0.045427	0.058455	0.070631	0.081963	0.092439	0.102038	0.110736	0.118500	0.125292	0.131068	0.135781	0.139382	0.141826	0.143058	0.143035	0.141704	0.139012	0.134915	0.129351	0.122270	0.113615	0.103316	0.091307	0.077504	0.061822	0.044154	0.024388	0.002386	
 Vektor posouvajicich sil ve sparach:
0.132318	0.589010	1.024120	1.437117	1.827667	2.195508	2.540486	2.862535	3.161753	3.438287	-1.196187	-1.105101	-1.021795	-0.945382	-0.874937	-0.809446	-0.747895	-0.689247	-0.632461	-0.576415	-0.520038	-0.462232	-0.401913	-0.338019	-0.269447	-0.195199	-0.114245	-0.025614	0.071645	0.178392	0.295454	0.423627	0.563634	0.716080	0.881575	1.060599	1.253558	1.460784	1.682541	1.918955	2.170108	
 Vektor e_min:
0.003700	0.003629	0.003552	0.003470	0.003384	0.003294	0.003200	0.003104	0.003005	0.002904	0.001862	0.001846	0.001831	0.001820	0.001810	0.001803	0.001799	0.001798	0.001800	0.001804	0.001812	0.001822	0.001836	0.001852	0.001871	0.001893	0.001917	0.001944	0.001972	0.002003	0.002035	0.002068	0.002103	0.002138	0.002173	0.002208	0.002243	0.002277	0.002310	0.002341	0.002370	

 * Iterace c. 2 * Delta = 0.021398 *
 icase = 0
         0 -> O.K.,
        -1 -> nelze splnit omezujici podminky,
        +1 -> cilova funkce je na polyedru neomezena.
 lambda = 5.623499
 pocet bloku N = 40
 Vektor lokalnich deformaci:
   1: fi 00 int = 2.480144
  22: fi 10 ext = 5.483485
  53: fi 26 int = 5.790641
  82: fi 40 ext = 2.787299
 Vektor indexu spary mezi bloky:
0		1		2		3		4		5		6		7		8		9		10		11		12		13		14		15		16		17		18		19		20		21		22		23		24		25		26		27		28		29		30		31		32		33		34		35		36		37		38		39		40		
 Vektor normalovych sil ve sparach (+ znaci tlak):
11.080833	10.868005	10.638379	10.393542	10.135265	9.865179	9.584902	9.295986	9.000378	8.699086	5.582147	5.533494	5.490843	5.454973	5.426414	5.405527	5.392787	5.388822	5.393482	5.407157	5.429855	5.461180	5.501521	5.550483	5.607826	5.672963	5.745557	5.825202	5.910992	6.002391	6.098723	6.198812	6.301934	6.407105	6.513234	6.619235	6.723893	6.826050	6.924538	7.018020	7.105258	
 Vektor vzdalenosti N od hornoho povrchu klenby:
0.141300	0.140078	0.135626	0.127864	0.116683	0.101944	0.083476	0.061075	0.034507	0.003499	0.001862	0.017498	0.032208	0.046035	0.059000	0.071115	0.082389	0.092808	0.102358	0.111008	0.118723	0.125472	0.131208	0.135887	0.139456	0.141872	0.143083	0.143035	0.141688	0.138983	0.134871	0.129301	0.122216	0.113557	0.103258	0.091250	0.077452	0.061774	0.044116	0.024359	0.002370	
 Vektor posouvajicich sil ve sparach:
0.127958	0.583704	1.017885	1.429992	1.819656	2.186617	2.530756	2.851997	3.150411	3.426198	-1.190476	-1.099528	-1.016408	-0.940173	-0.869927	-0.804629	-0.743318	-0.684914	-0.628345	-0.572564	-0.516470	-0.458959	-0.398926	-0.335315	-0.267059	-0.193102	-0.112473	-0.024150	0.072771	0.179176	0.295920	0.423752	0.563437	0.715535	0.880704	1.059400	1.252026	1.458934	1.680360	1.916481	2.167327	
 Vektor e_min:
0.003694	0.003623	0.003546	0.003464	0.003378	0.003288	0.003195	0.003099	0.003000	0.002900	0.001861	0.001844	0.001830	0.001818	0.001809	0.001802	0.001798	0.001796	0.001798	0.001802	0.001810	0.001820	0.001834	0.001850	0.001869	0.001891	0.001915	0.001942	0.001970	0.002001	0.002033	0.002066	0.002101	0.002136	0.002171	0.002206	0.002241	0.002275	0.002308	0.002339	0.002368	

 * Iterace c. 3 * Delta = -0.000280 *
 icase = 0
         0 -> O.K.,
        -1 -> nelze splnit omezujici podminky,
        +1 -> cilova funkce je na polyedru neomezena.
 lambda = 5.623779
 pocet bloku N = 40
 Vektor lokalnich deformaci:
   1: fi 00 int = 2.480157
  22: fi 10 ext = 5.483576
  53: fi 26 int = 5.790781
  82: fi 40 ext = 2.787362
 Vektor indexu spary mezi bloky:
0		1		2		3		4		5		6		7		8		9		10		11		12		13		14		15		16		17		18		19		20		21		22		23		24		25		26		27		28		29		30		31		32		33		34		35		36		37		38		39		40		
 Vektor normalovych sil ve sparach (+ znaci tlak):
11.081075	10.868288	10.638629	10.393828	10.135560	9.865415	9.585082	9.296258	9.000422	8.699169	5.582341	5.533501	5.491014	5.454978	5.426405	5.405413	5.392752	5.388805	5.393452	5.407161	5.429578	5.461030	5.501535	5.550414	5.607754	5.672902	5.745653	5.825177	5.911089	6.002593	6.098636	6.198999	6.302024	6.407190	6.513293	6.619298	6.723974	6.826153	6.924583	7.018067	7.105309	
 Vektor vzdalenosti N od hornoho povrchu klenby:
0.141306	0.140083	0.135631	0.127868	0.116687	0.101947	0.083477	0.061076	0.034507	0.003496	0.001861	0.017495	0.032208	0.046032	0.058998	0.071116	0.082390	0.092810	0.102355	0.111007	0.118725	0.125475	0.131210	0.135888	0.139457	0.141873	0.143085	0.143039	0.141689	0.138984	0.134872	0.129300	0.122215	0.113556	0.103257	0.091249	0.077451	0.061773	0.044114	0.024357	0.002368	
 Vektor posouvajicich sil ve sparach:
0.128031	0.583827	1.018002	1.430115	1.819795	2.186776	2.530912	2.852173	3.150604	3.426404	-1.190500	-1.099571	-1.016428	-0.940203	-0.869949	-0.804652	-0.743332	-0.684936	-0.628376	-0.572587	-0.516473	-0.458959	-0.398923	-0.335308	-0.267047	-0.193107	-0.112453	-0.024153	0.072773	0.179202	0.295941	0.423764	0.563437	0.715560	0.880721	1.059425	1.252063	1.458959	1.680400	1.916524	2.167355	
 Vektor e_min:
0.003694	0.003623	0.003546	0.003465	0.003378	0.003288	0.003195	0.003099	0.003000	0.002900	0.001861	0.001845	0.001830	0.001818	0.001809	0.001802	0.001798	0.001796	0.001798	0.001802	0.001810	0.001820	0.001834	0.001850	0.001869	0.001891	0.001915	0.001942	0.001970	0.002001	0.002033	0.002066	0.002101	0.002136	0.002171	0.002206	0.002241	0.002275	0.002308	0.002339	0.002368	
