Vstupni soubor: zlamal6_1.in
***kopie vstupniho souboru***

 2.472500
 0.713750
 1
 0.145000
 20.000000
 0.600000
 40
 1
 0.2 1.000000 0.200000
 0.500000
 0.000000
 0 30.000000
 0 0.600000 0.400000 2.400000
 1
 4 2000.000000 inter4.txt
*****************************
Ortoganalni souradnice intrados a extrados:
X_int	Y_int	X_ext	Y_ext
0.000000	0.000000	-0.125574	0.072500
0.039049	0.063722	-0.082558	0.142695
0.081379	0.125313	-0.035928	0.210542
0.126875	0.184605	0.014189	0.275856
0.175412	0.241434	0.067656	0.338458
0.226856	0.295645	0.124325	0.398175
0.281067	0.347089	0.184043	0.454845
0.337896	0.395626	0.246644	0.508312
0.397187	0.441122	0.311958	0.558429
0.458778	0.483452	0.379806	0.605059
0.522501	0.522501	0.450001	0.648075
0.588179	0.558162	0.522350	0.687358
0.655634	0.590336	0.596657	0.722800
0.724680	0.618936	0.672717	0.754305
0.795129	0.643883	0.750321	0.781786
0.866786	0.665109	0.829257	0.805168
0.939456	0.682556	0.909309	0.824387
1.012940	0.696175	0.990257	0.839390
1.087036	0.705930	1.071879	0.850136
1.161541	0.711794	1.153952	0.856595
1.236250	0.713750	1.236250	0.858750
1.310960	0.711794	1.318548	0.856595
1.385464	0.705930	1.400621	0.850136
1.459560	0.696175	1.482243	0.839390
1.533044	0.682556	1.563191	0.824387
1.605714	0.665109	1.643243	0.805168
1.677372	0.643883	1.722179	0.781786
1.747820	0.618936	1.799783	0.754305
1.816866	0.590336	1.875843	0.722800
1.884321	0.558162	1.950150	0.687358
1.949999	0.522501	2.022500	0.648075
2.013722	0.483452	2.092694	0.605059
2.075313	0.441122	2.160542	0.558429
2.134604	0.395626	2.225856	0.508312
2.191433	0.347089	2.288457	0.454845
2.245644	0.295645	2.348175	0.398175
2.297088	0.241434	2.404845	0.338458
2.345625	0.184605	2.458311	0.275856
2.391121	0.125313	2.508428	0.210542
2.433451	0.063722	2.555058	0.142695
2.472500	0.000000	2.598074	0.072500
Vlastni tiha klenby - jednotlive bloky:
X_p	Y_p	P
-0.043266	0.070339	0.227661
-0.000477	0.136230	0.227661
0.045702	0.199790	0.227661
0.095145	0.260847	0.227661
0.147715	0.319232	0.227661
0.203269	0.374786	0.227661
0.261654	0.427356	0.227661
0.322711	0.476799	0.227661
0.386271	0.522978	0.227661
0.452161	0.565768	0.227661
0.520200	0.605050	0.227661
0.590202	0.640718	0.227661
0.661975	0.672673	0.227661
0.735322	0.700828	0.227661
0.810042	0.725106	0.227661
0.885929	0.745440	0.227661
0.962778	0.761775	0.227662
1.040376	0.774065	0.227661
1.118510	0.782278	0.227661
1.196967	0.786389	0.227661
1.275532	0.786389	0.227661
1.353990	0.782278	0.227661
1.432125	0.774065	0.227661
1.509722	0.761775	0.227662
1.586570	0.745440	0.227661
1.662459	0.725106	0.227661
1.737178	0.700828	0.227661
1.810525	0.672673	0.227661
1.882298	0.640718	0.227661
1.952299	0.605050	0.227661
2.020339	0.565768	0.227661
2.086229	0.522978	0.227661
2.149790	0.476799	0.227661
2.210846	0.427356	0.227661
2.269231	0.374786	0.227661
2.324785	0.319232	0.227661
2.377355	0.260846	0.227661
2.426798	0.199790	0.227661
2.472977	0.136230	0.227662
2.515766	0.070339	0.227661
Tiha nadnasypu pusobici na bloky:
P	h_ver	X_p	Y_p
0.000000	0.070195	-0.104267	0.107269
0.000000	0.067847	-0.059466	0.176294
0.000000	0.065314	-0.011114	0.242881
0.000000	0.062602	0.040657	0.306846
0.000000	0.059718	0.095706	0.368017
0.000000	0.056670	0.153882	0.426223
0.000000	0.053467	0.215026	0.481307
0.000000	0.050117	0.278971	0.533117
0.000000	0.046630	0.345543	0.581511
0.000000	0.043015	0.414559	0.626357
0.000000	0.039283	0.485833	0.667530
0.000000	0.035442	0.559168	0.704919
0.000000	0.031505	0.634365	0.738419
0.000000	0.027481	0.711218	0.767939
0.000000	0.023382	0.789517	0.793397
0.000000	0.019219	0.869048	0.814721
0.000000	0.015003	0.949591	0.831853
0.000000	0.010746	1.030926	0.844744
0.000000	0.006459	1.112828	0.853358
0.000000	0.002155	1.195071	0.857672
0.000000	-0.002155	1.277429	0.857672
0.000000	-0.006459	1.359672	0.853358
0.000000	-0.010746	1.441574	0.844744
0.000000	-0.015003	1.522909	0.831853
0.000000	-0.019219	1.603452	0.814721
0.000000	-0.023382	1.682983	0.793397
0.000000	-0.027481	1.761282	0.767939
0.000000	-0.031505	1.838135	0.738420
0.000000	-0.035442	1.913332	0.704919
0.000000	-0.039283	1.986668	0.667530
0.000000	-0.043016	2.057940	0.626357
0.000000	-0.046630	2.126957	0.581511
0.000000	-0.050117	2.193529	0.533117
0.000000	-0.053467	2.257474	0.481307
0.000000	-0.056670	2.318619	0.426223
0.000000	-0.059718	2.376793	0.368017
0.000000	-0.062602	2.431843	0.306846
0.000000	-0.065314	2.483614	0.242880
0.000000	-0.067848	2.531968	0.176292
0.000000	-0.070195	2.576767	0.107270
Vnejsi zatizeni pusobici na bloky:
X_q	Y_q	Q
-0.125574	0.072500	0.000000
-0.082558	0.142695	0.000000
-0.035928	0.210542	0.000000
0.014189	0.275856	0.000000
0.067656	0.338458	0.000000
0.124325	0.398175	0.000000
0.200000	0.664601	1.000000
0.246644	0.508312	0.000000
0.311958	0.558429	0.000000
0.379806	0.605059	0.000000
0.450001	0.648075	0.000000
0.522350	0.687358	0.000000
0.596657	0.722800	0.000000
0.672717	0.754305	0.000000
0.750321	0.781786	0.000000
0.829257	0.805168	0.000000
0.909309	0.824387	0.000000
0.990257	0.839390	0.000000
1.071879	0.850136	0.000000
1.153952	0.856595	0.000000
1.236250	0.858750	0.000000
1.318548	0.856595	0.000000
1.400621	0.850136	0.000000
1.482243	0.839390	0.000000
1.563191	0.824387	0.000000
1.643243	0.805168	0.000000
1.722179	0.781786	0.000000
1.799783	0.754305	0.000000
1.875843	0.722800	0.000000
1.950150	0.687358	0.000000
2.022500	0.648075	0.000000
2.092694	0.605059	0.000000
2.160542	0.558429	0.000000
2.225856	0.508312	0.000000
2.288457	0.454845	0.000000
2.348175	0.398175	0.000000
2.404845	0.338458	0.000000
2.458311	0.275856	0.000000
2.508428	0.210542	0.000000
2.555058	0.142695	0.000000
Ortogonalni lokalni souradnice jednotlivych bloku:
a	alfa	b	beta
0.072500	2.617995	0.078531	1.021018
0.072500	2.565635	0.078531	0.968659
0.072500	2.513275	0.078531	0.916299
0.072500	2.460915	0.078531	0.863939
0.072500	2.408555	0.078531	0.811579
0.072500	2.356195	0.078531	0.759219
0.072500	2.303835	0.078531	0.706859
0.072500	2.251475	0.078531	0.654500
0.072500	2.199115	0.078531	0.602139
0.072500	2.146756	0.078531	0.549778
0.072500	2.094395	0.078531	0.497420
0.072500	2.042036	0.078531	0.445059
0.072500	1.989676	0.078531	0.392700
0.072500	1.937316	0.078531	0.340338
0.072500	1.884957	0.078531	0.287981
0.072500	1.832596	0.078531	0.235619
0.072500	1.780236	0.078531	0.183260
0.072500	1.727876	0.078531	0.130899
0.072500	1.675516	0.078531	0.078541
0.072500	1.623156	0.078531	0.026179
0.072500	1.570796	0.078531	-0.026179
0.072500	1.518436	0.078531	-0.078540
0.072500	1.466077	0.078531	-0.130900
0.072500	1.413716	0.078531	-0.183260
0.072500	1.361356	0.078531	-0.235619
0.072500	1.308997	0.078531	-0.287979
0.072500	1.256637	0.078531	-0.340341
0.072500	1.204276	0.078531	-0.392699
0.072500	1.151917	0.078531	-0.445058
0.072500	1.099557	0.078531	-0.497421
0.072500	1.047197	0.078531	-0.549780
0.072500	0.994838	0.078531	-0.602137
0.072500	0.942477	0.078531	-0.654499
0.072500	0.890118	0.078531	-0.706859
0.072500	0.837758	0.078531	-0.759219
0.072500	0.785397	0.078531	-0.811578
0.072500	0.733037	0.078531	-0.863940
0.072500	0.680678	0.078531	-0.916301
0.072500	0.628319	0.078531	-0.968656
0.072500	0.575958	0.078531	-1.021019
0.072500	0.523597	1.000000	-1.047199
Transformovane zatizeni vlastni tihou klenby:
Px	Py	Mp
0.000000	0.227661	0.004444
0.000000	0.227661	0.004844
0.000000	0.227661	0.005231
0.000000	0.227661	0.005603
0.000000	0.227661	0.005961
0.000000	0.227661	0.006301
0.000000	0.227661	0.006625
0.000000	0.227661	0.006930
0.000000	0.227661	0.007216
0.000000	0.227661	0.007483
0.000000	0.227661	0.007729
0.000000	0.227661	0.007954
0.000000	0.227661	0.008157
0.000000	0.227661	0.008338
0.000000	0.227661	0.008496
0.000000	0.227661	0.008630
0.000000	0.227662	0.008741
0.000000	0.227661	0.008828
0.000000	0.227661	0.008891
0.000000	0.227661	0.008929
0.000000	0.227661	0.008943
0.000000	0.227661	0.008933
0.000000	0.227661	0.008897
0.000000	0.227662	0.008838
0.000000	0.227661	0.008754
0.000000	0.227661	0.008647
0.000000	0.227661	0.008515
0.000000	0.227661	0.008360
0.000000	0.227661	0.008183
0.000000	0.227661	0.007983
0.000000	0.227661	0.007761
0.000000	0.227661	0.007518
0.000000	0.227661	0.007254
0.000000	0.227661	0.006970
0.000000	0.227661	0.006667
0.000000	0.227661	0.006346
0.000000	0.227661	0.006008
0.000000	0.227661	0.005653
0.000000	0.227662	0.005282
0.000000	0.227661	0.004897
0.000000	0.000000	0.000000
Transformovane zatizeni nadnasypem:
Px	Py	Mp
0.000000	0.000000	0.000000
0.000000	0.000000	0.000000
0.000000	0.000000	0.000000
0.000000	0.000000	0.000000
0.000000	0.000000	0.000000
0.000000	0.000000	0.000000
0.000000	0.000000	0.000000
0.000000	0.000000	0.000000
0.000000	0.000000	0.000000
0.000000	0.000000	0.000000
0.000000	0.000000	0.000000
0.000000	0.000000	0.000000
0.000000	0.000000	0.000000
0.000000	0.000000	0.000000
0.000000	0.000000	0.000000
0.000000	0.000000	0.000000
0.000000	0.000000	0.000000
0.000000	0.000000	0.000000
0.000000	0.000000	0.000000
0.000000	0.000000	0.000000
0.000000	0.000000	0.000000
0.000000	0.000000	0.000000
0.000000	0.000000	0.000000
0.000000	0.000000	0.000000
0.000000	0.000000	0.000000
0.000000	0.000000	0.000000
0.000000	0.000000	0.000000
0.000000	0.000000	0.000000
0.000000	0.000000	0.000000
0.000000	0.000000	0.000000
0.000000	0.000000	0.000000
0.000000	0.000000	0.000000
0.000000	0.000000	0.000000
0.000000	0.000000	0.000000
0.000000	0.000000	0.000000
0.000000	0.000000	0.000000
0.000000	0.000000	0.000000
0.000000	0.000000	0.000000
0.000000	0.000000	0.000000
0.000000	0.000000	0.000000
0.000000	0.000000	0.000000
Transformovane zatizeni vnejsich sil:
Qx	Qy	Mq
0.000000	0.000000	0.000000
0.000000	0.000000	0.000000
0.000000	0.000000	0.000000
0.000000	0.000000	0.000000
0.000000	0.000000	0.000000
0.000000	0.000000	0.000000
0.000000	1.000000	-0.032555
0.000000	0.000000	0.000000
0.000000	0.000000	0.000000
0.000000	0.000000	0.000000
0.000000	0.000000	0.000000
0.000000	0.000000	0.000000
0.000000	0.000000	0.000000
0.000000	0.000000	0.000000
0.000000	0.000000	0.000000
0.000000	0.000000	0.000000
0.000000	0.000000	0.000000
0.000000	0.000000	0.000000
0.000000	0.000000	0.000000
0.000000	0.000000	0.000000
0.000000	0.000000	0.000000
0.000000	0.000000	0.000000
0.000000	0.000000	0.000000
0.000000	0.000000	0.000000
0.000000	0.000000	0.000000
0.000000	0.000000	0.000000
0.000000	0.000000	0.000000
0.000000	0.000000	0.000000
0.000000	0.000000	0.000000
0.000000	0.000000	0.000000
0.000000	0.000000	0.000000
0.000000	0.000000	0.000000
0.000000	0.000000	0.000000
0.000000	0.000000	0.000000
0.000000	0.000000	0.000000
0.000000	0.000000	0.000000
0.000000	0.000000	0.000000
0.000000	0.000000	0.000000
0.000000	0.000000	0.000000
0.000000	0.000000	0.000000
0.000000	0.000000	0.000000

*** vysledky vypoctu ***
 icase = 0
         0 -> O.K.,
        -1 -> nelze splnit omezujici podminky,
        +1 -> cilova funkce je na polyedru neomezena.
 lambda = 9.158882
 pocet bloku N = 40
 Vektor lokalnich deformaci:
   1: fi 00 int = 5.000002
  16: fi 07 ext = 8.384995
  51: fi 25 int = 6.778130
  82: fi 40 ext = 3.393136
 Vektor indexu spary mezi bloky:
0		1		2		3		4		5		6		7		8		9		10		11		12		13		14		15		16		17		18		19		20		21		22		23		24		25		26		27		28		29		30		31		32		33		34		35		36		37		38		39		40		
 Vektor normalovych sil ve sparach (+ znaci tlak):
14.176798	13.851893	13.501942	13.128983	12.735071	12.322220	11.892380	5.683888	5.606809	5.533575	5.465048	5.402367	5.346131	5.296871	5.255471	5.222207	5.197648	5.182333	5.176313	5.179584	5.192635	5.215088	5.247268	5.288748	5.339258	5.398302	5.465555	5.540728	5.622838	5.711226	5.805188	5.903981	6.006613	6.111923	6.219080	6.326843	6.434171	6.539756	6.642501	6.741004	6.834007	
 Vektor vzdalenosti N od hornoho povrchu klenby:
0.145000	0.132544	0.116079	0.095354	0.070064	0.039835	0.004218	0.000000	0.015464	0.029830	0.043187	0.055603	0.067135	0.077836	0.087742	0.096881	0.105267	0.112907	0.119799	0.125928	0.131270	0.135803	0.139480	0.142271	0.144127	0.145000	0.144839	0.143589	0.141199	0.137614	0.132776	0.126624	0.119096	0.110126	0.099643	0.087569	0.073821	0.058301	0.040908	0.021519	0.000000	
 Vektor posouvajicich sil ve sparach:
2.189095	2.804080	3.391360	3.950088	4.479451	4.978848	5.447729	-1.232049	-1.117069	-1.013025	-0.919197	-0.834758	-0.758850	-0.690565	-0.628924	-0.572906	-0.521505	-0.473614	-0.428153	-0.384030	-0.340080	-0.295195	-0.248278	-0.198166	-0.143792	-0.084070	-0.017962	0.055568	0.137517	0.228738	0.330160	0.442602	0.566806	0.703447	0.853198	1.016520	1.193916	1.385756	1.592300	1.813784	2.050243	
 Vektor e_min:
0.004726	0.004617	0.004501	0.004376	0.004245	0.004107	0.003964	0.001895	0.001869	0.001845	0.001822	0.001801	0.001782	0.001766	0.001752	0.001741	0.001733	0.001727	0.001725	0.001727	0.001731	0.001738	0.001749	0.001763	0.001780	0.001799	0.001822	0.001847	0.001874	0.001904	0.001935	0.001968	0.002002	0.002037	0.002073	0.002109	0.002145	0.002180	0.002214	0.002247	0.002278	

 * Iterace c. 1 * Delta = 0.530947 *
 icase = 0
         0 -> O.K.,
        -1 -> nelze splnit omezujici podminky,
        +1 -> cilova funkce je na polyedru neomezena.
 lambda = 8.627935
 pocet bloku N = 40
 Vektor lokalnich deformaci:
   1: fi 00 int = 4.899752
  16: fi 07 ext = 8.189377
  51: fi 25 int = 6.556612
  82: fi 40 ext = 3.266985
 Vektor indexu spary mezi bloky:
0		1		2		3		4		5		6		7		8		9		10		11		12		13		14		15		16		17		18		19		20		21		22		23		24		25		26		27		28		29		30		31		32		33		34		35		36		37		38		39		40		
 Vektor normalovych sil ve sparach (+ znaci tlak):
13.696058	13.382918	13.046027	12.687441	12.309028	11.912816	11.500834	5.645326	5.566155	5.490861	5.420503	5.356028	5.297950	5.247261	5.204321	5.169858	5.144375	5.127936	5.120914	5.123576	5.135998	5.158306	5.190393	5.231605	5.282164	5.341550	5.409311	5.485019	5.567798	5.657146	5.752156	5.852098	5.955880	6.062793	6.171562	6.281023	6.390110	6.497755	6.602543	6.703212	6.798483	
 Vektor vzdalenosti N od hornoho povrchu klenby:
0.140274	0.128527	0.112824	0.092929	0.068551	0.039337	0.004864	0.001895	0.016892	0.030814	0.043745	0.055764	0.066923	0.077281	0.086878	0.095738	0.103890	0.111327	0.118058	0.124062	0.129327	0.133813	0.137485	0.140308	0.142231	0.143201	0.143172	0.142082	0.139877	0.136500	0.131890	0.125985	0.118723	0.110034	0.099847	0.088084	0.074659	0.059478	0.042436	0.023414	0.002278	
 Vektor posouvajicich sil ve sparach:
1.976721	2.566835	3.129888	3.665114	4.171755	4.649265	5.097191	-1.189981	-1.077083	-0.975240	-0.883683	-0.801637	-0.728196	-0.662474	-0.603473	-0.550167	-0.501534	-0.456461	-0.413880	-0.372655	-0.331655	-0.289743	-0.245801	-0.198675	-0.147288	-0.090544	-0.027383	0.043220	0.122255	0.210612	0.309253	0.418912	0.540446	0.674492	0.821688	0.982565	1.157624	1.347186	1.551581	1.771020	2.005572	
 Vektor e_min:
0.004565	0.004461	0.004349	0.004229	0.004103	0.003971	0.003834	0.001882	0.001855	0.001830	0.001807	0.001785	0.001766	0.001749	0.001735	0.001723	0.001715	0.001709	0.001707	0.001708	0.001712	0.001719	0.001730	0.001744	0.001761	0.001781	0.001803	0.001828	0.001856	0.001886	0.001917	0.001951	0.001985	0.002021	0.002057	0.002094	0.002130	0.002166	0.002201	0.002234	0.002266	

 * Iterace c. 2 * Delta = -0.012156 *
 icase = 0
         0 -> O.K.,
        -1 -> nelze splnit omezujici podminky,
        +1 -> cilova funkce je na polyedru neomezena.
 lambda = 8.640091
 pocet bloku N = 40
 Vektor lokalnich deformaci:
   1: fi 00 int = 4.903069
  16: fi 07 ext = 8.195138
  51: fi 25 int = 6.562239
  82: fi 40 ext = 3.270173
 Vektor indexu spary mezi bloky:
0		1		2		3		4		5		6		7		8		9		10		11		12		13		14		15		16		17		18		19		20		21		22		23		24		25		26		27		28		29		30		31		32		33		34		35		36		37		38		39		40		
 Vektor normalovych sil ve sparach (+ znaci tlak):
13.706735	13.393278	13.056100	12.697087	12.318266	11.921697	11.509333	5.645543	5.566261	5.490970	5.420721	5.356233	5.298275	5.247527	5.204785	5.170146	5.144569	5.128372	5.121323	5.124047	5.136450	5.158793	5.190567	5.232161	5.282589	5.341984	5.409619	5.485484	5.568208	5.657584	5.752504	5.852398	5.956287	6.063118	6.171866	6.281362	6.390534	6.498050	6.602826	6.703493	6.798749	
 Vektor vzdalenosti N od hornoho povrchu klenby:
0.140435	0.128667	0.112942	0.093023	0.068619	0.039376	0.004871	0.001882	0.016883	0.030808	0.043745	0.055762	0.066929	0.077289	0.086888	0.095753	0.103901	0.111342	0.118071	0.124082	0.129343	0.133829	0.137506	0.140326	0.142247	0.143219	0.143190	0.142096	0.139892	0.136512	0.131903	0.125996	0.118731	0.110040	0.099851	0.088085	0.074658	0.059474	0.042429	0.023405	0.002266	
 Vektor posouvajicich sil ve sparach:
1.982416	2.573048	3.136667	3.672399	4.179541	4.657531	5.105903	-1.190295	-1.077357	-0.975516	-0.883931	-0.801874	-0.728423	-0.662688	-0.603644	-0.550335	-0.501668	-0.456599	-0.414001	-0.372746	-0.331731	-0.289789	-0.245817	-0.198688	-0.147272	-0.090517	-0.027311	0.043302	0.122344	0.210746	0.309386	0.419090	0.540633	0.674701	0.821907	0.982812	1.157861	1.347458	1.551883	1.771311	2.005913	
 Vektor e_min:
0.004569	0.004464	0.004352	0.004232	0.004106	0.003974	0.003836	0.001882	0.001855	0.001830	0.001807	0.001785	0.001766	0.001749	0.001735	0.001723	0.001715	0.001709	0.001707	0.001708	0.001712	0.001720	0.001730	0.001744	0.001761	0.001781	0.001803	0.001829	0.001856	0.001886	0.001918	0.001951	0.001985	0.002021	0.002057	0.002094	0.002130	0.002166	0.002201	0.002234	0.002266	

 * Iterace c. 3 * Delta = 0.000307 *
 icase = 0
         0 -> O.K.,
        -1 -> nelze splnit omezujici podminky,
        +1 -> cilova funkce je na polyedru neomezena.
 lambda = 8.639784
 pocet bloku N = 40
 Vektor lokalnich deformaci:
   1: fi 00 int = 4.902999
  16: fi 07 ext = 8.195009
  51: fi 25 int = 6.562120
  82: fi 40 ext = 3.270109
 Vektor indexu spary mezi bloky:
0		1		2		3		4		5		6		7		8		9		10		11		12		13		14		15		16		17		18		19		20		21		22		23		24		25		26		27		28		29		30		31		32		33		34		35		36		37		38		39		40		
 Vektor normalovych sil ve sparach (+ znaci tlak):
13.706452	13.392984	13.055791	12.696816	12.318047	11.921461	11.509103	5.645562	5.566338	5.491102	5.420913	5.356252	5.298343	5.247552	5.204789	5.170104	5.144615	5.128198	5.121360	5.124208	5.136602	5.158578	5.190668	5.231992	5.282430	5.341886	5.409754	5.485186	5.568088	5.657400	5.752497	5.852584	5.956198	6.063183	6.171790	6.281300	6.390517	6.498048	6.602775	6.703447	6.798750	
 Vektor vzdalenosti N od hornoho povrchu klenby:
0.140431	0.128663	0.112939	0.093021	0.068617	0.039375	0.004870	0.001882	0.016882	0.030808	0.043743	0.055762	0.066928	0.077287	0.086886	0.095750	0.103900	0.111337	0.118072	0.124074	0.129338	0.133827	0.137502	0.140324	0.142246	0.143219	0.143184	0.142095	0.139888	0.136510	0.131898	0.125991	0.118730	0.110037	0.099849	0.088083	0.074656	0.059473	0.042428	0.023404	0.002266	
 Vektor posouvajicich sil ve sparach:
1.982304	2.572935	3.136528	3.672242	4.179368	4.657345	5.105690	-1.190252	-1.077345	-0.975481	-0.883918	-0.801847	-0.728407	-0.662662	-0.603633	-0.550311	-0.501653	-0.456582	-0.413977	-0.372739	-0.331717	-0.289784	-0.245821	-0.198680	-0.147274	-0.090506	-0.027341	0.043290	0.122336	0.210730	0.309364	0.419069	0.540625	0.674664	0.821884	0.982789	1.157847	1.347432	1.551850	1.771306	2.005886	
 Vektor e_min:
0.004569	0.004464	0.004352	0.004232	0.004106	0.003974	0.003836	0.001882	0.001855	0.001830	0.001807	0.001785	0.001766	0.001749	0.001735	0.001723	0.001715	0.001709	0.001707	0.001708	0.001712	0.001720	0.001730	0.001744	0.001761	0.001781	0.001803	0.001828	0.001856	0.001886	0.001917	0.001951	0.001985	0.002021	0.002057	0.002094	0.002130	0.002166	0.002201	0.002234	0.002266	
