Vstupni soubor: zlamal6_4.in
***kopie vstupniho souboru***

 2.472500
 0.713750
 1
 0.145000
 20.000000
 0.600000
 40
 1
 0.8 1.000000 0.200000
 0.500000
 0.000000
 0 30.000000
 0 0.600000 0.400000 2.400000
 1
 4 2000.000000 inter4.txt
*****************************
Ortoganalni souradnice intrados a extrados:
X_int	Y_int	X_ext	Y_ext
0.000000	0.000000	-0.125574	0.072500
0.039049	0.063722	-0.082558	0.142695
0.081379	0.125313	-0.035928	0.210542
0.126875	0.184605	0.014189	0.275856
0.175412	0.241434	0.067656	0.338458
0.226856	0.295645	0.124325	0.398175
0.281067	0.347089	0.184043	0.454845
0.337896	0.395626	0.246644	0.508312
0.397187	0.441122	0.311958	0.558429
0.458778	0.483452	0.379806	0.605059
0.522501	0.522501	0.450001	0.648075
0.588179	0.558162	0.522350	0.687358
0.655634	0.590336	0.596657	0.722800
0.724680	0.618936	0.672717	0.754305
0.795129	0.643883	0.750321	0.781786
0.866786	0.665109	0.829257	0.805168
0.939456	0.682556	0.909309	0.824387
1.012940	0.696175	0.990257	0.839390
1.087036	0.705930	1.071879	0.850136
1.161541	0.711794	1.153952	0.856595
1.236250	0.713750	1.236250	0.858750
1.310960	0.711794	1.318548	0.856595
1.385464	0.705930	1.400621	0.850136
1.459560	0.696175	1.482243	0.839390
1.533044	0.682556	1.563191	0.824387
1.605714	0.665109	1.643243	0.805168
1.677372	0.643883	1.722179	0.781786
1.747820	0.618936	1.799783	0.754305
1.816866	0.590336	1.875843	0.722800
1.884321	0.558162	1.950150	0.687358
1.949999	0.522501	2.022500	0.648075
2.013722	0.483452	2.092694	0.605059
2.075313	0.441122	2.160542	0.558429
2.134604	0.395626	2.225856	0.508312
2.191433	0.347089	2.288457	0.454845
2.245644	0.295645	2.348175	0.398175
2.297088	0.241434	2.404845	0.338458
2.345625	0.184605	2.458311	0.275856
2.391121	0.125313	2.508428	0.210542
2.433451	0.063722	2.555058	0.142695
2.472500	0.000000	2.598074	0.072500
Vlastni tiha klenby - jednotlive bloky:
X_p	Y_p	P
-0.043266	0.070339	0.227661
-0.000477	0.136230	0.227661
0.045702	0.199790	0.227661
0.095145	0.260847	0.227661
0.147715	0.319232	0.227661
0.203269	0.374786	0.227661
0.261654	0.427356	0.227661
0.322711	0.476799	0.227661
0.386271	0.522978	0.227661
0.452161	0.565768	0.227661
0.520200	0.605050	0.227661
0.590202	0.640718	0.227661
0.661975	0.672673	0.227661
0.735322	0.700828	0.227661
0.810042	0.725106	0.227661
0.885929	0.745440	0.227661
0.962778	0.761775	0.227662
1.040376	0.774065	0.227661
1.118510	0.782278	0.227661
1.196967	0.786389	0.227661
1.275532	0.786389	0.227661
1.353990	0.782278	0.227661
1.432125	0.774065	0.227661
1.509722	0.761775	0.227662
1.586570	0.745440	0.227661
1.662459	0.725106	0.227661
1.737178	0.700828	0.227661
1.810525	0.672673	0.227661
1.882298	0.640718	0.227661
1.952299	0.605050	0.227661
2.020339	0.565768	0.227661
2.086229	0.522978	0.227661
2.149790	0.476799	0.227661
2.210846	0.427356	0.227661
2.269231	0.374786	0.227661
2.324785	0.319232	0.227661
2.377355	0.260846	0.227661
2.426798	0.199790	0.227661
2.472977	0.136230	0.227662
2.515766	0.070339	0.227661
Tiha nadnasypu pusobici na bloky:
P	h_ver	X_p	Y_p
0.000000	0.070195	-0.104267	0.107269
0.000000	0.067847	-0.059466	0.176294
0.000000	0.065314	-0.011114	0.242881
0.000000	0.062602	0.040657	0.306846
0.000000	0.059718	0.095706	0.368017
0.000000	0.056670	0.153882	0.426223
0.000000	0.053467	0.215026	0.481307
0.000000	0.050117	0.278971	0.533117
0.000000	0.046630	0.345543	0.581511
0.000000	0.043015	0.414559	0.626357
0.000000	0.039283	0.485833	0.667530
0.000000	0.035442	0.559168	0.704919
0.000000	0.031505	0.634365	0.738419
0.000000	0.027481	0.711218	0.767939
0.000000	0.023382	0.789517	0.793397
0.000000	0.019219	0.869048	0.814721
0.000000	0.015003	0.949591	0.831853
0.000000	0.010746	1.030926	0.844744
0.000000	0.006459	1.112828	0.853358
0.000000	0.002155	1.195071	0.857672
0.000000	-0.002155	1.277429	0.857672
0.000000	-0.006459	1.359672	0.853358
0.000000	-0.010746	1.441574	0.844744
0.000000	-0.015003	1.522909	0.831853
0.000000	-0.019219	1.603452	0.814721
0.000000	-0.023382	1.682983	0.793397
0.000000	-0.027481	1.761282	0.767939
0.000000	-0.031505	1.838135	0.738420
0.000000	-0.035442	1.913332	0.704919
0.000000	-0.039283	1.986668	0.667530
0.000000	-0.043016	2.057940	0.626357
0.000000	-0.046630	2.126957	0.581511
0.000000	-0.050117	2.193529	0.533117
0.000000	-0.053467	2.257474	0.481307
0.000000	-0.056670	2.318619	0.426223
0.000000	-0.059718	2.376793	0.368017
0.000000	-0.062602	2.431843	0.306846
0.000000	-0.065314	2.483614	0.242880
0.000000	-0.067848	2.531968	0.176292
0.000000	-0.070195	2.576767	0.107270
Vnejsi zatizeni pusobici na bloky:
X_q	Y_q	Q
-0.125574	0.072500	0.000000
-0.082558	0.142695	0.000000
-0.035928	0.210542	0.000000
0.014189	0.275856	0.000000
0.067656	0.338458	0.000000
0.124325	0.398175	0.000000
0.184043	0.454845	0.000000
0.246644	0.508312	0.000000
0.311958	0.558429	0.000000
0.379806	0.605059	0.000000
0.450001	0.648075	0.000000
0.522350	0.687358	0.000000
0.596657	0.722800	0.000000
0.672717	0.754305	0.000000
0.800000	0.818939	1.000000
0.829257	0.805168	0.000000
0.909309	0.824387	0.000000
0.990257	0.839390	0.000000
1.071879	0.850136	0.000000
1.153952	0.856595	0.000000
1.236250	0.858750	0.000000
1.318548	0.856595	0.000000
1.400621	0.850136	0.000000
1.482243	0.839390	0.000000
1.563191	0.824387	0.000000
1.643243	0.805168	0.000000
1.722179	0.781786	0.000000
1.799783	0.754305	0.000000
1.875843	0.722800	0.000000
1.950150	0.687358	0.000000
2.022500	0.648075	0.000000
2.092694	0.605059	0.000000
2.160542	0.558429	0.000000
2.225856	0.508312	0.000000
2.288457	0.454845	0.000000
2.348175	0.398175	0.000000
2.404845	0.338458	0.000000
2.458311	0.275856	0.000000
2.508428	0.210542	0.000000
2.555058	0.142695	0.000000
Ortogonalni lokalni souradnice jednotlivych bloku:
a	alfa	b	beta
0.072500	2.617995	0.078531	1.021018
0.072500	2.565635	0.078531	0.968659
0.072500	2.513275	0.078531	0.916299
0.072500	2.460915	0.078531	0.863939
0.072500	2.408555	0.078531	0.811579
0.072500	2.356195	0.078531	0.759219
0.072500	2.303835	0.078531	0.706859
0.072500	2.251475	0.078531	0.654500
0.072500	2.199115	0.078531	0.602139
0.072500	2.146756	0.078531	0.549778
0.072500	2.094395	0.078531	0.497420
0.072500	2.042036	0.078531	0.445059
0.072500	1.989676	0.078531	0.392700
0.072500	1.937316	0.078531	0.340338
0.072500	1.884957	0.078531	0.287981
0.072500	1.832596	0.078531	0.235619
0.072500	1.780236	0.078531	0.183260
0.072500	1.727876	0.078531	0.130899
0.072500	1.675516	0.078531	0.078541
0.072500	1.623156	0.078531	0.026179
0.072500	1.570796	0.078531	-0.026179
0.072500	1.518436	0.078531	-0.078540
0.072500	1.466077	0.078531	-0.130900
0.072500	1.413716	0.078531	-0.183260
0.072500	1.361356	0.078531	-0.235619
0.072500	1.308997	0.078531	-0.287979
0.072500	1.256637	0.078531	-0.340341
0.072500	1.204276	0.078531	-0.392699
0.072500	1.151917	0.078531	-0.445058
0.072500	1.099557	0.078531	-0.497421
0.072500	1.047197	0.078531	-0.549780
0.072500	0.994838	0.078531	-0.602137
0.072500	0.942477	0.078531	-0.654499
0.072500	0.890118	0.078531	-0.706859
0.072500	0.837758	0.078531	-0.759219
0.072500	0.785397	0.078531	-0.811578
0.072500	0.733037	0.078531	-0.863940
0.072500	0.680678	0.078531	-0.916301
0.072500	0.628319	0.078531	-0.968656
0.072500	0.575958	0.078531	-1.021019
0.072500	0.523597	1.000000	-1.047199
Transformovane zatizeni vlastni tihou klenby:
Px	Py	Mp
0.000000	0.227661	0.004444
0.000000	0.227661	0.004844
0.000000	0.227661	0.005231
0.000000	0.227661	0.005603
0.000000	0.227661	0.005961
0.000000	0.227661	0.006301
0.000000	0.227661	0.006625
0.000000	0.227661	0.006930
0.000000	0.227661	0.007216
0.000000	0.227661	0.007483
0.000000	0.227661	0.007729
0.000000	0.227661	0.007954
0.000000	0.227661	0.008157
0.000000	0.227661	0.008338
0.000000	0.227661	0.008496
0.000000	0.227661	0.008630
0.000000	0.227662	0.008741
0.000000	0.227661	0.008828
0.000000	0.227661	0.008891
0.000000	0.227661	0.008929
0.000000	0.227661	0.008943
0.000000	0.227661	0.008933
0.000000	0.227661	0.008897
0.000000	0.227662	0.008838
0.000000	0.227661	0.008754
0.000000	0.227661	0.008647
0.000000	0.227661	0.008515
0.000000	0.227661	0.008360
0.000000	0.227661	0.008183
0.000000	0.227661	0.007983
0.000000	0.227661	0.007761
0.000000	0.227661	0.007518
0.000000	0.227661	0.007254
0.000000	0.227661	0.006970
0.000000	0.227661	0.006667
0.000000	0.227661	0.006346
0.000000	0.227661	0.006008
0.000000	0.227661	0.005653
0.000000	0.227662	0.005282
0.000000	0.227661	0.004897
0.000000	0.000000	0.000000
Transformovane zatizeni nadnasypem:
Px	Py	Mp
0.000000	0.000000	0.000000
0.000000	0.000000	0.000000
0.000000	0.000000	0.000000
0.000000	0.000000	0.000000
0.000000	0.000000	0.000000
0.000000	0.000000	0.000000
0.000000	0.000000	0.000000
0.000000	0.000000	0.000000
0.000000	0.000000	0.000000
0.000000	0.000000	0.000000
0.000000	0.000000	0.000000
0.000000	0.000000	0.000000
0.000000	0.000000	0.000000
0.000000	0.000000	0.000000
0.000000	0.000000	0.000000
0.000000	0.000000	0.000000
0.000000	0.000000	0.000000
0.000000	0.000000	0.000000
0.000000	0.000000	0.000000
0.000000	0.000000	0.000000
0.000000	0.000000	0.000000
0.000000	0.000000	0.000000
0.000000	0.000000	0.000000
0.000000	0.000000	0.000000
0.000000	0.000000	0.000000
0.000000	0.000000	0.000000
0.000000	0.000000	0.000000
0.000000	0.000000	0.000000
0.000000	0.000000	0.000000
0.000000	0.000000	0.000000
0.000000	0.000000	0.000000
0.000000	0.000000	0.000000
0.000000	0.000000	0.000000
0.000000	0.000000	0.000000
0.000000	0.000000	0.000000
0.000000	0.000000	0.000000
0.000000	0.000000	0.000000
0.000000	0.000000	0.000000
0.000000	0.000000	0.000000
0.000000	0.000000	0.000000
0.000000	0.000000	0.000000
Transformovane zatizeni vnejsich sil:
Qx	Qy	Mq
0.000000	0.000000	0.000000
0.000000	0.000000	0.000000
0.000000	0.000000	0.000000
0.000000	0.000000	0.000000
0.000000	0.000000	0.000000
0.000000	0.000000	0.000000
0.000000	0.000000	0.000000
0.000000	0.000000	0.000000
0.000000	0.000000	0.000000
0.000000	0.000000	0.000000
0.000000	0.000000	0.000000
0.000000	0.000000	0.000000
0.000000	0.000000	0.000000
0.000000	0.000000	0.000000
0.000000	1.000000	0.027275
0.000000	0.000000	0.000000
0.000000	0.000000	0.000000
0.000000	0.000000	0.000000
0.000000	0.000000	0.000000
0.000000	0.000000	0.000000
0.000000	0.000000	0.000000
0.000000	0.000000	0.000000
0.000000	0.000000	0.000000
0.000000	0.000000	0.000000
0.000000	0.000000	0.000000
0.000000	0.000000	0.000000
0.000000	0.000000	0.000000
0.000000	0.000000	0.000000
0.000000	0.000000	0.000000
0.000000	0.000000	0.000000
0.000000	0.000000	0.000000
0.000000	0.000000	0.000000
0.000000	0.000000	0.000000
0.000000	0.000000	0.000000
0.000000	0.000000	0.000000
0.000000	0.000000	0.000000
0.000000	0.000000	0.000000
0.000000	0.000000	0.000000
0.000000	0.000000	0.000000
0.000000	0.000000	0.000000
0.000000	0.000000	0.000000

*** vysledky vypoctu ***
 icase = 0
         0 -> O.K.,
        -1 -> nelze splnit omezujici podminky,
        +1 -> cilova funkce je na polyedru neomezena.
 lambda = 4.681918
 pocet bloku N = 40
 Vektor lokalnich deformaci:
   9: fi 04 int = 1.601044
  32: fi 15 ext = 5.230893
  57: fi 28 int = 6.878700
  82: fi 40 ext = 3.248857
 Vektor indexu spary mezi bloky:
0		1		2		3		4		5		6		7		8		9		10		11		12		13		14		15		16		17		18		19		20		21		22		23		24		25		26		27		28		29		30		31		32		33		34		35		36		37		38		39		40		
 Vektor normalovych sil ve sparach (+ znaci tlak):
10.229975	10.105911	9.967052	9.814869	9.650837	9.476326	9.292601	9.101220	8.903399	8.700411	8.493414	8.284012	8.073144	7.861739	7.651148	6.230404	6.262350	6.300700	6.345283	6.395898	6.452966	6.515970	6.585154	6.659986	6.740068	6.824846	6.913881	7.006923	7.102847	7.201022	7.300675	7.401062	7.501192	7.599910	7.696380	7.789407	7.877982	7.960865	8.037025	8.105118	8.163968	
 Vektor vzdalenosti N od hornoho povrchu klenby:
0.117920	0.128882	0.137024	0.142389	0.145000	0.144858	0.141947	0.136236	0.127678	0.116209	0.101762	0.084248	0.063576	0.039647	0.012355	0.000000	0.020777	0.040063	0.057825	0.074034	0.088659	0.101672	0.113032	0.122717	0.130695	0.136938	0.141421	0.144115	0.145000	0.144048	0.141232	0.136520	0.129877	0.121260	0.110620	0.097896	0.083019	0.065901	0.046443	0.024523	0.000000	
 Vektor posouvajicich sil ve sparach:
-1.544875	-1.131338	-0.734713	-0.355329	0.006489	0.350592	0.676877	0.985358	1.276153	1.549443	1.805501	2.044699	2.267478	2.474330	2.665868	-1.679629	-1.573941	-1.468886	-1.363527	-1.256946	-1.148145	-1.036191	-0.920179	-0.799127	-0.672162	-0.538406	-0.397019	-0.247169	-0.088069	0.080916	0.260512	0.451318	0.653861	0.868599	1.096001	1.336307	1.589809	1.856671	2.136944	2.430667	2.737672	
 Vektor e_min:
0.003410	0.003369	0.003322	0.003272	0.003217	0.003159	0.003098	0.003034	0.002968	0.002900	0.002831	0.002761	0.002691	0.002621	0.002550	0.002077	0.002087	0.002100	0.002115	0.002132	0.002151	0.002172	0.002195	0.002220	0.002247	0.002275	0.002305	0.002336	0.002368	0.002400	0.002434	0.002467	0.002500	0.002533	0.002565	0.002596	0.002626	0.002654	0.002679	0.002702	0.002721	

 * Iterace c. 1 * Delta = 0.297922 *
 icase = 0
         0 -> O.K.,
        -1 -> nelze splnit omezujici podminky,
        +1 -> cilova funkce je na polyedru neomezena.
 lambda = 4.383996
 pocet bloku N = 40
 Vektor lokalnich deformaci:
   9: fi 04 int = 1.594952
  32: fi 15 ext = 5.126319
  57: fi 28 int = 6.670134
  82: fi 40 ext = 3.138766
 Vektor indexu spary mezi bloky:
0		1		2		3		4		5		6		7		8		9		10		11		12		13		14		15		16		17		18		19		20		21		22		23		24		25		26		27		28		29		30		31		32		33		34		35		36		37		38		39		40		
 Vektor normalovych sil ve sparach (+ znaci tlak):
9.942643	9.816973	9.677392	9.525302	9.362134	9.189147	9.007899	8.819817	8.625850	8.427409	8.226125	8.022829	7.818948	7.614991	7.412887	6.078026	6.104490	6.137702	6.177338	6.223958	6.277061	6.337035	6.403203	6.475707	6.553942	6.637417	6.725974	6.818492	6.914529	7.013668	7.114685	7.216912	7.319149	7.420667	7.520458	7.617342	7.710143	7.797764	7.878973	7.952632	8.017491	
 Vektor vzdalenosti N od hornoho povrchu klenby:
0.114316	0.125325	0.133546	0.139024	0.141783	0.141828	0.139146	0.133711	0.125479	0.114400	0.100405	0.083423	0.063375	0.040175	0.013736	0.002077	0.021945	0.040431	0.057502	0.073128	0.087271	0.099889	0.110947	0.120411	0.128245	0.134412	0.138884	0.141635	0.142632	0.141841	0.139241	0.134792	0.128457	0.120195	0.109954	0.097675	0.083288	0.066706	0.047833	0.026551	0.002721	
 Vektor posouvajicich sil ve sparach:
-1.507740	-1.109312	-0.727826	-0.363622	-0.016943	0.312069	0.623391	0.917037	1.193180	1.452064	1.693972	1.919325	2.128603	2.322354	2.501178	-1.568801	-1.471228	-1.374587	-1.277897	-1.180200	-1.080520	-0.977858	-0.871287	-0.759831	-0.642574	-0.518585	-0.387021	-0.247029	-0.097809	0.061350	0.231174	0.412282	0.605239	0.810535	1.028607	1.259817	1.504407	1.762588	2.034440	2.320029	2.619236	
 Vektor e_min:
0.003314	0.003272	0.003226	0.003175	0.003121	0.003063	0.003003	0.002940	0.002875	0.002809	0.002742	0.002674	0.002606	0.002538	0.002471	0.002026	0.002035	0.002046	0.002059	0.002075	0.002092	0.002112	0.002134	0.002159	0.002185	0.002212	0.002242	0.002273	0.002305	0.002338	0.002372	0.002406	0.002440	0.002474	0.002507	0.002539	0.002570	0.002599	0.002626	0.002651	0.002672	

 * Iterace c. 2 * Delta = -0.007310 *
 icase = 0
         0 -> O.K.,
        -1 -> nelze splnit omezujici podminky,
        +1 -> cilova funkce je na polyedru neomezena.
 lambda = 4.391306
 pocet bloku N = 40
 Vektor lokalnich deformaci:
   9: fi 04 int = 1.595128
  32: fi 15 ext = 5.128920
  57: fi 28 int = 6.675288
  82: fi 40 ext = 3.141496
 Vektor indexu spary mezi bloky:
0		1		2		3		4		5		6		7		8		9		10		11		12		13		14		15		16		17		18		19		20		21		22		23		24		25		26		27		28		29		30		31		32		33		34		35		36		37		38		39		40		
 Vektor normalovych sil ve sparach (+ znaci tlak):
9.949570	9.823997	9.684385	9.532269	9.368969	9.196131	9.014651	8.826508	8.632470	8.433879	8.232354	8.029054	7.824756	7.620967	7.418434	6.081704	6.108162	6.141260	6.181173	6.227783	6.281197	6.341205	6.407207	6.479881	6.558119	6.641739	6.730164	6.822881	6.919105	7.017988	7.118892	7.221115	7.323299	7.424859	7.524637	7.621285	7.714118	7.801550	7.882695	7.956244	8.020964	
 Vektor vzdalenosti N od hornoho povrchu klenby:
0.114427	0.125433	0.133651	0.139125	0.141879	0.141918	0.139230	0.133785	0.125544	0.114454	0.100448	0.083449	0.063384	0.040163	0.013700	0.002026	0.021913	0.040420	0.057508	0.073149	0.087304	0.099934	0.111002	0.120469	0.128307	0.134479	0.138953	0.141700	0.142695	0.141904	0.139298	0.134841	0.128502	0.120233	0.109982	0.097693	0.083293	0.066700	0.047814	0.026518	0.002672	
 Vektor posouvajicich sil ve sparach:
-1.508439	-1.109641	-0.727789	-0.363220	-0.016172	0.313216	0.624876	0.918871	1.195389	1.454594	1.696845	1.922515	2.132128	2.326180	2.505324	-1.571445	-1.473677	-1.376852	-1.279953	-1.182057	-1.082168	-0.979290	-0.872505	-0.760823	-0.643338	-0.519136	-0.387331	-0.247104	-0.097666	0.061734	0.231781	0.413100	0.606299	0.811802	1.030090	1.261508	1.506327	1.764691	2.036770	2.322558	2.621937	
 Vektor e_min:
0.003316	0.003275	0.003228	0.003177	0.003123	0.003065	0.003005	0.002942	0.002877	0.002811	0.002744	0.002676	0.002608	0.002540	0.002473	0.002027	0.002036	0.002047	0.002060	0.002076	0.002094	0.002114	0.002136	0.002160	0.002186	0.002214	0.002243	0.002274	0.002306	0.002339	0.002373	0.002407	0.002441	0.002475	0.002508	0.002540	0.002571	0.002601	0.002628	0.002652	0.002674	
