Vstupni soubor: zlamal6_8.in
***kopie vstupniho souboru***

 2.472500
 0.713750
 1
 0.145000
 20.000000
 0.600000
 40
 1
 1.6 1.000000 0.200000
 0.500000
 0.000000
 0 30.000000
 0 0.600000 0.400000 2.400000
 1
 4 2000.000000 inter4.txt
*****************************
Ortoganalni souradnice intrados a extrados:
X_int	Y_int	X_ext	Y_ext
0.000000	0.000000	-0.125574	0.072500
0.039049	0.063722	-0.082558	0.142695
0.081379	0.125313	-0.035928	0.210542
0.126875	0.184605	0.014189	0.275856
0.175412	0.241434	0.067656	0.338458
0.226856	0.295645	0.124325	0.398175
0.281067	0.347089	0.184043	0.454845
0.337896	0.395626	0.246644	0.508312
0.397187	0.441122	0.311958	0.558429
0.458778	0.483452	0.379806	0.605059
0.522501	0.522501	0.450001	0.648075
0.588179	0.558162	0.522350	0.687358
0.655634	0.590336	0.596657	0.722800
0.724680	0.618936	0.672717	0.754305
0.795129	0.643883	0.750321	0.781786
0.866786	0.665109	0.829257	0.805168
0.939456	0.682556	0.909309	0.824387
1.012940	0.696175	0.990257	0.839390
1.087036	0.705930	1.071879	0.850136
1.161541	0.711794	1.153952	0.856595
1.236250	0.713750	1.236250	0.858750
1.310960	0.711794	1.318548	0.856595
1.385464	0.705930	1.400621	0.850136
1.459560	0.696175	1.482243	0.839390
1.533044	0.682556	1.563191	0.824387
1.605714	0.665109	1.643243	0.805168
1.677372	0.643883	1.722179	0.781786
1.747820	0.618936	1.799783	0.754305
1.816866	0.590336	1.875843	0.722800
1.884321	0.558162	1.950150	0.687358
1.949999	0.522501	2.022500	0.648075
2.013722	0.483452	2.092694	0.605059
2.075313	0.441122	2.160542	0.558429
2.134604	0.395626	2.225856	0.508312
2.191433	0.347089	2.288457	0.454845
2.245644	0.295645	2.348175	0.398175
2.297088	0.241434	2.404845	0.338458
2.345625	0.184605	2.458311	0.275856
2.391121	0.125313	2.508428	0.210542
2.433451	0.063722	2.555058	0.142695
2.472500	0.000000	2.598074	0.072500
Vlastni tiha klenby - jednotlive bloky:
X_p	Y_p	P
-0.043266	0.070339	0.227661
-0.000477	0.136230	0.227661
0.045702	0.199790	0.227661
0.095145	0.260847	0.227661
0.147715	0.319232	0.227661
0.203269	0.374786	0.227661
0.261654	0.427356	0.227661
0.322711	0.476799	0.227661
0.386271	0.522978	0.227661
0.452161	0.565768	0.227661
0.520200	0.605050	0.227661
0.590202	0.640718	0.227661
0.661975	0.672673	0.227661
0.735322	0.700828	0.227661
0.810042	0.725106	0.227661
0.885929	0.745440	0.227661
0.962778	0.761775	0.227662
1.040376	0.774065	0.227661
1.118510	0.782278	0.227661
1.196967	0.786389	0.227661
1.275532	0.786389	0.227661
1.353990	0.782278	0.227661
1.432125	0.774065	0.227661
1.509722	0.761775	0.227662
1.586570	0.745440	0.227661
1.662459	0.725106	0.227661
1.737178	0.700828	0.227661
1.810525	0.672673	0.227661
1.882298	0.640718	0.227661
1.952299	0.605050	0.227661
2.020339	0.565768	0.227661
2.086229	0.522978	0.227661
2.149790	0.476799	0.227661
2.210846	0.427356	0.227661
2.269231	0.374786	0.227661
2.324785	0.319232	0.227661
2.377355	0.260846	0.227661
2.426798	0.199790	0.227661
2.472977	0.136230	0.227662
2.515766	0.070339	0.227661
Tiha nadnasypu pusobici na bloky:
P	h_ver	X_p	Y_p
0.000000	0.070195	-0.104267	0.107269
0.000000	0.067847	-0.059466	0.176294
0.000000	0.065314	-0.011114	0.242881
0.000000	0.062602	0.040657	0.306846
0.000000	0.059718	0.095706	0.368017
0.000000	0.056670	0.153882	0.426223
0.000000	0.053467	0.215026	0.481307
0.000000	0.050117	0.278971	0.533117
0.000000	0.046630	0.345543	0.581511
0.000000	0.043015	0.414559	0.626357
0.000000	0.039283	0.485833	0.667530
0.000000	0.035442	0.559168	0.704919
0.000000	0.031505	0.634365	0.738419
0.000000	0.027481	0.711218	0.767939
0.000000	0.023382	0.789517	0.793397
0.000000	0.019219	0.869048	0.814721
0.000000	0.015003	0.949591	0.831853
0.000000	0.010746	1.030926	0.844744
0.000000	0.006459	1.112828	0.853358
0.000000	0.002155	1.195071	0.857672
0.000000	-0.002155	1.277429	0.857672
0.000000	-0.006459	1.359672	0.853358
0.000000	-0.010746	1.441574	0.844744
0.000000	-0.015003	1.522909	0.831853
0.000000	-0.019219	1.603452	0.814721
0.000000	-0.023382	1.682983	0.793397
0.000000	-0.027481	1.761282	0.767939
0.000000	-0.031505	1.838135	0.738420
0.000000	-0.035442	1.913332	0.704919
0.000000	-0.039283	1.986668	0.667530
0.000000	-0.043016	2.057940	0.626357
0.000000	-0.046630	2.126957	0.581511
0.000000	-0.050117	2.193529	0.533117
0.000000	-0.053467	2.257474	0.481307
0.000000	-0.056670	2.318619	0.426223
0.000000	-0.059718	2.376793	0.368017
0.000000	-0.062602	2.431843	0.306846
0.000000	-0.065314	2.483614	0.242880
0.000000	-0.067848	2.531968	0.176292
0.000000	-0.070195	2.576767	0.107270
Vnejsi zatizeni pusobici na bloky:
X_q	Y_q	Q
-0.125574	0.072500	0.000000
-0.082558	0.142695	0.000000
-0.035928	0.210542	0.000000
0.014189	0.275856	0.000000
0.067656	0.338458	0.000000
0.124325	0.398175	0.000000
0.184043	0.454845	0.000000
0.246644	0.508312	0.000000
0.311958	0.558429	0.000000
0.379806	0.605059	0.000000
0.450001	0.648075	0.000000
0.522350	0.687358	0.000000
0.596657	0.722800	0.000000
0.672717	0.754305	0.000000
0.750321	0.781786	0.000000
0.829257	0.805168	0.000000
0.909309	0.824387	0.000000
0.990257	0.839390	0.000000
1.071879	0.850136	0.000000
1.153952	0.856595	0.000000
1.236250	0.858750	0.000000
1.318548	0.856595	0.000000
1.400621	0.850136	0.000000
1.482243	0.839390	0.000000
1.600000	0.782590	1.000000
1.643243	0.805168	0.000000
1.722179	0.781786	0.000000
1.799783	0.754305	0.000000
1.875843	0.722800	0.000000
1.950150	0.687358	0.000000
2.022500	0.648075	0.000000
2.092694	0.605059	0.000000
2.160542	0.558429	0.000000
2.225856	0.508312	0.000000
2.288457	0.454845	0.000000
2.348175	0.398175	0.000000
2.404845	0.338458	0.000000
2.458311	0.275856	0.000000
2.508428	0.210542	0.000000
2.555058	0.142695	0.000000
Ortogonalni lokalni souradnice jednotlivych bloku:
a	alfa	b	beta
0.072500	2.617995	0.078531	1.021018
0.072500	2.565635	0.078531	0.968659
0.072500	2.513275	0.078531	0.916299
0.072500	2.460915	0.078531	0.863939
0.072500	2.408555	0.078531	0.811579
0.072500	2.356195	0.078531	0.759219
0.072500	2.303835	0.078531	0.706859
0.072500	2.251475	0.078531	0.654500
0.072500	2.199115	0.078531	0.602139
0.072500	2.146756	0.078531	0.549778
0.072500	2.094395	0.078531	0.497420
0.072500	2.042036	0.078531	0.445059
0.072500	1.989676	0.078531	0.392700
0.072500	1.937316	0.078531	0.340338
0.072500	1.884957	0.078531	0.287981
0.072500	1.832596	0.078531	0.235619
0.072500	1.780236	0.078531	0.183260
0.072500	1.727876	0.078531	0.130899
0.072500	1.675516	0.078531	0.078541
0.072500	1.623156	0.078531	0.026179
0.072500	1.570796	0.078531	-0.026179
0.072500	1.518436	0.078531	-0.078540
0.072500	1.466077	0.078531	-0.130900
0.072500	1.413716	0.078531	-0.183260
0.072500	1.361356	0.078531	-0.235619
0.072500	1.308997	0.078531	-0.287979
0.072500	1.256637	0.078531	-0.340341
0.072500	1.204276	0.078531	-0.392699
0.072500	1.151917	0.078531	-0.445058
0.072500	1.099557	0.078531	-0.497421
0.072500	1.047197	0.078531	-0.549780
0.072500	0.994838	0.078531	-0.602137
0.072500	0.942477	0.078531	-0.654499
0.072500	0.890118	0.078531	-0.706859
0.072500	0.837758	0.078531	-0.759219
0.072500	0.785397	0.078531	-0.811578
0.072500	0.733037	0.078531	-0.863940
0.072500	0.680678	0.078531	-0.916301
0.072500	0.628319	0.078531	-0.968656
0.072500	0.575958	0.078531	-1.021019
0.072500	0.523597	1.000000	-1.047199
Transformovane zatizeni vlastni tihou klenby:
Px	Py	Mp
0.000000	0.227661	0.004444
0.000000	0.227661	0.004844
0.000000	0.227661	0.005231
0.000000	0.227661	0.005603
0.000000	0.227661	0.005961
0.000000	0.227661	0.006301
0.000000	0.227661	0.006625
0.000000	0.227661	0.006930
0.000000	0.227661	0.007216
0.000000	0.227661	0.007483
0.000000	0.227661	0.007729
0.000000	0.227661	0.007954
0.000000	0.227661	0.008157
0.000000	0.227661	0.008338
0.000000	0.227661	0.008496
0.000000	0.227661	0.008630
0.000000	0.227662	0.008741
0.000000	0.227661	0.008828
0.000000	0.227661	0.008891
0.000000	0.227661	0.008929
0.000000	0.227661	0.008943
0.000000	0.227661	0.008933
0.000000	0.227661	0.008897
0.000000	0.227662	0.008838
0.000000	0.227661	0.008754
0.000000	0.227661	0.008647
0.000000	0.227661	0.008515
0.000000	0.227661	0.008360
0.000000	0.227661	0.008183
0.000000	0.227661	0.007983
0.000000	0.227661	0.007761
0.000000	0.227661	0.007518
0.000000	0.227661	0.007254
0.000000	0.227661	0.006970
0.000000	0.227661	0.006667
0.000000	0.227661	0.006346
0.000000	0.227661	0.006008
0.000000	0.227661	0.005653
0.000000	0.227662	0.005282
0.000000	0.227661	0.004897
0.000000	0.000000	0.000000
Transformovane zatizeni nadnasypem:
Px	Py	Mp
0.000000	0.000000	0.000000
0.000000	0.000000	0.000000
0.000000	0.000000	0.000000
0.000000	0.000000	0.000000
0.000000	0.000000	0.000000
0.000000	0.000000	0.000000
0.000000	0.000000	0.000000
0.000000	0.000000	0.000000
0.000000	0.000000	0.000000
0.000000	0.000000	0.000000
0.000000	0.000000	0.000000
0.000000	0.000000	0.000000
0.000000	0.000000	0.000000
0.000000	0.000000	0.000000
0.000000	0.000000	0.000000
0.000000	0.000000	0.000000
0.000000	0.000000	0.000000
0.000000	0.000000	0.000000
0.000000	0.000000	0.000000
0.000000	0.000000	0.000000
0.000000	0.000000	0.000000
0.000000	0.000000	0.000000
0.000000	0.000000	0.000000
0.000000	0.000000	0.000000
0.000000	0.000000	0.000000
0.000000	0.000000	0.000000
0.000000	0.000000	0.000000
0.000000	0.000000	0.000000
0.000000	0.000000	0.000000
0.000000	0.000000	0.000000
0.000000	0.000000	0.000000
0.000000	0.000000	0.000000
0.000000	0.000000	0.000000
0.000000	0.000000	0.000000
0.000000	0.000000	0.000000
0.000000	0.000000	0.000000
0.000000	0.000000	0.000000
0.000000	0.000000	0.000000
0.000000	0.000000	0.000000
0.000000	0.000000	0.000000
0.000000	0.000000	0.000000
Transformovane zatizeni vnejsich sil:
Qx	Qy	Mq
0.000000	0.000000	0.000000
0.000000	0.000000	0.000000
0.000000	0.000000	0.000000
0.000000	0.000000	0.000000
0.000000	0.000000	0.000000
0.000000	0.000000	0.000000
0.000000	0.000000	0.000000
0.000000	0.000000	0.000000
0.000000	0.000000	0.000000
0.000000	0.000000	0.000000
0.000000	0.000000	0.000000
0.000000	0.000000	0.000000
0.000000	0.000000	0.000000
0.000000	0.000000	0.000000
0.000000	0.000000	0.000000
0.000000	0.000000	0.000000
0.000000	0.000000	0.000000
0.000000	0.000000	0.000000
0.000000	0.000000	0.000000
0.000000	0.000000	0.000000
0.000000	0.000000	0.000000
0.000000	0.000000	0.000000
0.000000	0.000000	0.000000
0.000000	0.000000	0.000000
0.000000	1.000000	0.051883
0.000000	0.000000	0.000000
0.000000	0.000000	0.000000
0.000000	0.000000	0.000000
0.000000	0.000000	0.000000
0.000000	0.000000	0.000000
0.000000	0.000000	0.000000
0.000000	0.000000	0.000000
0.000000	0.000000	0.000000
0.000000	0.000000	0.000000
0.000000	0.000000	0.000000
0.000000	0.000000	0.000000
0.000000	0.000000	0.000000
0.000000	0.000000	0.000000
0.000000	0.000000	0.000000
0.000000	0.000000	0.000000
0.000000	0.000000	0.000000

*** vysledky vypoctu ***
 icase = 0
         0 -> O.K.,
        -1 -> nelze splnit omezujici podminky,
        +1 -> cilova funkce je na polyedru neomezena.
 lambda = 4.898006
 pocet bloku N = 40
 Vektor lokalnich deformaci:
   2: fi 00 ext = 3.450270
  25: fi 12 int = 7.584895
  50: fi 24 ext = 5.683510
  71: fi 35 int = 1.548880
 Vektor indexu spary mezi bloky:
0		1		2		3		4		5		6		7		8		9		10		11		12		13		14		15		16		17		18		19		20		21		22		23		24		25		26		27		28		29		30		31		32		33		34		35		36		37		38		39		40		
 Vektor normalovych sil ve sparach (+ znaci tlak):
8.544324	8.494913	8.435106	8.366122	8.289365	8.205787	8.116541	8.022843	7.925624	7.826015	7.724596	7.623037	7.521806	7.421482	7.323308	7.227563	7.134956	7.046437	6.962075	6.881982	6.807066	6.737120	6.672768	6.613790	6.560384	7.779533	7.982132	8.185740	8.389215	8.591169	8.790859	8.987212	9.178985	9.364723	9.543361	9.713500	9.873940	10.023195	10.160095	10.283094	10.390897	
 Vektor vzdalenosti N od hornoho povrchu klenby:
0.000000	0.025136	0.047552	0.067395	0.084789	0.099836	0.112620	0.123215	0.131676	0.138047	0.142378	0.144686	0.145000	0.143347	0.139737	0.134194	0.126729	0.117358	0.106098	0.092969	0.077989	0.061181	0.042562	0.022163	0.000000	0.007207	0.034804	0.059102	0.080197	0.098182	0.113143	0.125161	0.134303	0.140629	0.144183	0.145000	0.143095	0.138470	0.131105	0.120964	0.107987	
 Vektor posouvajicich sil ve sparach:
-2.927010	-2.599800	-2.285470	-1.984138	-1.695907	-1.420725	-1.158508	-0.909069	-0.672112	-0.447311	-0.234292	-0.032529	0.158497	0.339392	0.510820	0.673501	0.828146	0.975582	1.116620	1.252073	1.382881	1.509905	1.634000	1.756137	1.877177	-2.733074	-2.538715	-2.330028	-2.106362	-1.867302	-1.612285	-1.340915	-1.052904	-0.748024	-0.426040	-0.086983	0.269164	0.642303	1.032171	1.438528	1.860874	
 Vektor e_min:
0.002848	0.002832	0.002812	0.002789	0.002763	0.002735	0.002705	0.002674	0.002642	0.002609	0.002575	0.002541	0.002507	0.002474	0.002441	0.002409	0.002378	0.002349	0.002321	0.002294	0.002269	0.002246	0.002224	0.002205	0.002187	0.002593	0.002661	0.002729	0.002796	0.002864	0.002930	0.002996	0.003060	0.003122	0.003181	0.003238	0.003291	0.003341	0.003387	0.003428	0.003464	

 * Iterace c. 1 * Delta = 0.346877 *
 icase = 0
         0 -> O.K.,
        -1 -> nelze splnit omezujici podminky,
        +1 -> cilova funkce je na polyedru neomezena.
 lambda = 4.551129
 pocet bloku N = 40
 Vektor lokalnich deformaci:
   2: fi 00 ext = 3.313637
  25: fi 12 int = 7.315949
  50: fi 24 ext = 5.545691
  71: fi 35 int = 1.543378
 Vektor indexu spary mezi bloky:
0		1		2		3		4		5		6		7		8		9		10		11		12		13		14		15		16		17		18		19		20		21		22		23		24		25		26		27		28		29		30		31		32		33		34		35		36		37		38		39		40		
 Vektor normalovych sil ve sparach (+ znaci tlak):
8.354085	8.297342	8.230820	8.155655	8.073211	7.984553	7.891010	7.793320	7.693043	7.590495	7.487542	7.384671	7.282760	7.182720	7.085068	6.990663	6.900179	6.814035	6.733017	6.656977	6.586358	6.521812	6.463206	6.410292	6.363435	7.500533	7.693952	7.888617	8.084126	8.278932	8.472493	8.663673	8.850749	9.033189	9.209146	9.377626	9.537248	9.686693	9.824583	9.949501	10.060199	
 Vektor vzdalenosti N od hornoho povrchu klenby:
0.002848	0.027215	0.048931	0.068136	0.084951	0.099477	0.111794	0.121974	0.130072	0.136140	0.140212	0.142319	0.142493	0.140757	0.137135	0.131646	0.124312	0.115153	0.104194	0.091463	0.076986	0.060789	0.042904	0.023359	0.002187	0.008885	0.035544	0.059039	0.079458	0.096865	0.111341	0.122948	0.131751	0.137796	0.141124	0.141762	0.139725	0.135010	0.127595	0.117444	0.104494	
 Vektor posouvajicich sil ve sparach:
-2.782191	-2.465128	-2.161338	-1.870880	-1.593807	-1.330101	-1.079586	-0.842042	-0.617194	-0.404676	-0.204011	-0.014701	0.163830	0.332201	0.491121	0.641358	0.783661	0.918850	1.047811	1.171381	1.290519	1.406097	1.519096	1.630399	1.740980	-2.544319	-2.364816	-2.171432	-1.963576	-1.740652	-1.502144	-1.247604	-0.976633	-0.689014	-0.384509	-0.062986	0.275564	0.631060	1.003346	1.392143	1.797140	
 Vektor e_min:
0.002785	0.002766	0.002744	0.002719	0.002691	0.002662	0.002630	0.002598	0.002564	0.002530	0.002496	0.002462	0.002428	0.002394	0.002362	0.002330	0.002300	0.002271	0.002244	0.002219	0.002195	0.002174	0.002154	0.002137	0.002121	0.002500	0.002565	0.002630	0.002695	0.002760	0.002824	0.002888	0.002950	0.003011	0.003070	0.003126	0.003179	0.003229	0.003275	0.003316	0.003353	

 * Iterace c. 2 * Delta = -0.009951 *
 icase = 0
         0 -> O.K.,
        -1 -> nelze splnit omezujici podminky,
        +1 -> cilova funkce je na polyedru neomezena.
 lambda = 4.561080
 pocet bloku N = 40
 Vektor lokalnich deformaci:
   2: fi 00 ext = 3.317652
  25: fi 12 int = 7.323786
  50: fi 24 ext = 5.549696
  71: fi 35 int = 1.543565
 Vektor indexu spary mezi bloky:
0		1		2		3		4		5		6		7		8		9		10		11		12		13		14		15		16		17		18		19		20		21		22		23		24		25		26		27		28		29		30		31		32		33		34		35		36		37		38		39		40		
 Vektor normalovych sil ve sparach (+ znaci tlak):
8.359350	8.302775	8.236451	8.161504	8.079225	7.990728	7.897051	7.799629	7.699492	7.597157	7.494104	7.391325	7.289414	7.189133	7.091687	6.996950	6.906724	6.820472	6.739000	6.662997	6.592498	6.527565	6.468800	6.415861	6.368939	7.508275	7.701816	7.896847	8.092573	8.287807	8.481466	8.672606	8.860049	9.042397	9.218492	9.387113	9.546727	9.696123	9.834043	9.958983	10.069569	
 Vektor vzdalenosti N od hornoho povrchu klenby:
0.002785	0.027173	0.048908	0.068130	0.084961	0.099500	0.111830	0.122021	0.130129	0.136205	0.140280	0.142395	0.142572	0.140841	0.137214	0.131726	0.124382	0.115219	0.104253	0.091506	0.077012	0.060797	0.042891	0.023321	0.002121	0.008834	0.035521	0.059045	0.079483	0.096910	0.111401	0.123024	0.131836	0.137891	0.141228	0.141874	0.139841	0.135130	0.127718	0.117569	0.104620	
 Vektor posouvajicich sil ve sparach:
-2.786095	-2.468775	-2.164673	-1.873900	-1.596543	-1.332489	-1.081653	-0.843803	-0.618603	-0.405742	-0.204744	-0.015119	0.163768	0.332507	0.491788	0.642344	0.784970	0.920512	1.049794	1.173705	1.293149	1.409062	1.522350	1.633948	1.744823	-2.549823	-2.369886	-2.176102	-1.967833	-1.744430	-1.505441	-1.250428	-0.979003	-0.690909	-0.385900	-0.063880	0.275164	0.631149	1.003913	1.393230	1.798713	
 Vektor e_min:
0.002786	0.002768	0.002745	0.002720	0.002693	0.002664	0.002632	0.002600	0.002566	0.002532	0.002498	0.002464	0.002430	0.002396	0.002364	0.002332	0.002302	0.002273	0.002246	0.002221	0.002197	0.002176	0.002156	0.002139	0.002123	0.002503	0.002567	0.002632	0.002698	0.002763	0.002827	0.002891	0.002953	0.003014	0.003073	0.003129	0.003182	0.003232	0.003278	0.003320	0.003357	
