Vstupni soubor: zlamal6_7.in
***kopie vstupniho souboru***

 2.472500
 0.713750
 1
 0.145000
 20.000000
 0.600000
 40
 1
 1.4 1.000000 0.200000
 0.500000
 0.000000
 0 30.000000
 0 0.600000 0.400000 2.400000
 1
 4 2000.000000 inter4.txt
*****************************
Ortoganalni souradnice intrados a extrados:
X_int	Y_int	X_ext	Y_ext
0.000000	0.000000	-0.125574	0.072500
0.039049	0.063722	-0.082558	0.142695
0.081379	0.125313	-0.035928	0.210542
0.126875	0.184605	0.014189	0.275856
0.175412	0.241434	0.067656	0.338458
0.226856	0.295645	0.124325	0.398175
0.281067	0.347089	0.184043	0.454845
0.337896	0.395626	0.246644	0.508312
0.397187	0.441122	0.311958	0.558429
0.458778	0.483452	0.379806	0.605059
0.522501	0.522501	0.450001	0.648075
0.588179	0.558162	0.522350	0.687358
0.655634	0.590336	0.596657	0.722800
0.724680	0.618936	0.672717	0.754305
0.795129	0.643883	0.750321	0.781786
0.866786	0.665109	0.829257	0.805168
0.939456	0.682556	0.909309	0.824387
1.012940	0.696175	0.990257	0.839390
1.087036	0.705930	1.071879	0.850136
1.161541	0.711794	1.153952	0.856595
1.236250	0.713750	1.236250	0.858750
1.310960	0.711794	1.318548	0.856595
1.385464	0.705930	1.400621	0.850136
1.459560	0.696175	1.482243	0.839390
1.533044	0.682556	1.563191	0.824387
1.605714	0.665109	1.643243	0.805168
1.677372	0.643883	1.722179	0.781786
1.747820	0.618936	1.799783	0.754305
1.816866	0.590336	1.875843	0.722800
1.884321	0.558162	1.950150	0.687358
1.949999	0.522501	2.022500	0.648075
2.013722	0.483452	2.092694	0.605059
2.075313	0.441122	2.160542	0.558429
2.134604	0.395626	2.225856	0.508312
2.191433	0.347089	2.288457	0.454845
2.245644	0.295645	2.348175	0.398175
2.297088	0.241434	2.404845	0.338458
2.345625	0.184605	2.458311	0.275856
2.391121	0.125313	2.508428	0.210542
2.433451	0.063722	2.555058	0.142695
2.472500	0.000000	2.598074	0.072500
Vlastni tiha klenby - jednotlive bloky:
X_p	Y_p	P
-0.043266	0.070339	0.227661
-0.000477	0.136230	0.227661
0.045702	0.199790	0.227661
0.095145	0.260847	0.227661
0.147715	0.319232	0.227661
0.203269	0.374786	0.227661
0.261654	0.427356	0.227661
0.322711	0.476799	0.227661
0.386271	0.522978	0.227661
0.452161	0.565768	0.227661
0.520200	0.605050	0.227661
0.590202	0.640718	0.227661
0.661975	0.672673	0.227661
0.735322	0.700828	0.227661
0.810042	0.725106	0.227661
0.885929	0.745440	0.227661
0.962778	0.761775	0.227662
1.040376	0.774065	0.227661
1.118510	0.782278	0.227661
1.196967	0.786389	0.227661
1.275532	0.786389	0.227661
1.353990	0.782278	0.227661
1.432125	0.774065	0.227661
1.509722	0.761775	0.227662
1.586570	0.745440	0.227661
1.662459	0.725106	0.227661
1.737178	0.700828	0.227661
1.810525	0.672673	0.227661
1.882298	0.640718	0.227661
1.952299	0.605050	0.227661
2.020339	0.565768	0.227661
2.086229	0.522978	0.227661
2.149790	0.476799	0.227661
2.210846	0.427356	0.227661
2.269231	0.374786	0.227661
2.324785	0.319232	0.227661
2.377355	0.260846	0.227661
2.426798	0.199790	0.227661
2.472977	0.136230	0.227662
2.515766	0.070339	0.227661
Tiha nadnasypu pusobici na bloky:
P	h_ver	X_p	Y_p
0.000000	0.070195	-0.104267	0.107269
0.000000	0.067847	-0.059466	0.176294
0.000000	0.065314	-0.011114	0.242881
0.000000	0.062602	0.040657	0.306846
0.000000	0.059718	0.095706	0.368017
0.000000	0.056670	0.153882	0.426223
0.000000	0.053467	0.215026	0.481307
0.000000	0.050117	0.278971	0.533117
0.000000	0.046630	0.345543	0.581511
0.000000	0.043015	0.414559	0.626357
0.000000	0.039283	0.485833	0.667530
0.000000	0.035442	0.559168	0.704919
0.000000	0.031505	0.634365	0.738419
0.000000	0.027481	0.711218	0.767939
0.000000	0.023382	0.789517	0.793397
0.000000	0.019219	0.869048	0.814721
0.000000	0.015003	0.949591	0.831853
0.000000	0.010746	1.030926	0.844744
0.000000	0.006459	1.112828	0.853358
0.000000	0.002155	1.195071	0.857672
0.000000	-0.002155	1.277429	0.857672
0.000000	-0.006459	1.359672	0.853358
0.000000	-0.010746	1.441574	0.844744
0.000000	-0.015003	1.522909	0.831853
0.000000	-0.019219	1.603452	0.814721
0.000000	-0.023382	1.682983	0.793397
0.000000	-0.027481	1.761282	0.767939
0.000000	-0.031505	1.838135	0.738420
0.000000	-0.035442	1.913332	0.704919
0.000000	-0.039283	1.986668	0.667530
0.000000	-0.043016	2.057940	0.626357
0.000000	-0.046630	2.126957	0.581511
0.000000	-0.050117	2.193529	0.533117
0.000000	-0.053467	2.257474	0.481307
0.000000	-0.056670	2.318619	0.426223
0.000000	-0.059718	2.376793	0.368017
0.000000	-0.062602	2.431843	0.306846
0.000000	-0.065314	2.483614	0.242880
0.000000	-0.067848	2.531968	0.176292
0.000000	-0.070195	2.576767	0.107270
Vnejsi zatizeni pusobici na bloky:
X_q	Y_q	Q
-0.125574	0.072500	0.000000
-0.082558	0.142695	0.000000
-0.035928	0.210542	0.000000
0.014189	0.275856	0.000000
0.067656	0.338458	0.000000
0.124325	0.398175	0.000000
0.184043	0.454845	0.000000
0.246644	0.508312	0.000000
0.311958	0.558429	0.000000
0.379806	0.605059	0.000000
0.450001	0.648075	0.000000
0.522350	0.687358	0.000000
0.596657	0.722800	0.000000
0.672717	0.754305	0.000000
0.750321	0.781786	0.000000
0.829257	0.805168	0.000000
0.909309	0.824387	0.000000
0.990257	0.839390	0.000000
1.071879	0.850136	0.000000
1.153952	0.856595	0.000000
1.236250	0.858750	0.000000
1.400000	0.850087	1.000000
1.400621	0.850136	0.000000
1.482243	0.839390	0.000000
1.563191	0.824387	0.000000
1.643243	0.805168	0.000000
1.722179	0.781786	0.000000
1.799783	0.754305	0.000000
1.875843	0.722800	0.000000
1.950150	0.687358	0.000000
2.022500	0.648075	0.000000
2.092694	0.605059	0.000000
2.160542	0.558429	0.000000
2.225856	0.508312	0.000000
2.288457	0.454845	0.000000
2.348175	0.398175	0.000000
2.404845	0.338458	0.000000
2.458311	0.275856	0.000000
2.508428	0.210542	0.000000
2.555058	0.142695	0.000000
Ortogonalni lokalni souradnice jednotlivych bloku:
a	alfa	b	beta
0.072500	2.617995	0.078531	1.021018
0.072500	2.565635	0.078531	0.968659
0.072500	2.513275	0.078531	0.916299
0.072500	2.460915	0.078531	0.863939
0.072500	2.408555	0.078531	0.811579
0.072500	2.356195	0.078531	0.759219
0.072500	2.303835	0.078531	0.706859
0.072500	2.251475	0.078531	0.654500
0.072500	2.199115	0.078531	0.602139
0.072500	2.146756	0.078531	0.549778
0.072500	2.094395	0.078531	0.497420
0.072500	2.042036	0.078531	0.445059
0.072500	1.989676	0.078531	0.392700
0.072500	1.937316	0.078531	0.340338
0.072500	1.884957	0.078531	0.287981
0.072500	1.832596	0.078531	0.235619
0.072500	1.780236	0.078531	0.183260
0.072500	1.727876	0.078531	0.130899
0.072500	1.675516	0.078531	0.078541
0.072500	1.623156	0.078531	0.026179
0.072500	1.570796	0.078531	-0.026179
0.072500	1.518436	0.078531	-0.078540
0.072500	1.466077	0.078531	-0.130900
0.072500	1.413716	0.078531	-0.183260
0.072500	1.361356	0.078531	-0.235619
0.072500	1.308997	0.078531	-0.287979
0.072500	1.256637	0.078531	-0.340341
0.072500	1.204276	0.078531	-0.392699
0.072500	1.151917	0.078531	-0.445058
0.072500	1.099557	0.078531	-0.497421
0.072500	1.047197	0.078531	-0.549780
0.072500	0.994838	0.078531	-0.602137
0.072500	0.942477	0.078531	-0.654499
0.072500	0.890118	0.078531	-0.706859
0.072500	0.837758	0.078531	-0.759219
0.072500	0.785397	0.078531	-0.811578
0.072500	0.733037	0.078531	-0.863940
0.072500	0.680678	0.078531	-0.916301
0.072500	0.628319	0.078531	-0.968656
0.072500	0.575958	0.078531	-1.021019
0.072500	0.523597	1.000000	-1.047199
Transformovane zatizeni vlastni tihou klenby:
Px	Py	Mp
0.000000	0.227661	0.004444
0.000000	0.227661	0.004844
0.000000	0.227661	0.005231
0.000000	0.227661	0.005603
0.000000	0.227661	0.005961
0.000000	0.227661	0.006301
0.000000	0.227661	0.006625
0.000000	0.227661	0.006930
0.000000	0.227661	0.007216
0.000000	0.227661	0.007483
0.000000	0.227661	0.007729
0.000000	0.227661	0.007954
0.000000	0.227661	0.008157
0.000000	0.227661	0.008338
0.000000	0.227661	0.008496
0.000000	0.227661	0.008630
0.000000	0.227662	0.008741
0.000000	0.227661	0.008828
0.000000	0.227661	0.008891
0.000000	0.227661	0.008929
0.000000	0.227661	0.008943
0.000000	0.227661	0.008933
0.000000	0.227661	0.008897
0.000000	0.227662	0.008838
0.000000	0.227661	0.008754
0.000000	0.227661	0.008647
0.000000	0.227661	0.008515
0.000000	0.227661	0.008360
0.000000	0.227661	0.008183
0.000000	0.227661	0.007983
0.000000	0.227661	0.007761
0.000000	0.227661	0.007518
0.000000	0.227661	0.007254
0.000000	0.227661	0.006970
0.000000	0.227661	0.006667
0.000000	0.227661	0.006346
0.000000	0.227661	0.006008
0.000000	0.227661	0.005653
0.000000	0.227662	0.005282
0.000000	0.227661	0.004897
0.000000	0.000000	0.000000
Transformovane zatizeni nadnasypem:
Px	Py	Mp
0.000000	0.000000	0.000000
0.000000	0.000000	0.000000
0.000000	0.000000	0.000000
0.000000	0.000000	0.000000
0.000000	0.000000	0.000000
0.000000	0.000000	0.000000
0.000000	0.000000	0.000000
0.000000	0.000000	0.000000
0.000000	0.000000	0.000000
0.000000	0.000000	0.000000
0.000000	0.000000	0.000000
0.000000	0.000000	0.000000
0.000000	0.000000	0.000000
0.000000	0.000000	0.000000
0.000000	0.000000	0.000000
0.000000	0.000000	0.000000
0.000000	0.000000	0.000000
0.000000	0.000000	0.000000
0.000000	0.000000	0.000000
0.000000	0.000000	0.000000
0.000000	0.000000	0.000000
0.000000	0.000000	0.000000
0.000000	0.000000	0.000000
0.000000	0.000000	0.000000
0.000000	0.000000	0.000000
0.000000	0.000000	0.000000
0.000000	0.000000	0.000000
0.000000	0.000000	0.000000
0.000000	0.000000	0.000000
0.000000	0.000000	0.000000
0.000000	0.000000	0.000000
0.000000	0.000000	0.000000
0.000000	0.000000	0.000000
0.000000	0.000000	0.000000
0.000000	0.000000	0.000000
0.000000	0.000000	0.000000
0.000000	0.000000	0.000000
0.000000	0.000000	0.000000
0.000000	0.000000	0.000000
0.000000	0.000000	0.000000
0.000000	0.000000	0.000000
Transformovane zatizeni vnejsich sil:
Qx	Qy	Mq
0.000000	0.000000	0.000000
0.000000	0.000000	0.000000
0.000000	0.000000	0.000000
0.000000	0.000000	0.000000
0.000000	0.000000	0.000000
0.000000	0.000000	0.000000
0.000000	0.000000	0.000000
0.000000	0.000000	0.000000
0.000000	0.000000	0.000000
0.000000	0.000000	0.000000
0.000000	0.000000	0.000000
0.000000	0.000000	0.000000
0.000000	0.000000	0.000000
0.000000	0.000000	0.000000
0.000000	0.000000	0.000000
0.000000	0.000000	0.000000
0.000000	0.000000	0.000000
0.000000	0.000000	0.000000
0.000000	0.000000	0.000000
0.000000	0.000000	0.000000
0.000000	0.000000	0.000000
0.000000	1.000000	0.085246
0.000000	0.000000	0.000000
0.000000	0.000000	0.000000
0.000000	0.000000	0.000000
0.000000	0.000000	0.000000
0.000000	0.000000	0.000000
0.000000	0.000000	0.000000
0.000000	0.000000	0.000000
0.000000	0.000000	0.000000
0.000000	0.000000	0.000000
0.000000	0.000000	0.000000
0.000000	0.000000	0.000000
0.000000	0.000000	0.000000
0.000000	0.000000	0.000000
0.000000	0.000000	0.000000
0.000000	0.000000	0.000000
0.000000	0.000000	0.000000
0.000000	0.000000	0.000000
0.000000	0.000000	0.000000
0.000000	0.000000	0.000000

*** vysledky vypoctu ***
 icase = 0
         0 -> O.K.,
        -1 -> nelze splnit omezujici podminky,
        +1 -> cilova funkce je na polyedru neomezena.
 lambda = 5.456656
 pocet bloku N = 40
 Vektor lokalnich deformaci:
   2: fi 00 ext = 4.226660
  23: fi 11 int = 9.174533
  46: fi 22 ext = 6.434566
  65: fi 32 int = 1.486694
 Vektor indexu spary mezi bloky:
0		1		2		3		4		5		6		7		8		9		10		11		12		13		14		15		16		17		18		19		20		21		22		23		24		25		26		27		28		29		30		31		32		33		34		35		36		37		38		39		40		
 Vektor normalovych sil ve sparach (+ znaci tlak):
9.762985	9.742867	9.708911	9.662340	9.604332	9.536040	9.458289	9.372463	9.279550	9.180233	9.075704	8.967192	8.855310	8.740786	8.624677	8.507436	8.389903	8.272924	8.156703	8.041585	7.928512	7.817197	8.279084	8.456215	8.633752	8.810716	8.986570	9.160713	9.331837	9.499099	9.661545	9.818201	9.968060	10.109711	10.242261	10.364321	10.474932	10.572700	10.656583	10.725265	10.777484	
 Vektor vzdalenosti N od hornoho povrchu klenby:
0.000000	0.026642	0.050244	0.070968	0.088950	0.104300	0.117109	0.127447	0.135370	0.140917	0.144123	0.145000	0.143558	0.139803	0.133725	0.125320	0.114565	0.101446	0.085942	0.068027	0.047677	0.024865	0.000000	0.027659	0.052199	0.073705	0.092254	0.107918	0.120766	0.130854	0.138231	0.142938	0.145000	0.144437	0.141250	0.135428	0.126942	0.115746	0.101773	0.084933	0.065113	
 Vektor posouvajicich sil ve sparach:
-3.518357	-3.126549	-2.746204	-2.377568	-2.020966	-1.676505	-1.344331	-1.024404	-0.716658	-0.420944	-0.137080	0.135257	0.396408	0.646765	0.886811	1.117087	1.338107	1.550521	1.754958	1.952067	2.142612	2.327286	-2.919974	-2.707521	-2.483941	-2.248589	-2.000924	-1.740409	-1.466533	-1.179003	-0.877415	-0.561492	-0.231051	0.113999	0.473797	0.848197	1.237117	1.640383	2.057637	2.488581	2.932624	
 Vektor e_min:
0.003254	0.003248	0.003236	0.003221	0.003201	0.003179	0.003153	0.003124	0.003093	0.003060	0.003025	0.002989	0.002952	0.002914	0.002875	0.002836	0.002797	0.002758	0.002719	0.002681	0.002643	0.002606	0.002760	0.002819	0.002878	0.002937	0.002996	0.003054	0.003111	0.003166	0.003220	0.003273	0.003323	0.003370	0.003414	0.003455	0.003492	0.003524	0.003552	0.003575	0.003592	

 * Iterace c. 1 * Delta = 0.547023 *
 icase = 0
         0 -> O.K.,
        -1 -> nelze splnit omezujici podminky,
        +1 -> cilova funkce je na polyedru neomezena.
 lambda = 4.909633
 pocet bloku N = 40
 Vektor lokalnich deformaci:
   2: fi 00 ext = 3.958075
  23: fi 11 int = 8.641618
  46: fi 22 ext = 6.163095
  65: fi 32 int = 1.479543
 Vektor indexu spary mezi bloky:
0		1		2		3		4		5		6		7		8		9		10		11		12		13		14		15		16		17		18		19		20		21		22		23		24		25		26		27		28		29		30		31		32		33		34		35		36		37		38		39		40		
 Vektor normalovych sil ve sparach (+ znaci tlak):
9.367739	9.334421	9.288394	9.230973	9.163221	9.086313	9.001364	8.909317	8.811701	8.708858	8.602379	8.492522	8.381005	8.268510	8.155099	8.042250	7.930369	7.819930	7.711666	7.606061	7.503515	7.403906	7.821317	7.983562	8.148043	8.313260	8.478408	8.643271	8.806727	8.967768	9.125374	9.278797	9.426587	9.567968	9.701379	9.826071	9.940745	10.044169	10.134913	10.211896	10.273899	
 Vektor vzdalenosti N od hornoho povrchu klenby:
0.003254	0.028850	0.051520	0.071418	0.088671	0.103384	0.115642	0.125514	0.133049	0.138293	0.141274	0.142011	0.140515	0.136793	0.130852	0.122681	0.112277	0.099635	0.084745	0.067599	0.048188	0.026502	0.002760	0.029129	0.052595	0.073199	0.091007	0.106065	0.118425	0.128132	0.135226	0.139732	0.141677	0.141070	0.137911	0.132184	0.123862	0.112899	0.099230	0.082770	0.063407	
 Vektor posouvajicich sil ve sparach:
-3.255692	-2.884949	-2.526305	-2.179991	-1.846218	-1.525095	-1.216654	-0.920837	-0.637460	-0.366370	-0.107216	0.140266	0.376561	0.602148	0.817541	1.023333	1.220134	1.408662	1.589592	1.763657	1.931650	2.094358	-2.630185	-2.442092	-2.243590	-2.034004	-1.812651	-1.578963	-1.332443	-1.072558	-0.798904	-0.511170	-0.209009	0.107680	0.439104	0.785257	1.146106	1.521523	1.911279	2.315078	2.732569	
 Vektor e_min:
0.003123	0.003111	0.003096	0.003077	0.003054	0.003029	0.003000	0.002970	0.002937	0.002903	0.002867	0.002831	0.002794	0.002756	0.002718	0.002681	0.002643	0.002607	0.002571	0.002535	0.002501	0.002468	0.002607	0.002661	0.002716	0.002771	0.002826	0.002881	0.002936	0.002989	0.003042	0.003093	0.003142	0.003189	0.003234	0.003275	0.003314	0.003348	0.003378	0.003404	0.003425	

 * Iterace c. 2 * Delta = -0.026288 *
 icase = 0
         0 -> O.K.,
        -1 -> nelze splnit omezujici podminky,
        +1 -> cilova funkce je na polyedru neomezena.
 lambda = 4.935920
 pocet bloku N = 40
 Vektor lokalnich deformaci:
   2: fi 00 ext = 3.971235
  23: fi 11 int = 8.667593
  46: fi 22 ext = 6.176262
  65: fi 32 int = 1.479905
 Vektor indexu spary mezi bloky:
0		1		2		3		4		5		6		7		8		9		10		11		12		13		14		15		16		17		18		19		20		21		22		23		24		25		26		27		28		29		30		31		32		33		34		35		36		37		38		39		40		
 Vektor normalovych sil ve sparach (+ znaci tlak):
9.386530	9.353796	9.308311	9.251426	9.184036	9.107667	9.022950	8.931190	8.833656	8.731204	8.624538	8.514907	8.403658	8.290552	8.177220	8.064007	7.952026	7.841274	7.732857	7.626324	7.523414	7.423184	7.842655	8.005783	8.170807	8.336617	8.502499	8.667948	8.831415	8.992838	9.150870	9.304229	9.452302	9.593518	9.727006	9.851687	9.966172	10.069199	10.159699	10.236316	10.297888	
 Vektor vzdalenosti N od hornoho povrchu klenby:
0.003123	0.028767	0.051481	0.071418	0.088706	0.103448	0.115732	0.125626	0.133179	0.138436	0.141425	0.142169	0.140672	0.136950	0.130997	0.122815	0.112391	0.099724	0.084799	0.067612	0.048155	0.026407	0.002607	0.029048	0.052567	0.073221	0.091068	0.106159	0.118549	0.128278	0.135386	0.139906	0.141858	0.141254	0.138096	0.132366	0.124038	0.113065	0.099383	0.082906	0.063523	
 Vektor posouvajicich sil ve sparach:
-3.267936	-2.896177	-2.536479	-2.189116	-1.854277	-1.532061	-1.222476	-0.925496	-0.640997	-0.368730	-0.108429	0.140249	0.377721	0.604455	0.821023	1.027975	1.225907	1.415540	1.597561	1.772737	1.941786	2.105525	-2.644142	-2.454935	-2.255240	-2.044436	-1.821861	-1.586931	-1.339100	-1.077882	-0.802899	-0.513825	-0.210350	0.107680	0.440447	0.787934	1.150129	1.526850	1.917917	2.323046	2.741748	
 Vektor e_min:
0.003129	0.003118	0.003103	0.003084	0.003061	0.003036	0.003008	0.002977	0.002945	0.002910	0.002875	0.002838	0.002801	0.002763	0.002726	0.002688	0.002651	0.002614	0.002578	0.002542	0.002508	0.002474	0.002614	0.002669	0.002724	0.002779	0.002834	0.002889	0.002944	0.002998	0.003050	0.003101	0.003151	0.003198	0.003242	0.003284	0.003322	0.003356	0.003387	0.003412	0.003433	

 * Iterace c. 3 * Delta = 0.000973 *
 icase = 0
         0 -> O.K.,
        -1 -> nelze splnit omezujici podminky,
        +1 -> cilova funkce je na polyedru neomezena.
 lambda = 4.934947
 pocet bloku N = 40
 Vektor lokalnich deformaci:
   2: fi 00 ext = 3.970721
  23: fi 11 int = 8.666582
  46: fi 22 ext = 6.175801
  65: fi 32 int = 1.479940
 Vektor indexu spary mezi bloky:
0		1		2		3		4		5		6		7		8		9		10		11		12		13		14		15		16		17		18		19		20		21		22		23		24		25		26		27		28		29		30		31		32		33		34		35		36		37		38		39		40		
 Vektor normalovych sil ve sparach (+ znaci tlak):
9.385865	9.353071	9.307620	9.250651	9.183366	9.106892	9.022133	8.930447	8.832957	8.730305	8.623807	8.514528	8.402585	8.289923	8.176516	8.063430	7.951265	7.840471	7.732091	7.625839	7.522549	7.422591	7.842011	8.005209	8.169907	8.335650	8.501559	8.666833	8.830669	8.991983	9.149773	9.303339	9.451262	9.592588	9.726173	9.850739	9.965246	10.068287	10.158759	10.235397	10.296968	
 Vektor vzdalenosti N od hornoho povrchu klenby:
0.003129	0.028771	0.051483	0.071419	0.088705	0.103447	0.115730	0.125623	0.133175	0.138432	0.141422	0.142162	0.140669	0.136943	0.130992	0.122807	0.112388	0.099719	0.084797	0.067613	0.048152	0.026413	0.002614	0.029053	0.052570	0.073222	0.091064	0.106155	0.118542	0.128269	0.135379	0.139898	0.141849	0.141245	0.138086	0.132356	0.124028	0.113056	0.099374	0.082897	0.063514	
 Vektor posouvajicich sil ve sparach:
-3.267478	-2.895756	-2.536130	-2.188784	-1.853974	-1.531779	-1.222274	-0.925344	-0.640869	-0.368617	-0.108397	0.140244	0.377702	0.604406	0.820904	1.027795	1.225716	1.415306	1.597290	1.772419	1.941436	2.105133	-2.643599	-2.454433	-2.254802	-2.044020	-1.821482	-1.586603	-1.338806	-1.077672	-0.802734	-0.513719	-0.210297	0.107699	0.440418	0.787878	1.150002	1.526686	1.917712	2.322754	2.741430	
 Vektor e_min:
0.003129	0.003118	0.003103	0.003084	0.003061	0.003036	0.003007	0.002977	0.002944	0.002910	0.002875	0.002838	0.002801	0.002763	0.002725	0.002688	0.002650	0.002613	0.002577	0.002542	0.002508	0.002474	0.002614	0.002668	0.002723	0.002779	0.002834	0.002889	0.002944	0.002997	0.003050	0.003101	0.003150	0.003198	0.003242	0.003284	0.003322	0.003356	0.003386	0.003412	0.003432	
