Vstupni soubor: zlamal6_3.in
***kopie vstupniho souboru***

 2.472500
 0.713750
 1
 0.145000
 20.000000
 0.600000
 40
 1
 0.6 1.000000 0.200000
 0.500000
 0.000000
 0 30.000000
 0 0.600000 0.400000 2.400000
 1
 4 2000.000000 inter4.txt
*****************************
Ortoganalni souradnice intrados a extrados:
X_int	Y_int	X_ext	Y_ext
0.000000	0.000000	-0.125574	0.072500
0.039049	0.063722	-0.082558	0.142695
0.081379	0.125313	-0.035928	0.210542
0.126875	0.184605	0.014189	0.275856
0.175412	0.241434	0.067656	0.338458
0.226856	0.295645	0.124325	0.398175
0.281067	0.347089	0.184043	0.454845
0.337896	0.395626	0.246644	0.508312
0.397187	0.441122	0.311958	0.558429
0.458778	0.483452	0.379806	0.605059
0.522501	0.522501	0.450001	0.648075
0.588179	0.558162	0.522350	0.687358
0.655634	0.590336	0.596657	0.722800
0.724680	0.618936	0.672717	0.754305
0.795129	0.643883	0.750321	0.781786
0.866786	0.665109	0.829257	0.805168
0.939456	0.682556	0.909309	0.824387
1.012940	0.696175	0.990257	0.839390
1.087036	0.705930	1.071879	0.850136
1.161541	0.711794	1.153952	0.856595
1.236250	0.713750	1.236250	0.858750
1.310960	0.711794	1.318548	0.856595
1.385464	0.705930	1.400621	0.850136
1.459560	0.696175	1.482243	0.839390
1.533044	0.682556	1.563191	0.824387
1.605714	0.665109	1.643243	0.805168
1.677372	0.643883	1.722179	0.781786
1.747820	0.618936	1.799783	0.754305
1.816866	0.590336	1.875843	0.722800
1.884321	0.558162	1.950150	0.687358
1.949999	0.522501	2.022500	0.648075
2.013722	0.483452	2.092694	0.605059
2.075313	0.441122	2.160542	0.558429
2.134604	0.395626	2.225856	0.508312
2.191433	0.347089	2.288457	0.454845
2.245644	0.295645	2.348175	0.398175
2.297088	0.241434	2.404845	0.338458
2.345625	0.184605	2.458311	0.275856
2.391121	0.125313	2.508428	0.210542
2.433451	0.063722	2.555058	0.142695
2.472500	0.000000	2.598074	0.072500
Vlastni tiha klenby - jednotlive bloky:
X_p	Y_p	P
-0.043266	0.070339	0.227661
-0.000477	0.136230	0.227661
0.045702	0.199790	0.227661
0.095145	0.260847	0.227661
0.147715	0.319232	0.227661
0.203269	0.374786	0.227661
0.261654	0.427356	0.227661
0.322711	0.476799	0.227661
0.386271	0.522978	0.227661
0.452161	0.565768	0.227661
0.520200	0.605050	0.227661
0.590202	0.640718	0.227661
0.661975	0.672673	0.227661
0.735322	0.700828	0.227661
0.810042	0.725106	0.227661
0.885929	0.745440	0.227661
0.962778	0.761775	0.227662
1.040376	0.774065	0.227661
1.118510	0.782278	0.227661
1.196967	0.786389	0.227661
1.275532	0.786389	0.227661
1.353990	0.782278	0.227661
1.432125	0.774065	0.227661
1.509722	0.761775	0.227662
1.586570	0.745440	0.227661
1.662459	0.725106	0.227661
1.737178	0.700828	0.227661
1.810525	0.672673	0.227661
1.882298	0.640718	0.227661
1.952299	0.605050	0.227661
2.020339	0.565768	0.227661
2.086229	0.522978	0.227661
2.149790	0.476799	0.227661
2.210846	0.427356	0.227661
2.269231	0.374786	0.227661
2.324785	0.319232	0.227661
2.377355	0.260846	0.227661
2.426798	0.199790	0.227661
2.472977	0.136230	0.227662
2.515766	0.070339	0.227661
Tiha nadnasypu pusobici na bloky:
P	h_ver	X_p	Y_p
0.000000	0.070195	-0.104267	0.107269
0.000000	0.067847	-0.059466	0.176294
0.000000	0.065314	-0.011114	0.242881
0.000000	0.062602	0.040657	0.306846
0.000000	0.059718	0.095706	0.368017
0.000000	0.056670	0.153882	0.426223
0.000000	0.053467	0.215026	0.481307
0.000000	0.050117	0.278971	0.533117
0.000000	0.046630	0.345543	0.581511
0.000000	0.043015	0.414559	0.626357
0.000000	0.039283	0.485833	0.667530
0.000000	0.035442	0.559168	0.704919
0.000000	0.031505	0.634365	0.738419
0.000000	0.027481	0.711218	0.767939
0.000000	0.023382	0.789517	0.793397
0.000000	0.019219	0.869048	0.814721
0.000000	0.015003	0.949591	0.831853
0.000000	0.010746	1.030926	0.844744
0.000000	0.006459	1.112828	0.853358
0.000000	0.002155	1.195071	0.857672
0.000000	-0.002155	1.277429	0.857672
0.000000	-0.006459	1.359672	0.853358
0.000000	-0.010746	1.441574	0.844744
0.000000	-0.015003	1.522909	0.831853
0.000000	-0.019219	1.603452	0.814721
0.000000	-0.023382	1.682983	0.793397
0.000000	-0.027481	1.761282	0.767939
0.000000	-0.031505	1.838135	0.738420
0.000000	-0.035442	1.913332	0.704919
0.000000	-0.039283	1.986668	0.667530
0.000000	-0.043016	2.057940	0.626357
0.000000	-0.046630	2.126957	0.581511
0.000000	-0.050117	2.193529	0.533117
0.000000	-0.053467	2.257474	0.481307
0.000000	-0.056670	2.318619	0.426223
0.000000	-0.059718	2.376793	0.368017
0.000000	-0.062602	2.431843	0.306846
0.000000	-0.065314	2.483614	0.242880
0.000000	-0.067848	2.531968	0.176292
0.000000	-0.070195	2.576767	0.107270
Vnejsi zatizeni pusobici na bloky:
X_q	Y_q	Q
-0.125574	0.072500	0.000000
-0.082558	0.142695	0.000000
-0.035928	0.210542	0.000000
0.014189	0.275856	0.000000
0.067656	0.338458	0.000000
0.124325	0.398175	0.000000
0.184043	0.454845	0.000000
0.246644	0.508312	0.000000
0.311958	0.558429	0.000000
0.379806	0.605059	0.000000
0.450001	0.648075	0.000000
0.522350	0.687358	0.000000
0.600000	1.439616	1.000000
0.672717	0.754305	0.000000
0.750321	0.781786	0.000000
0.829257	0.805168	0.000000
0.909309	0.824387	0.000000
0.990257	0.839390	0.000000
1.071879	0.850136	0.000000
1.153952	0.856595	0.000000
1.236250	0.858750	0.000000
1.318548	0.856595	0.000000
1.400621	0.850136	0.000000
1.482243	0.839390	0.000000
1.563191	0.824387	0.000000
1.643243	0.805168	0.000000
1.722179	0.781786	0.000000
1.799783	0.754305	0.000000
1.875843	0.722800	0.000000
1.950150	0.687358	0.000000
2.022500	0.648075	0.000000
2.092694	0.605059	0.000000
2.160542	0.558429	0.000000
2.225856	0.508312	0.000000
2.288457	0.454845	0.000000
2.348175	0.398175	0.000000
2.404845	0.338458	0.000000
2.458311	0.275856	0.000000
2.508428	0.210542	0.000000
2.555058	0.142695	0.000000
Ortogonalni lokalni souradnice jednotlivych bloku:
a	alfa	b	beta
0.072500	2.617995	0.078531	1.021018
0.072500	2.565635	0.078531	0.968659
0.072500	2.513275	0.078531	0.916299
0.072500	2.460915	0.078531	0.863939
0.072500	2.408555	0.078531	0.811579
0.072500	2.356195	0.078531	0.759219
0.072500	2.303835	0.078531	0.706859
0.072500	2.251475	0.078531	0.654500
0.072500	2.199115	0.078531	0.602139
0.072500	2.146756	0.078531	0.549778
0.072500	2.094395	0.078531	0.497420
0.072500	2.042036	0.078531	0.445059
0.072500	1.989676	0.078531	0.392700
0.072500	1.937316	0.078531	0.340338
0.072500	1.884957	0.078531	0.287981
0.072500	1.832596	0.078531	0.235619
0.072500	1.780236	0.078531	0.183260
0.072500	1.727876	0.078531	0.130899
0.072500	1.675516	0.078531	0.078541
0.072500	1.623156	0.078531	0.026179
0.072500	1.570796	0.078531	-0.026179
0.072500	1.518436	0.078531	-0.078540
0.072500	1.466077	0.078531	-0.130900
0.072500	1.413716	0.078531	-0.183260
0.072500	1.361356	0.078531	-0.235619
0.072500	1.308997	0.078531	-0.287979
0.072500	1.256637	0.078531	-0.340341
0.072500	1.204276	0.078531	-0.392699
0.072500	1.151917	0.078531	-0.445058
0.072500	1.099557	0.078531	-0.497421
0.072500	1.047197	0.078531	-0.549780
0.072500	0.994838	0.078531	-0.602137
0.072500	0.942477	0.078531	-0.654499
0.072500	0.890118	0.078531	-0.706859
0.072500	0.837758	0.078531	-0.759219
0.072500	0.785397	0.078531	-0.811578
0.072500	0.733037	0.078531	-0.863940
0.072500	0.680678	0.078531	-0.916301
0.072500	0.628319	0.078531	-0.968656
0.072500	0.575958	0.078531	-1.021019
0.072500	0.523597	1.000000	-1.047199
Transformovane zatizeni vlastni tihou klenby:
Px	Py	Mp
0.000000	0.227661	0.004444
0.000000	0.227661	0.004844
0.000000	0.227661	0.005231
0.000000	0.227661	0.005603
0.000000	0.227661	0.005961
0.000000	0.227661	0.006301
0.000000	0.227661	0.006625
0.000000	0.227661	0.006930
0.000000	0.227661	0.007216
0.000000	0.227661	0.007483
0.000000	0.227661	0.007729
0.000000	0.227661	0.007954
0.000000	0.227661	0.008157
0.000000	0.227661	0.008338
0.000000	0.227661	0.008496
0.000000	0.227661	0.008630
0.000000	0.227662	0.008741
0.000000	0.227661	0.008828
0.000000	0.227661	0.008891
0.000000	0.227661	0.008929
0.000000	0.227661	0.008943
0.000000	0.227661	0.008933
0.000000	0.227661	0.008897
0.000000	0.227662	0.008838
0.000000	0.227661	0.008754
0.000000	0.227661	0.008647
0.000000	0.227661	0.008515
0.000000	0.227661	0.008360
0.000000	0.227661	0.008183
0.000000	0.227661	0.007983
0.000000	0.227661	0.007761
0.000000	0.227661	0.007518
0.000000	0.227661	0.007254
0.000000	0.227661	0.006970
0.000000	0.227661	0.006667
0.000000	0.227661	0.006346
0.000000	0.227661	0.006008
0.000000	0.227661	0.005653
0.000000	0.227662	0.005282
0.000000	0.227661	0.004897
0.000000	0.000000	0.000000
Transformovane zatizeni nadnasypem:
Px	Py	Mp
0.000000	0.000000	0.000000
0.000000	0.000000	0.000000
0.000000	0.000000	0.000000
0.000000	0.000000	0.000000
0.000000	0.000000	0.000000
0.000000	0.000000	0.000000
0.000000	0.000000	0.000000
0.000000	0.000000	0.000000
0.000000	0.000000	0.000000
0.000000	0.000000	0.000000
0.000000	0.000000	0.000000
0.000000	0.000000	0.000000
0.000000	0.000000	0.000000
0.000000	0.000000	0.000000
0.000000	0.000000	0.000000
0.000000	0.000000	0.000000
0.000000	0.000000	0.000000
0.000000	0.000000	0.000000
0.000000	0.000000	0.000000
0.000000	0.000000	0.000000
0.000000	0.000000	0.000000
0.000000	0.000000	0.000000
0.000000	0.000000	0.000000
0.000000	0.000000	0.000000
0.000000	0.000000	0.000000
0.000000	0.000000	0.000000
0.000000	0.000000	0.000000
0.000000	0.000000	0.000000
0.000000	0.000000	0.000000
0.000000	0.000000	0.000000
0.000000	0.000000	0.000000
0.000000	0.000000	0.000000
0.000000	0.000000	0.000000
0.000000	0.000000	0.000000
0.000000	0.000000	0.000000
0.000000	0.000000	0.000000
0.000000	0.000000	0.000000
0.000000	0.000000	0.000000
0.000000	0.000000	0.000000
0.000000	0.000000	0.000000
0.000000	0.000000	0.000000
Transformovane zatizeni vnejsich sil:
Qx	Qy	Mq
0.000000	0.000000	0.000000
0.000000	0.000000	0.000000
0.000000	0.000000	0.000000
0.000000	0.000000	0.000000
0.000000	0.000000	0.000000
0.000000	0.000000	0.000000
0.000000	0.000000	0.000000
0.000000	0.000000	0.000000
0.000000	0.000000	0.000000
0.000000	0.000000	0.000000
0.000000	0.000000	0.000000
0.000000	0.000000	0.000000
0.000000	1.000000	-0.026145
0.000000	0.000000	0.000000
0.000000	0.000000	0.000000
0.000000	0.000000	0.000000
0.000000	0.000000	0.000000
0.000000	0.000000	0.000000
0.000000	0.000000	0.000000
0.000000	0.000000	0.000000
0.000000	0.000000	0.000000
0.000000	0.000000	0.000000
0.000000	0.000000	0.000000
0.000000	0.000000	0.000000
0.000000	0.000000	0.000000
0.000000	0.000000	0.000000
0.000000	0.000000	0.000000
0.000000	0.000000	0.000000
0.000000	0.000000	0.000000
0.000000	0.000000	0.000000
0.000000	0.000000	0.000000
0.000000	0.000000	0.000000
0.000000	0.000000	0.000000
0.000000	0.000000	0.000000
0.000000	0.000000	0.000000
0.000000	0.000000	0.000000
0.000000	0.000000	0.000000
0.000000	0.000000	0.000000
0.000000	0.000000	0.000000
0.000000	0.000000	0.000000
0.000000	0.000000	0.000000

*** vysledky vypoctu ***
 icase = 0
         0 -> O.K.,
        -1 -> nelze splnit omezujici podminky,
        +1 -> cilova funkce je na polyedru neomezena.
 lambda = 4.667103
 pocet bloku N = 40
 Vektor lokalnich deformaci:
   5: fi 02 int = 1.959256
  26: fi 12 ext = 4.820224
  55: fi 27 int = 5.547068
  82: fi 40 ext = 2.686100
 Vektor indexu spary mezi bloky:
0		1		2		3		4		5		6		7		8		9		10		11		12		13		14		15		16		17		18		19		20		21		22		23		24		25		26		27		28		29		30		31		32		33		34		35		36		37		38		39		40		
 Vektor normalovych sil ve sparach (+ znaci tlak):
10.259805	10.095973	9.917378	9.725593	9.522193	9.308670	9.086398	8.857048	8.621904	8.382367	8.139734	7.895571	7.651083	5.734650	5.723215	5.718584	5.721311	5.731902	5.750230	5.776256	5.810446	5.852353	5.902279	5.959667	6.024248	6.095486	6.173018	6.256521	6.345025	6.437813	6.534162	6.633412	6.734433	6.836183	6.937768	7.037982	7.135826	7.230005	7.319449	7.402802	7.478833	
 Vektor vzdalenosti N od hornoho povrchu klenby:
0.136810	0.142359	0.145000	0.144726	0.141511	0.135303	0.126037	0.113622	0.097952	0.078900	0.056330	0.030087	0.000000	0.015126	0.031914	0.047656	0.062338	0.075946	0.088449	0.099815	0.110008	0.118990	0.126712	0.133136	0.138220	0.141920	0.144194	0.145000	0.144301	0.142054	0.138220	0.132752	0.125605	0.116728	0.106060	0.093539	0.079086	0.062615	0.044026	0.023200	0.000000	
 Vektor posouvajicich sil ve sparach:
-0.785793	-0.371732	0.023328	0.399076	0.755186	1.091532	1.408021	1.704717	1.981740	2.239338	2.477803	2.697569	2.899122	-1.274089	-1.188737	-1.107471	-1.029357	-0.953362	-0.878481	-0.803707	-0.727952	-0.650200	-0.569445	-0.484611	-0.394733	-0.298818	-0.195928	-0.085128	0.034475	0.163635	0.303170	0.453805	0.616168	0.790832	0.978370	1.179132	1.393524	1.621815	1.864158	2.120697	2.391374	
 Vektor e_min:
0.003420	0.003365	0.003306	0.003242	0.003174	0.003103	0.003029	0.002952	0.002874	0.002794	0.002713	0.002632	0.002550	0.001912	0.001908	0.001906	0.001907	0.001911	0.001917	0.001925	0.001937	0.001951	0.001967	0.001987	0.002008	0.002032	0.002058	0.002085	0.002115	0.002146	0.002178	0.002211	0.002245	0.002279	0.002313	0.002346	0.002379	0.002410	0.002440	0.002468	0.002493	

 * Iterace c. 1 * Delta = 0.274551 *
 icase = 0
         0 -> O.K.,
        -1 -> nelze splnit omezujici podminky,
        +1 -> cilova funkce je na polyedru neomezena.
 lambda = 4.392552
 pocet bloku N = 40
 Vektor lokalnich deformaci:
   5: fi 02 int = 1.939209
  26: fi 12 ext = 4.726530
  55: fi 27 int = 5.385339
  82: fi 40 ext = 2.598018
 Vektor indexu spary mezi bloky:
0		1		2		3		4		5		6		7		8		9		10		11		12		13		14		15		16		17		18		19		20		21		22		23		24		25		26		27		28		29		30		31		32		33		34		35		36		37		38		39		40		
 Vektor normalovych sil ve sparach (+ znaci tlak):
9.996935	9.834220	9.657582	9.468444	9.268383	9.058729	8.841297	8.617256	8.388090	8.155292	7.920011	7.683729	7.447581	5.638619	5.623101	5.614902	5.614365	5.621463	5.636758	5.660684	5.692563	5.732701	5.780933	5.837069	5.900541	5.971597	6.048969	6.132332	6.221367	6.315126	6.412647	6.513192	6.615901	6.720001	6.824055	6.927073	7.027976	7.125530	7.218585	7.305839	7.386085	
 Vektor vzdalenosti N od hornoho povrchu klenby:
0.132962	0.138768	0.141694	0.141740	0.138882	0.133077	0.124262	0.112356	0.097262	0.078866	0.057045	0.031655	0.002550	0.017729	0.033718	0.048737	0.062769	0.075798	0.087799	0.098742	0.108582	0.117280	0.124790	0.131066	0.136061	0.139730	0.142028	0.142915	0.142339	0.140262	0.136637	0.131421	0.124561	0.116004	0.105693	0.093562	0.079533	0.063520	0.045422	0.025125	0.002493	
 Vektor posouvajicich sil ve sparach:
-0.801450	-0.401147	-0.019722	0.342463	0.685200	1.008354	1.311893	1.595896	1.860510	2.106021	2.332789	2.541260	2.731924	-1.195384	-1.115169	-1.039248	-0.966647	-0.896358	-0.827322	-0.758544	-0.688903	-0.617378	-0.542924	-0.464482	-0.381053	-0.291618	-0.195217	-0.090894	0.022188	0.144908	0.278056	0.422363	0.578467	0.747016	0.928497	1.123401	1.332060	1.554757	1.791731	2.043092	2.308805	
 Vektor e_min:
0.003332	0.003278	0.003219	0.003156	0.003089	0.003020	0.002947	0.002872	0.002796	0.002718	0.002640	0.002561	0.002483	0.001880	0.001874	0.001872	0.001871	0.001874	0.001879	0.001887	0.001898	0.001911	0.001927	0.001946	0.001967	0.001991	0.002016	0.002044	0.002074	0.002105	0.002138	0.002171	0.002205	0.002240	0.002275	0.002309	0.002343	0.002375	0.002406	0.002435	0.002462	

 * Iterace c. 2 * Delta = -0.005939 *
 icase = 0
         0 -> O.K.,
        -1 -> nelze splnit omezujici podminky,
        +1 -> cilova funkce je na polyedru neomezena.
 lambda = 4.398491
 pocet bloku N = 40
 Vektor lokalnich deformaci:
   5: fi 02 int = 1.939721
  26: fi 12 ext = 4.728644
  55: fi 27 int = 5.388949
  82: fi 40 ext = 2.600025
 Vektor indexu spary mezi bloky:
0		1		2		3		4		5		6		7		8		9		10		11		12		13		14		15		16		17		18		19		20		21		22		23		24		25		26		27		28		29		30		31		32		33		34		35		36		37		38		39		40		
 Vektor normalovych sil ve sparach (+ znaci tlak):
10.002411	9.839689	9.662977	9.473759	9.273623	9.063897	8.846386	8.622255	8.392901	8.159912	7.924412	7.687942	7.451651	5.640320	5.625065	5.616775	5.616282	5.623683	5.639029	5.662772	5.694671	5.734979	5.783313	5.839260	5.903012	5.973819	6.051190	6.134746	6.223629	6.317376	6.414945	6.515574	6.618311	6.722225	6.826301	6.929206	7.030103	7.127539	7.220579	7.307760	7.387897	
 Vektor vzdalenosti N od hornoho povrchu klenby:
0.133064	0.138862	0.141781	0.141818	0.138950	0.133134	0.124306	0.112387	0.097279	0.078865	0.057023	0.031612	0.002483	0.017658	0.033663	0.048694	0.062742	0.075786	0.087798	0.098751	0.108600	0.117304	0.124817	0.131099	0.136098	0.139770	0.142073	0.142956	0.142381	0.140301	0.136671	0.131450	0.124588	0.116027	0.105712	0.093573	0.079537	0.063516	0.045411	0.025104	0.002462	
 Vektor posouvajicich sil ve sparach:
-0.800796	-0.400210	-0.018496	0.343977	0.686977	1.010398	1.314217	1.598467	1.863323	2.109093	2.336099	2.544785	2.735674	-1.196976	-1.116654	-1.040649	-0.967940	-0.897545	-0.828412	-0.759511	-0.689760	-0.618126	-0.543546	-0.464984	-0.381425	-0.291880	-0.195349	-0.090920	0.022279	0.145145	0.278403	0.422817	0.579065	0.747715	0.929334	1.124345	1.333096	1.555922	1.793015	2.044459	2.310297	
 Vektor e_min:
0.003334	0.003280	0.003221	0.003158	0.003091	0.003021	0.002949	0.002874	0.002798	0.002720	0.002641	0.002563	0.002484	0.001880	0.001875	0.001872	0.001872	0.001875	0.001880	0.001888	0.001898	0.001912	0.001928	0.001946	0.001968	0.001991	0.002017	0.002045	0.002075	0.002106	0.002138	0.002172	0.002206	0.002241	0.002275	0.002310	0.002343	0.002376	0.002407	0.002436	0.002463	
