 icase = 0
         0 -> O.K.,
        -1 -> nelze splnit omezujici podminky,
        +1 -> cilova funkce je na polyedru neomezena.
 lambda = 7.309733
 pocet bloku N = 40
 Vektor lokalnich deformaci:
   2: fi 00 ext = 2.898558
  31: fi 15 int = 6.006729
  66: fi 32 ext = 6.777914
  81: fi 40 int = 3.669743
 Vektor indexu spary mezi bloky:
0		1		2		3		4		5		6		7		8		9		10		11		12		13		14		15		16		17		18		19		20		21		22		23		24		25		26		27		28		29		30		31		32		33		34		35		36		37		38		39		40		
 Vektor normalovych sil ve sparach (+ znaci tlak):
6.934293	6.844165	6.748122	6.647565	6.543786	6.438249	6.331686	6.225609	6.121058	6.018777	5.919813	5.825657	5.736897	5.653664	5.577691	5.508780	5.447717	5.395229	5.351539	5.316696	5.291255	5.274665	5.268072	5.270563	5.282272	5.302256	5.330832	5.367801	5.412413	5.463603	5.521028	5.584195	5.651947	10.323697	10.689012	11.042767	11.383084	11.708165	12.016231	12.305365	12.573694	
 Vektor vzdalenosti N od hornoho povrchu klenby:
0.000000	0.021837	0.041502	0.059134	0.074851	0.088758	0.100945	0.111498	0.120492	0.127987	0.134067	0.138769	0.142157	0.144296	0.145218	0.145000	0.143674	0.141303	0.137918	0.133576	0.128319	0.122190	0.115200	0.107402	0.098797	0.089400	0.079210	0.068211	0.056389	0.043704	0.030117	0.015574	0.000000	0.009058	0.041742	0.069487	0.092658	0.111561	0.126453	0.137544	0.145000	
 Vektor posouvajicich sil ve sparach:
-2.106211	-1.864387	-1.637462	-1.425295	-1.227792	-1.044591	-0.875416	-0.719775	-0.577139	-0.446911	-0.328476	-0.221034	-0.123814	-0.035957	0.043481	0.115429	0.180882	0.240899	0.296545	0.348830	0.398955	0.448001	0.497007	0.547204	0.599595	0.655308	0.715374	0.780843	0.852778	0.931985	1.019480	1.116131	1.222672	-4.340901	-3.963779	-3.559925	-3.129464	-2.672682	-2.190075	-1.682156	-1.149704	

 * Iterace c. 1 * Delta = 0.378201 *
 icase = 0
         0 -> O.K.,
        -1 -> nelze splnit omezujici podminky,
        +1 -> cilova funkce je na polyedru neomezena.
 lambda = 6.931532
 pocet bloku N = 40
 Vektor lokalnich deformaci:
   2: fi 00 ext = 3.051474
  29: fi 14 int = 5.944440
  66: fi 32 ext = 6.514434
  81: fi 40 int = 3.621468
 Vektor indexu spary mezi bloky:
0		1		2		3		4		5		6		7		8		9		10		11		12		13		14		15		16		17		18		19		20		21		22		23		24		25		26		27		28		29		30		31		32		33		34		35		36		37		38		39		40		
 Vektor normalovych sil ve sparach (+ znaci tlak):
6.890387	6.797452	6.698933	6.596041	6.490047	6.382323	6.273848	6.165772	6.059440	5.955894	5.855884	5.760683	5.670346	5.586765	5.510186	5.440601	5.379722	5.326938	5.283297	5.248933	5.224323	5.208516	5.202390	5.206042	5.218636	5.240266	5.270799	5.309662	5.355764	5.408955	5.469039	5.534388	5.604457	10.040812	10.393999	10.736292	11.066061	11.381310	11.680484	11.961586	12.222924	
 Vektor vzdalenosti N od hornoho povrchu klenby:
0.002311	0.023710	0.042959	0.060193	0.075528	0.089068	0.100909	0.111131	0.119811	0.127018	0.132821	0.137273	0.140447	0.142375	0.143141	0.142790	0.141361	0.138924	0.135523	0.131209	0.126016	0.119995	0.113181	0.105585	0.097233	0.088130	0.078276	0.067665	0.056265	0.044037	0.030941	0.016914	0.001884	0.009805	0.041543	0.068450	0.090868	0.109093	0.123365	0.133885	0.140809	
 Vektor posouvajicich sil ve sparach:
-2.053976	-1.814546	-1.590135	-1.380606	-1.185846	-1.005522	-0.839285	-0.686736	-0.547323	-0.420366	-0.305211	-0.201165	-0.107424	-0.023020	0.052867	0.121278	0.183179	0.239607	0.291664	0.340423	0.387032	0.432546	0.478130	0.524873	0.573933	0.626362	0.683254	0.745650	0.814503	0.890809	0.975568	1.069491	1.173495	-4.098544	-3.736606	-3.348465	-2.934293	-2.494471	-2.029188	-1.539056	-1.024765	

 * Iterace c. 2 * Delta = -0.007041 *
 icase = 0
         0 -> O.K.,
        -1 -> nelze splnit omezujici podminky,
        +1 -> cilova funkce je na polyedru neomezena.
 lambda = 6.938573
 pocet bloku N = 40
 Vektor lokalnich deformaci:
   2: fi 00 ext = 3.053419
  29: fi 14 int = 5.947762
  66: fi 32 ext = 6.517242
  81: fi 40 int = 3.622899
 Vektor indexu spary mezi bloky:
0		1		2		3		4		5		6		7		8		9		10		11		12		13		14		15		16		17		18		19		20		21		22		23		24		25		26		27		28		29		30		31		32		33		34		35		36		37		38		39		40		
 Vektor normalovych sil ve sparach (+ znaci tlak):
6.890783	6.797983	6.699455	6.596466	6.490687	6.382832	6.274195	6.166324	6.059925	5.956554	5.856600	5.761215	5.671218	5.587516	5.510788	5.441437	5.380048	5.327691	5.284337	5.249683	5.224176	5.208941	5.202862	5.206496	5.219223	5.240858	5.271322	5.309666	5.356213	5.409781	5.469509	5.534857	5.605104	10.045878	10.399027	10.741541	11.071436	11.387064	11.686389	11.967695	12.229217	
 Vektor vzdalenosti N od hornoho povrchu klenby:
0.002297	0.023700	0.042953	0.060189	0.075527	0.089073	0.100915	0.111140	0.119825	0.127031	0.132834	0.137294	0.140460	0.142402	0.143163	0.142811	0.141391	0.138948	0.135548	0.131232	0.126051	0.120024	0.113202	0.105600	0.097245	0.088146	0.078283	0.067669	0.056260	0.044029	0.030929	0.016901	0.001868	0.009804	0.041562	0.068489	0.090926	0.109167	0.123455	0.133988	0.140926	
 Vektor posouvajicich sil ve sparach:
-2.054443	-1.814978	-1.590527	-1.381007	-1.186203	-1.005850	-0.839640	-0.687028	-0.547531	-0.420586	-0.305402	-0.201315	-0.107519	-0.023121	0.052816	0.121275	0.183190	0.239658	0.291748	0.340544	0.387154	0.432711	0.478320	0.525135	0.574214	0.626685	0.683566	0.746022	0.814902	0.891248	0.976007	1.069955	1.174004	-4.103502	-3.741320	-3.352917	-2.938465	-2.498294	-2.032717	-1.542312	-1.027673	
