 icase = 0
         0 -> O.K.,
        -1 -> nelze splnit omezujici podminky,
        +1 -> cilova funkce je na polyedru neomezena.
 lambda = 5.447847
 pocet bloku N = 40
 Vektor lokalnich deformaci:
   2: fi 00 ext = 2.758852
  29: fi 14 int = 5.923372
  60: fi 29 ext = 5.471613
  79: fi 39 int = 2.307094
 Vektor indexu spary mezi bloky:
0		1		2		3		4		5		6		7		8		9		10		11		12		13		14		15		16		17		18		19		20		21		22		23		24		25		26		27		28		29		30		31		32		33		34		35		36		37		38		39		40		
 Vektor normalovych sil ve sparach (+ znaci tlak):
7.299091	7.218599	7.131211	7.038222	6.941071	6.840794	6.738576	6.635794	6.533274	6.432017	6.332871	6.237388	6.146165	6.059382	5.978530	5.903917	5.836148	5.775762	5.723079	5.678176	5.641779	5.613433	5.593727	5.582416	5.579507	5.584227	5.596598	5.616643	5.643638	5.676544	8.439025	8.726012	9.009099	9.286582	9.557189	9.819253	10.071356	10.311700	10.538883	10.751196	10.946972	
 Vektor vzdalenosti N od hornoho povrchu klenby:
0.000000	0.022808	0.043307	0.061633	0.077906	0.092226	0.104681	0.115350	0.124301	0.131591	0.137287	0.141427	0.144059	0.145238	0.145000	0.143395	0.140462	0.136248	0.130798	0.124158	0.116366	0.107473	0.097508	0.086516	0.074522	0.061549	0.047610	0.032713	0.016851	0.000000	0.002424	0.033591	0.060448	0.083243	0.102197	0.117498	0.129308	0.137761	0.142965	0.145000	0.143919	
 Vektor posouvajicich sil ve sparach:
-2.300328	-2.039141	-1.792389	-1.559973	-1.341815	-1.137687	-0.947297	-0.770258	-0.606084	-0.454261	-0.314186	-0.185155	-0.066429	0.042767	0.143309	0.236120	0.322093	0.402246	0.477569	0.549053	0.617819	0.684908	0.751311	0.818200	0.886550	0.957436	1.031845	1.110794	1.195280	1.286131	-3.333696	-3.078370	-2.801651	-2.503266	-2.182957	-1.840776	-1.476694	-1.090817	-0.683493	-0.254952	0.194212	

 * Iterace c. 1 * Delta = 0.262922 *
 icase = 0
         0 -> O.K.,
        -1 -> nelze splnit omezujici podminky,
        +1 -> cilova funkce je na polyedru neomezena.
 lambda = 5.184925
 pocet bloku N = 40
 Vektor lokalnich deformaci:
   2: fi 00 ext = 2.688170
  29: fi 14 int = 5.791667
  60: fi 29 ext = 5.394683
  79: fi 39 int = 2.291187
 Vektor indexu spary mezi bloky:
0		1		2		3		4		5		6		7		8		9		10		11		12		13		14		15		16		17		18		19		20		21		22		23		24		25		26		27		28		29		30		31		32		33		34		35		36		37		38		39		40		
 Vektor normalovych sil ve sparach (+ znaci tlak):
7.235552	7.151749	7.061282	6.965375	6.865412	6.762762	6.658257	6.553174	6.448887	6.345842	6.245742	6.148723	6.056431	5.969353	5.888034	5.813350	5.745701	5.685461	5.633115	5.589285	5.553722	5.526780	5.508910	5.499045	5.498126	5.504930	5.520054	5.542668	5.572257	5.608566	8.242946	8.521646	8.796665	9.067092	9.330974	9.587369	9.834148	10.069698	10.292890	10.501851	10.694954	
 Vektor vzdalenosti N od hornoho povrchu klenby:
0.002433	0.024757	0.044799	0.062695	0.078561	0.092500	0.104599	0.114933	0.123574	0.130584	0.136016	0.139928	0.142362	0.143375	0.143007	0.141305	0.138323	0.134104	0.128695	0.122141	0.114496	0.105795	0.096083	0.085398	0.073769	0.061213	0.047754	0.033384	0.018103	0.001892	0.003670	0.034008	0.060143	0.082301	0.100691	0.115488	0.126846	0.134891	0.139722	0.141416	0.140021	
 Vektor posouvajicich sil ve sparach:
-2.235543	-1.977811	-1.734615	-1.505975	-1.291686	-1.091579	-0.905354	-0.732549	-0.572760	-0.425421	-0.289871	-0.165468	-0.051396	0.053113	0.148914	0.236983	0.318205	0.393613	0.464212	0.531053	0.595173	0.657689	0.719625	0.782086	0.846136	0.912819	0.983164	1.058197	1.138836	1.226052	-3.169502	-2.924734	-2.658893	-2.371809	-2.063211	-1.732963	-1.381202	-1.007908	-0.613363	-0.197784	0.238285	

 * Iterace c. 2 * Delta = -0.004081 *
 icase = 0
         0 -> O.K.,
        -1 -> nelze splnit omezujici podminky,
        +1 -> cilova funkce je na polyedru neomezena.
 lambda = 5.189006
 pocet bloku N = 40
 Vektor lokalnich deformaci:
   2: fi 00 ext = 2.689352
  29: fi 14 int = 5.793849
  60: fi 29 ext = 5.396059
  79: fi 39 int = 2.291562
 Vektor indexu spary mezi bloky:
0		1		2		3		4		5		6		7		8		9		10		11		12		13		14		15		16		17		18		19		20		21		22		23		24		25		26		27		28		29		30		31		32		33		34		35		36		37		38		39		40		
 Vektor normalovych sil ve sparach (+ znaci tlak):
7.236320	7.152551	7.062088	6.966243	6.866375	6.763691	6.659193	6.554148	6.449795	6.346797	6.246943	6.150092	6.057375	5.970429	5.889288	5.814285	5.746519	5.686512	5.634309	5.590372	5.554892	5.528003	5.509444	5.500123	5.498906	5.506303	5.521062	5.543612	5.573094	5.609331	8.245665	8.524412	8.799613	9.070223	9.334486	9.590796	9.837551	10.073367	10.296609	10.505553	10.698746	
 Vektor vzdalenosti N od hornoho povrchu klenby:
0.002412	0.024741	0.044789	0.062690	0.078562	0.092505	0.104605	0.114946	0.123589	0.130604	0.136037	0.139949	0.142394	0.143403	0.143037	0.141340	0.138359	0.134136	0.128727	0.122171	0.114520	0.105818	0.096104	0.085415	0.073778	0.061221	0.047755	0.033380	0.018088	0.001870	0.003658	0.034013	0.060160	0.082331	0.100732	0.115539	0.126906	0.134959	0.139798	0.141499	0.140110	
 Vektor posouvajicich sil ve sparach:
-2.236340	-1.978531	-1.735323	-1.506599	-1.292244	-1.092086	-0.905819	-0.733006	-0.573128	-0.425752	-0.290140	-0.165659	-0.051559	0.053021	0.148876	0.236982	0.318281	0.393742	0.464379	0.531296	0.595480	0.658034	0.720046	0.782543	0.846645	0.913360	0.983777	1.058835	1.139522	1.226804	-3.172292	-2.927322	-2.661351	-2.374100	-2.065332	-1.734935	-1.382941	-1.009478	-0.614716	-0.198984	0.237284	
