Vstupni soubor: zlamal6_12.in
***kopie vstupniho souboru***

 2.472500
 0.713750
 1
 0.145000
 20.000000
 0.600000
 40
 1
 2.4 1.000000 0.200000
 0.500000
 0.000000
 0 30.000000
 0 0.600000 0.400000 2.400000
 1
 4 2000.000000 inter4.txt
*****************************
Ortoganalni souradnice intrados a extrados:
X_int	Y_int	X_ext	Y_ext
0.000000	0.000000	-0.125574	0.072500
0.039049	0.063722	-0.082558	0.142695
0.081379	0.125313	-0.035928	0.210542
0.126875	0.184605	0.014189	0.275856
0.175412	0.241434	0.067656	0.338458
0.226856	0.295645	0.124325	0.398175
0.281067	0.347089	0.184043	0.454845
0.337896	0.395626	0.246644	0.508312
0.397187	0.441122	0.311958	0.558429
0.458778	0.483452	0.379806	0.605059
0.522501	0.522501	0.450001	0.648075
0.588179	0.558162	0.522350	0.687358
0.655634	0.590336	0.596657	0.722800
0.724680	0.618936	0.672717	0.754305
0.795129	0.643883	0.750321	0.781786
0.866786	0.665109	0.829257	0.805168
0.939456	0.682556	0.909309	0.824387
1.012940	0.696175	0.990257	0.839390
1.087036	0.705930	1.071879	0.850136
1.161541	0.711794	1.153952	0.856595
1.236250	0.713750	1.236250	0.858750
1.310960	0.711794	1.318548	0.856595
1.385464	0.705930	1.400621	0.850136
1.459560	0.696175	1.482243	0.839390
1.533044	0.682556	1.563191	0.824387
1.605714	0.665109	1.643243	0.805168
1.677372	0.643883	1.722179	0.781786
1.747820	0.618936	1.799783	0.754305
1.816866	0.590336	1.875843	0.722800
1.884321	0.558162	1.950150	0.687358
1.949999	0.522501	2.022500	0.648075
2.013722	0.483452	2.092694	0.605059
2.075313	0.441122	2.160542	0.558429
2.134604	0.395626	2.225856	0.508312
2.191433	0.347089	2.288457	0.454845
2.245644	0.295645	2.348175	0.398175
2.297088	0.241434	2.404845	0.338458
2.345625	0.184605	2.458311	0.275856
2.391121	0.125313	2.508428	0.210542
2.433451	0.063722	2.555058	0.142695
2.472500	0.000000	2.598074	0.072500
Vlastni tiha klenby - jednotlive bloky:
X_p	Y_p	P
-0.043266	0.070339	0.227661
-0.000477	0.136230	0.227661
0.045702	0.199790	0.227661
0.095145	0.260847	0.227661
0.147715	0.319232	0.227661
0.203269	0.374786	0.227661
0.261654	0.427356	0.227661
0.322711	0.476799	0.227661
0.386271	0.522978	0.227661
0.452161	0.565768	0.227661
0.520200	0.605050	0.227661
0.590202	0.640718	0.227661
0.661975	0.672673	0.227661
0.735322	0.700828	0.227661
0.810042	0.725106	0.227661
0.885929	0.745440	0.227661
0.962778	0.761775	0.227662
1.040376	0.774065	0.227661
1.118510	0.782278	0.227661
1.196967	0.786389	0.227661
1.275532	0.786389	0.227661
1.353990	0.782278	0.227661
1.432125	0.774065	0.227661
1.509722	0.761775	0.227662
1.586570	0.745440	0.227661
1.662459	0.725106	0.227661
1.737178	0.700828	0.227661
1.810525	0.672673	0.227661
1.882298	0.640718	0.227661
1.952299	0.605050	0.227661
2.020339	0.565768	0.227661
2.086229	0.522978	0.227661
2.149790	0.476799	0.227661
2.210846	0.427356	0.227661
2.269231	0.374786	0.227661
2.324785	0.319232	0.227661
2.377355	0.260846	0.227661
2.426798	0.199790	0.227661
2.472977	0.136230	0.227662
2.515766	0.070339	0.227661
Tiha nadnasypu pusobici na bloky:
P	h_ver	X_p	Y_p
0.000000	0.070195	-0.104267	0.107269
0.000000	0.067847	-0.059466	0.176294
0.000000	0.065314	-0.011114	0.242881
0.000000	0.062602	0.040657	0.306846
0.000000	0.059718	0.095706	0.368017
0.000000	0.056670	0.153882	0.426223
0.000000	0.053467	0.215026	0.481307
0.000000	0.050117	0.278971	0.533117
0.000000	0.046630	0.345543	0.581511
0.000000	0.043015	0.414559	0.626357
0.000000	0.039283	0.485833	0.667530
0.000000	0.035442	0.559168	0.704919
0.000000	0.031505	0.634365	0.738419
0.000000	0.027481	0.711218	0.767939
0.000000	0.023382	0.789517	0.793397
0.000000	0.019219	0.869048	0.814721
0.000000	0.015003	0.949591	0.831853
0.000000	0.010746	1.030926	0.844744
0.000000	0.006459	1.112828	0.853358
0.000000	0.002155	1.195071	0.857672
0.000000	-0.002155	1.277429	0.857672
0.000000	-0.006459	1.359672	0.853358
0.000000	-0.010746	1.441574	0.844744
0.000000	-0.015003	1.522909	0.831853
0.000000	-0.019219	1.603452	0.814721
0.000000	-0.023382	1.682983	0.793397
0.000000	-0.027481	1.761282	0.767939
0.000000	-0.031505	1.838135	0.738420
0.000000	-0.035442	1.913332	0.704919
0.000000	-0.039283	1.986668	0.667530
0.000000	-0.043016	2.057940	0.626357
0.000000	-0.046630	2.126957	0.581511
0.000000	-0.050117	2.193529	0.533117
0.000000	-0.053467	2.257474	0.481307
0.000000	-0.056670	2.318619	0.426223
0.000000	-0.059718	2.376793	0.368017
0.000000	-0.062602	2.431843	0.306846
0.000000	-0.065314	2.483614	0.242880
0.000000	-0.067848	2.531968	0.176292
0.000000	-0.070195	2.576767	0.107270
Vnejsi zatizeni pusobici na bloky:
X_q	Y_q	Q
-0.125574	0.072500	0.000000
-0.082558	0.142695	0.000000
-0.035928	0.210542	0.000000
0.014189	0.275856	0.000000
0.067656	0.338458	0.000000
0.124325	0.398175	0.000000
0.184043	0.454845	0.000000
0.246644	0.508312	0.000000
0.311958	0.558429	0.000000
0.379806	0.605059	0.000000
0.450001	0.648075	0.000000
0.522350	0.687358	0.000000
0.596657	0.722800	0.000000
0.672717	0.754305	0.000000
0.750321	0.781786	0.000000
0.829257	0.805168	0.000000
0.909309	0.824387	0.000000
0.990257	0.839390	0.000000
1.071879	0.850136	0.000000
1.153952	0.856595	0.000000
1.236250	0.858750	0.000000
1.318548	0.856595	0.000000
1.400621	0.850136	0.000000
1.482243	0.839390	0.000000
1.563191	0.824387	0.000000
1.643243	0.805168	0.000000
1.722179	0.781786	0.000000
1.799783	0.754305	0.000000
1.875843	0.722800	0.000000
1.950150	0.687358	0.000000
2.022500	0.648075	0.000000
2.092694	0.605059	0.000000
2.160542	0.558429	0.000000
2.225856	0.508312	0.000000
2.288457	0.454845	0.000000
2.400000	0.332876	1.000000
2.404845	0.338458	0.000000
2.458311	0.275856	0.000000
2.508428	0.210542	0.000000
2.555058	0.142695	0.000000
Ortogonalni lokalni souradnice jednotlivych bloku:
a	alfa	b	beta
0.072500	2.617995	0.078531	1.021018
0.072500	2.565635	0.078531	0.968659
0.072500	2.513275	0.078531	0.916299
0.072500	2.460915	0.078531	0.863939
0.072500	2.408555	0.078531	0.811579
0.072500	2.356195	0.078531	0.759219
0.072500	2.303835	0.078531	0.706859
0.072500	2.251475	0.078531	0.654500
0.072500	2.199115	0.078531	0.602139
0.072500	2.146756	0.078531	0.549778
0.072500	2.094395	0.078531	0.497420
0.072500	2.042036	0.078531	0.445059
0.072500	1.989676	0.078531	0.392700
0.072500	1.937316	0.078531	0.340338
0.072500	1.884957	0.078531	0.287981
0.072500	1.832596	0.078531	0.235619
0.072500	1.780236	0.078531	0.183260
0.072500	1.727876	0.078531	0.130899
0.072500	1.675516	0.078531	0.078541
0.072500	1.623156	0.078531	0.026179
0.072500	1.570796	0.078531	-0.026179
0.072500	1.518436	0.078531	-0.078540
0.072500	1.466077	0.078531	-0.130900
0.072500	1.413716	0.078531	-0.183260
0.072500	1.361356	0.078531	-0.235619
0.072500	1.308997	0.078531	-0.287979
0.072500	1.256637	0.078531	-0.340341
0.072500	1.204276	0.078531	-0.392699
0.072500	1.151917	0.078531	-0.445058
0.072500	1.099557	0.078531	-0.497421
0.072500	1.047197	0.078531	-0.549780
0.072500	0.994838	0.078531	-0.602137
0.072500	0.942477	0.078531	-0.654499
0.072500	0.890118	0.078531	-0.706859
0.072500	0.837758	0.078531	-0.759219
0.072500	0.785397	0.078531	-0.811578
0.072500	0.733037	0.078531	-0.863940
0.072500	0.680678	0.078531	-0.916301
0.072500	0.628319	0.078531	-0.968656
0.072500	0.575958	0.078531	-1.021019
0.072500	0.523597	1.000000	-1.047199
Transformovane zatizeni vlastni tihou klenby:
Px	Py	Mp
0.000000	0.227661	0.004444
0.000000	0.227661	0.004844
0.000000	0.227661	0.005231
0.000000	0.227661	0.005603
0.000000	0.227661	0.005961
0.000000	0.227661	0.006301
0.000000	0.227661	0.006625
0.000000	0.227661	0.006930
0.000000	0.227661	0.007216
0.000000	0.227661	0.007483
0.000000	0.227661	0.007729
0.000000	0.227661	0.007954
0.000000	0.227661	0.008157
0.000000	0.227661	0.008338
0.000000	0.227661	0.008496
0.000000	0.227661	0.008630
0.000000	0.227662	0.008741
0.000000	0.227661	0.008828
0.000000	0.227661	0.008891
0.000000	0.227661	0.008929
0.000000	0.227661	0.008943
0.000000	0.227661	0.008933
0.000000	0.227661	0.008897
0.000000	0.227662	0.008838
0.000000	0.227661	0.008754
0.000000	0.227661	0.008647
0.000000	0.227661	0.008515
0.000000	0.227661	0.008360
0.000000	0.227661	0.008183
0.000000	0.227661	0.007983
0.000000	0.227661	0.007761
0.000000	0.227661	0.007518
0.000000	0.227661	0.007254
0.000000	0.227661	0.006970
0.000000	0.227661	0.006667
0.000000	0.227661	0.006346
0.000000	0.227661	0.006008
0.000000	0.227661	0.005653
0.000000	0.227662	0.005282
0.000000	0.227661	0.004897
0.000000	0.000000	0.000000
Transformovane zatizeni nadnasypem:
Px	Py	Mp
0.000000	0.000000	0.000000
0.000000	0.000000	0.000000
0.000000	0.000000	0.000000
0.000000	0.000000	0.000000
0.000000	0.000000	0.000000
0.000000	0.000000	0.000000
0.000000	0.000000	0.000000
0.000000	0.000000	0.000000
0.000000	0.000000	0.000000
0.000000	0.000000	0.000000
0.000000	0.000000	0.000000
0.000000	0.000000	0.000000
0.000000	0.000000	0.000000
0.000000	0.000000	0.000000
0.000000	0.000000	0.000000
0.000000	0.000000	0.000000
0.000000	0.000000	0.000000
0.000000	0.000000	0.000000
0.000000	0.000000	0.000000
0.000000	0.000000	0.000000
0.000000	0.000000	0.000000
0.000000	0.000000	0.000000
0.000000	0.000000	0.000000
0.000000	0.000000	0.000000
0.000000	0.000000	0.000000
0.000000	0.000000	0.000000
0.000000	0.000000	0.000000
0.000000	0.000000	0.000000
0.000000	0.000000	0.000000
0.000000	0.000000	0.000000
0.000000	0.000000	0.000000
0.000000	0.000000	0.000000
0.000000	0.000000	0.000000
0.000000	0.000000	0.000000
0.000000	0.000000	0.000000
0.000000	0.000000	0.000000
0.000000	0.000000	0.000000
0.000000	0.000000	0.000000
0.000000	0.000000	0.000000
0.000000	0.000000	0.000000
0.000000	0.000000	0.000000
Transformovane zatizeni vnejsich sil:
Qx	Qy	Mq
0.000000	0.000000	0.000000
0.000000	0.000000	0.000000
0.000000	0.000000	0.000000
0.000000	0.000000	0.000000
0.000000	0.000000	0.000000
0.000000	0.000000	0.000000
0.000000	0.000000	0.000000
0.000000	0.000000	0.000000
0.000000	0.000000	0.000000
0.000000	0.000000	0.000000
0.000000	0.000000	0.000000
0.000000	0.000000	0.000000
0.000000	0.000000	0.000000
0.000000	0.000000	0.000000
0.000000	0.000000	0.000000
0.000000	0.000000	0.000000
0.000000	0.000000	0.000000
0.000000	0.000000	0.000000
0.000000	0.000000	0.000000
0.000000	0.000000	0.000000
0.000000	0.000000	0.000000
0.000000	0.000000	0.000000
0.000000	0.000000	0.000000
0.000000	0.000000	0.000000
0.000000	0.000000	0.000000
0.000000	0.000000	0.000000
0.000000	0.000000	0.000000
0.000000	0.000000	0.000000
0.000000	0.000000	0.000000
0.000000	0.000000	0.000000
0.000000	0.000000	0.000000
0.000000	0.000000	0.000000
0.000000	0.000000	0.000000
0.000000	0.000000	0.000000
0.000000	0.000000	0.000000
0.000000	1.000000	0.103091
0.000000	0.000000	0.000000
0.000000	0.000000	0.000000
0.000000	0.000000	0.000000
0.000000	0.000000	0.000000
0.000000	0.000000	0.000000

*** vysledky vypoctu ***
 icase = 0
         0 -> O.K.,
        -1 -> nelze splnit omezujici podminky,
        +1 -> cilova funkce je na polyedru neomezena.
 lambda = 21.375492
 pocet bloku N = 40
 Vektor lokalnich deformaci:
   2: fi 00 ext = 5.672404
  33: fi 16 int = 10.493377
  74: fi 36 ext = 19.946556
  81: fi 40 int = 15.125582
 Vektor indexu spary mezi bloky:
0		1		2		3		4		5		6		7		8		9		10		11		12		13		14		15		16		17		18		19		20		21		22		23		24		25		26		27		28		29		30		31		32		33		34		35		36		37		38		39		40		
 Vektor normalovych sil ve sparach (+ znaci tlak):
6.657405	6.559660	6.456701	6.349597	6.240851	6.130847	6.020806	5.911605	5.805414	5.701696	5.602401	5.509350	5.422123	5.341046	5.268755	5.203657	5.147428	5.100547	5.064119	5.036447	5.019122	5.011630	5.014658	5.027122	5.050549	5.081861	5.122581	5.172282	5.229909	5.295290	5.366585	5.444394	5.527560	5.614659	5.704634	5.796497	21.774597	22.594261	23.367184	24.090065	24.759775	
 Vektor vzdalenosti N od hornoho povrchu klenby:
0.000000	0.020940	0.039817	0.056768	0.071922	0.085381	0.097239	0.107597	0.116522	0.124093	0.130408	0.135499	0.139432	0.142301	0.144136	0.145019	0.145000	0.144120	0.142405	0.139959	0.136760	0.132888	0.128313	0.123092	0.117202	0.110652	0.103408	0.095456	0.086747	0.077244	0.066880	0.055608	0.043332	0.029975	0.015439	-0.000376	0.000000	0.045552	0.084451	0.117408	0.145000	
 Vektor posouvajicich sil ve sparach:
-1.951901	-1.724681	-1.512936	-1.316157	-1.134381	-0.967201	-0.814158	-0.674911	-0.548726	-0.435056	-0.333251	-0.242364	-0.161684	-0.090240	-0.027088	0.028802	0.078427	0.122867	0.163279	0.200677	0.236351	0.271395	0.306820	0.344022	0.383953	0.427835	0.476659	0.531508	0.593597	0.663573	0.742566	0.831572	0.931169	1.042251	1.165535	1.301459	-12.852301	-11.838282	-10.773429	-9.659691	-8.499519	
 Vektor e_min:
0.002219	0.002187	0.002152	0.002117	0.002080	0.002044	0.002007	0.001971	0.001935	0.001901	0.001867	0.001836	0.001807	0.001780	0.001756	0.001735	0.001716	0.001700	0.001688	0.001679	0.001673	0.001671	0.001672	0.001676	0.001684	0.001694	0.001708	0.001724	0.001743	0.001765	0.001789	0.001815	0.001843	0.001872	0.001902	0.001932	0.007258	0.007531	0.007789	0.008030	0.008253	

 * Iterace c. 1 * Delta = 5.267267 *
 icase = 0
         0 -> O.K.,
        -1 -> nelze splnit omezujici podminky,
        +1 -> cilova funkce je na polyedru neomezena.
 lambda = 16.108225
 pocet bloku N = 40
 Vektor lokalnich deformaci:
   2: fi 00 ext = 4.446862
  33: fi 16 int = 8.366302
  74: fi 36 ext = 16.362028
  81: fi 40 int = 12.442591
 Vektor indexu spary mezi bloky:
0		1		2		3		4		5		6		7		8		9		10		11		12		13		14		15		16		17		18		19		20		21		22		23		24		25		26		27		28		29		30		31		32		33		34		35		36		37		38		39		40		
 Vektor normalovych sil ve sparach (+ znaci tlak):
6.512184	6.408922	6.301044	6.189763	6.076844	5.962901	5.849647	5.738343	5.629385	5.524872	5.423604	5.329460	5.242383	5.161436	5.089245	5.026020	4.971593	4.927608	4.892921	4.868166	4.854140	4.851284	4.858326	4.876293	4.904365	4.941764	4.988374	5.044612	5.108881	5.181541	5.260248	5.346169	5.436995	5.532080	5.630766	5.731513	17.804403	18.453907	19.068037	19.643932	20.178913	
 Vektor vzdalenosti N od hornoho povrchu klenby:
0.002219	0.022370	0.040521	0.056806	0.071351	0.084266	0.095645	0.105586	0.114176	0.121484	0.127617	0.132633	0.136569	0.139561	0.141637	0.142846	0.143284	0.142971	0.141992	0.140370	0.138141	0.135310	0.131929	0.127969	0.123443	0.118336	0.112622	0.106249	0.099169	0.091333	0.082676	0.073112	0.062578	0.050978	0.038210	0.024180	0.007258	0.048282	0.083153	0.112477	0.136747	
 Vektor posouvajicich sil ve sparach:
-1.845651	-1.626366	-1.422435	-1.233967	-1.060727	-0.902255	-0.758131	-0.627768	-0.510792	-0.406424	-0.313942	-0.232444	-0.161236	-0.099171	-0.045399	0.001133	0.041489	0.076786	0.108121	0.136676	0.163622	0.190133	0.217336	0.246467	0.278573	0.314980	0.356601	0.404695	0.460128	0.524034	0.597364	0.680850	0.775617	0.882149	1.001302	1.133580	-9.498796	-8.697241	-7.853290	-6.968637	-6.044826	
 Vektor e_min:
0.002171	0.002136	0.002100	0.002063	0.002026	0.001988	0.001950	0.001913	0.001876	0.001842	0.001808	0.001777	0.001747	0.001720	0.001696	0.001675	0.001657	0.001643	0.001631	0.001623	0.001618	0.001617	0.001619	0.001625	0.001635	0.001647	0.001663	0.001682	0.001703	0.001727	0.001753	0.001782	0.001812	0.001844	0.001877	0.001911	0.005935	0.006151	0.006356	0.006548	0.006726	

 * Iterace c. 2 * Delta = -0.798931 *
 icase = 0
         0 -> O.K.,
        -1 -> nelze splnit omezujici podminky,
        +1 -> cilova funkce je na polyedru neomezena.
 lambda = 16.907156
 pocet bloku N = 40
 Vektor lokalnich deformaci:
   2: fi 00 ext = 4.634999
  33: fi 16 int = 8.691522
  74: fi 36 ext = 16.917820
  81: fi 40 int = 12.861299
 Vektor indexu spary mezi bloky:
0		1		2		3		4		5		6		7		8		9		10		11		12		13		14		15		16		17		18		19		20		21		22		23		24		25		26		27		28		29		30		31		32		33		34		35		36		37		38		39		40		
 Vektor normalovych sil ve sparach (+ znaci tlak):
6.532669	6.430191	6.322759	6.211926	6.099362	5.985993	5.872817	5.761899	5.652949	5.548900	5.448192	5.353597	5.265822	5.185178	5.112889	5.050013	4.995255	4.949465	4.914673	4.890040	4.875830	4.871277	4.878294	4.894614	4.922065	4.959081	5.004811	5.060376	5.123169	5.194763	5.273074	5.357317	5.446807	5.541803	5.638622	5.738242	18.403639	19.079386	19.717579	20.315807	20.871292	
 Vektor vzdalenosti N od hornoho povrchu klenby:
0.002171	0.022410	0.040637	0.056991	0.071598	0.084563	0.095986	0.105955	0.114569	0.121884	0.128008	0.132998	0.136929	0.139865	0.141873	0.143003	0.143343	0.142945	0.141831	0.140058	0.137653	0.134673	0.131082	0.126941	0.122206	0.116876	0.110926	0.104310	0.097002	0.088922	0.080029	0.070228	0.059444	0.047615	0.034601	0.020328	0.005935	0.047791	0.083401	0.113392	0.138274	
 Vektor posouvajicich sil ve sparach:
-1.858180	-1.637680	-1.432759	-1.243118	-1.068674	-0.908974	-0.763667	-0.632126	-0.513895	-0.408256	-0.314510	-0.231735	-0.159256	-0.095905	-0.040926	0.006848	0.048383	0.084879	0.117407	0.147088	0.175163	0.202734	0.230992	0.261133	0.294283	0.331557	0.374163	0.422982	0.479233	0.543883	0.617932	0.702124	0.797328	0.904375	1.023982	1.156675	-10.010025	-9.176345	-8.299055	-7.379771	-6.420159	
 Vektor e_min:
0.002178	0.002143	0.002108	0.002071	0.002033	0.001995	0.001958	0.001921	0.001884	0.001850	0.001816	0.001785	0.001755	0.001728	0.001704	0.001683	0.001665	0.001650	0.001638	0.001630	0.001625	0.001624	0.001626	0.001632	0.001641	0.001653	0.001668	0.001687	0.001708	0.001732	0.001758	0.001786	0.001816	0.001847	0.001880	0.001913	0.006135	0.006360	0.006573	0.006772	0.006957	

 * Iterace c. 3 * Delta = 0.124226 *
 icase = 0
         0 -> O.K.,
        -1 -> nelze splnit omezujici podminky,
        +1 -> cilova funkce je na polyedru neomezena.
 lambda = 16.782930
 pocet bloku N = 40
 Vektor lokalnich deformaci:
   2: fi 00 ext = 4.605714
  33: fi 16 int = 8.640891
  74: fi 36 ext = 16.831240
  81: fi 40 int = 12.796062
 Vektor indexu spary mezi bloky:
0		1		2		3		4		5		6		7		8		9		10		11		12		13		14		15		16		17		18		19		20		21		22		23		24		25		26		27		28		29		30		31		32		33		34		35		36		37		38		39		40		
 Vektor normalovych sil ve sparach (+ znaci tlak):
6.529429	6.426732	6.319334	6.208639	6.095870	5.982464	5.869183	5.757320	5.649940	5.544685	5.444193	5.350283	5.262406	5.181506	5.109087	5.045618	4.991096	4.945950	4.911593	4.886386	4.872583	4.868262	4.874874	4.891714	4.919020	4.956386	5.001933	5.057928	5.121268	5.192331	5.270880	5.355336	5.445857	5.539584	5.637187	5.737372	18.310675	18.981688	19.616537	20.211275	20.763628	
 Vektor vzdalenosti N od hornoho povrchu klenby:
0.002178	0.022401	0.040616	0.056959	0.071553	0.084514	0.095919	0.105892	0.114493	0.121817	0.127947	0.132935	0.136863	0.139814	0.141827	0.142973	0.143335	0.142938	0.141825	0.140090	0.137696	0.134746	0.131201	0.127084	0.122374	0.117079	0.111175	0.104598	0.097327	0.089281	0.080432	0.070658	0.059932	0.048116	0.035152	0.020921	0.006135	0.047862	0.083363	0.113254	0.138043	
 Vektor posouvajicich sil ve sparach:
-1.856138	-1.635821	-1.431074	-1.241729	-1.067339	-0.907874	-0.762695	-0.631356	-0.513397	-0.407865	-0.314367	-0.231828	-0.159502	-0.096418	-0.041552	0.005987	0.047375	0.083649	0.115965	0.145507	0.173370	0.200767	0.228879	0.258841	0.291829	0.328959	0.371322	0.420129	0.476203	0.540778	0.614591	0.698723	0.793844	0.900822	1.020351	1.152978	-9.930618	-9.101976	-8.229874	-7.315934	-6.361976	
 Vektor e_min:
0.002176	0.002142	0.002106	0.002070	0.002032	0.001994	0.001956	0.001919	0.001883	0.001848	0.001815	0.001783	0.001754	0.001727	0.001703	0.001682	0.001664	0.001649	0.001637	0.001629	0.001624	0.001623	0.001625	0.001631	0.001640	0.001652	0.001667	0.001686	0.001707	0.001731	0.001757	0.001785	0.001815	0.001847	0.001879	0.001912	0.006104	0.006327	0.006539	0.006737	0.006921	

 * Iterace c. 4 * Delta = -0.019049 *
 icase = 0
         0 -> O.K.,
        -1 -> nelze splnit omezujici podminky,
        +1 -> cilova funkce je na polyedru neomezena.
 lambda = 16.801979
 pocet bloku N = 40
 Vektor lokalnich deformaci:
   2: fi 00 ext = 4.610237
  33: fi 16 int = 8.648705
  74: fi 36 ext = 16.844595
  81: fi 40 int = 12.806125
 Vektor indexu spary mezi bloky:
0		1		2		3		4		5		6		7		8		9		10		11		12		13		14		15		16		17		18		19		20		21		22		23		24		25		26		27		28		29		30		31		32		33		34		35		36		37		38		39		40		
 Vektor normalovych sil ve sparach (+ znaci tlak):
6.530001	6.427213	6.319758	6.209247	6.096739	5.982939	5.870159	5.759071	5.649922	5.545016	5.445093	5.350871	5.262558	5.182139	5.109434	5.046031	4.991385	4.947054	4.911999	4.887157	4.872461	4.868631	4.874876	4.892295	4.919372	4.956078	5.002313	5.057450	5.121100	5.192938	5.271273	5.355509	5.445768	5.540345	5.637849	5.737556	18.324766	18.996941	19.631916	20.227285	20.780127	
 Vektor vzdalenosti N od hornoho povrchu klenby:
0.002176	0.022401	0.040618	0.056968	0.071564	0.084520	0.095935	0.105906	0.114512	0.121828	0.127950	0.132947	0.136877	0.139823	0.141842	0.142993	0.143336	0.142936	0.141835	0.140091	0.137727	0.134741	0.131193	0.127062	0.122366	0.117068	0.111147	0.104569	0.097288	0.089235	0.080373	0.070607	0.059855	0.048053	0.035075	0.020835	0.006104	0.047852	0.083369	0.113276	0.138079	
 Vektor posouvajicich sil ve sparach:
-1.856479	-1.636261	-1.431358	-1.241904	-1.067590	-0.908091	-0.762895	-0.631549	-0.513473	-0.407999	-0.314409	-0.231844	-0.159441	-0.096376	-0.041520	0.006071	0.047480	0.083802	0.116146	0.145726	0.173675	0.201078	0.229221	0.259192	0.292214	0.329388	0.371753	0.420525	0.476793	0.541287	0.615113	0.699238	0.794435	0.901415	1.020906	1.153655	-9.942764	-9.113285	-8.240470	-7.325671	-6.370800	
 Vektor e_min:
0.002177	0.002142	0.002107	0.002070	0.002032	0.001994	0.001957	0.001920	0.001883	0.001848	0.001815	0.001784	0.001754	0.001727	0.001703	0.001682	0.001664	0.001649	0.001637	0.001629	0.001624	0.001623	0.001625	0.001631	0.001640	0.001652	0.001667	0.001686	0.001707	0.001731	0.001757	0.001785	0.001815	0.001847	0.001879	0.001913	0.006108	0.006332	0.006544	0.006742	0.006927	

 * Iterace c. 5 * Delta = 0.002674 *
 icase = 0
         0 -> O.K.,
        -1 -> nelze splnit omezujici podminky,
        +1 -> cilova funkce je na polyedru neomezena.
 lambda = 16.799305
 pocet bloku N = 40
 Vektor lokalnich deformaci:
   2: fi 00 ext = 4.609577
  33: fi 16 int = 8.647562
  74: fi 36 ext = 16.842649
  81: fi 40 int = 12.804666
 Vektor indexu spary mezi bloky:
0		1		2		3		4		5		6		7		8		9		10		11		12		13		14		15		16		17		18		19		20		21		22		23		24		25		26		27		28		29		30		31		32		33		34		35		36		37		38		39		40		
 Vektor normalovych sil ve sparach (+ znaci tlak):
6.529986	6.427097	6.319792	6.209163	6.096655	5.982965	5.870111	5.758730	5.649645	5.545186	5.444473	5.350419	5.262755	5.182144	5.109567	5.046160	4.992114	4.946531	4.911487	4.886693	4.873022	4.868258	4.875555	4.892880	4.919539	4.956457	5.002515	5.057962	5.121460	5.193067	5.271934	5.355915	5.445497	5.539650	5.637979	5.737405	18.322723	18.994465	19.629889	20.225077	20.777870	
 Vektor vzdalenosti N od hornoho povrchu klenby:
0.002177	0.022400	0.040619	0.056966	0.071565	0.084518	0.095936	0.105904	0.114507	0.121830	0.127966	0.132950	0.136885	0.139820	0.141837	0.142992	0.143336	0.142955	0.141855	0.140098	0.137723	0.134759	0.131201	0.127071	0.122371	0.117069	0.111152	0.104585	0.097291	0.089254	0.080381	0.070616	0.059871	0.048056	0.035090	0.020848	0.006108	0.047854	0.083368	0.113272	0.138073	
 Vektor posouvajicich sil ve sparach:
-1.856481	-1.636208	-1.431401	-1.241946	-1.067617	-0.908109	-0.762844	-0.631487	-0.513497	-0.408020	-0.314430	-0.231800	-0.159539	-0.096347	-0.041567	0.006058	0.047445	0.083765	0.116155	0.145715	0.173592	0.201028	0.229150	0.259140	0.292137	0.329352	0.371720	0.420505	0.476660	0.541181	0.615071	0.699189	0.794410	0.901379	1.020948	1.153560	-9.940927	-9.111649	-8.238914	-7.324258	-6.369539	
 Vektor e_min:
0.002177	0.002142	0.002107	0.002070	0.002032	0.001994	0.001957	0.001920	0.001883	0.001848	0.001815	0.001783	0.001754	0.001727	0.001703	0.001682	0.001664	0.001649	0.001637	0.001629	0.001624	0.001623	0.001625	0.001631	0.001640	0.001652	0.001668	0.001686	0.001707	0.001731	0.001757	0.001785	0.001815	0.001847	0.001879	0.001912	0.006108	0.006331	0.006543	0.006742	0.006926	
