Vstupni soubor: zlamal6_11.in
***kopie vstupniho souboru***

 2.472500
 0.713750
 1
 0.145000
 20.000000
 0.600000
 40
 1
 2.2 1.000000 0.200000
 0.500000
 0.000000
 0 30.000000
 0 0.600000 0.400000 2.400000
 1
 4 2000.000000 inter4.txt
*****************************
Ortoganalni souradnice intrados a extrados:
X_int	Y_int	X_ext	Y_ext
0.000000	0.000000	-0.125574	0.072500
0.039049	0.063722	-0.082558	0.142695
0.081379	0.125313	-0.035928	0.210542
0.126875	0.184605	0.014189	0.275856
0.175412	0.241434	0.067656	0.338458
0.226856	0.295645	0.124325	0.398175
0.281067	0.347089	0.184043	0.454845
0.337896	0.395626	0.246644	0.508312
0.397187	0.441122	0.311958	0.558429
0.458778	0.483452	0.379806	0.605059
0.522501	0.522501	0.450001	0.648075
0.588179	0.558162	0.522350	0.687358
0.655634	0.590336	0.596657	0.722800
0.724680	0.618936	0.672717	0.754305
0.795129	0.643883	0.750321	0.781786
0.866786	0.665109	0.829257	0.805168
0.939456	0.682556	0.909309	0.824387
1.012940	0.696175	0.990257	0.839390
1.087036	0.705930	1.071879	0.850136
1.161541	0.711794	1.153952	0.856595
1.236250	0.713750	1.236250	0.858750
1.310960	0.711794	1.318548	0.856595
1.385464	0.705930	1.400621	0.850136
1.459560	0.696175	1.482243	0.839390
1.533044	0.682556	1.563191	0.824387
1.605714	0.665109	1.643243	0.805168
1.677372	0.643883	1.722179	0.781786
1.747820	0.618936	1.799783	0.754305
1.816866	0.590336	1.875843	0.722800
1.884321	0.558162	1.950150	0.687358
1.949999	0.522501	2.022500	0.648075
2.013722	0.483452	2.092694	0.605059
2.075313	0.441122	2.160542	0.558429
2.134604	0.395626	2.225856	0.508312
2.191433	0.347089	2.288457	0.454845
2.245644	0.295645	2.348175	0.398175
2.297088	0.241434	2.404845	0.338458
2.345625	0.184605	2.458311	0.275856
2.391121	0.125313	2.508428	0.210542
2.433451	0.063722	2.555058	0.142695
2.472500	0.000000	2.598074	0.072500
Vlastni tiha klenby - jednotlive bloky:
X_p	Y_p	P
-0.043266	0.070339	0.227661
-0.000477	0.136230	0.227661
0.045702	0.199790	0.227661
0.095145	0.260847	0.227661
0.147715	0.319232	0.227661
0.203269	0.374786	0.227661
0.261654	0.427356	0.227661
0.322711	0.476799	0.227661
0.386271	0.522978	0.227661
0.452161	0.565768	0.227661
0.520200	0.605050	0.227661
0.590202	0.640718	0.227661
0.661975	0.672673	0.227661
0.735322	0.700828	0.227661
0.810042	0.725106	0.227661
0.885929	0.745440	0.227661
0.962778	0.761775	0.227662
1.040376	0.774065	0.227661
1.118510	0.782278	0.227661
1.196967	0.786389	0.227661
1.275532	0.786389	0.227661
1.353990	0.782278	0.227661
1.432125	0.774065	0.227661
1.509722	0.761775	0.227662
1.586570	0.745440	0.227661
1.662459	0.725106	0.227661
1.737178	0.700828	0.227661
1.810525	0.672673	0.227661
1.882298	0.640718	0.227661
1.952299	0.605050	0.227661
2.020339	0.565768	0.227661
2.086229	0.522978	0.227661
2.149790	0.476799	0.227661
2.210846	0.427356	0.227661
2.269231	0.374786	0.227661
2.324785	0.319232	0.227661
2.377355	0.260846	0.227661
2.426798	0.199790	0.227661
2.472977	0.136230	0.227662
2.515766	0.070339	0.227661
Tiha nadnasypu pusobici na bloky:
P	h_ver	X_p	Y_p
0.000000	0.070195	-0.104267	0.107269
0.000000	0.067847	-0.059466	0.176294
0.000000	0.065314	-0.011114	0.242881
0.000000	0.062602	0.040657	0.306846
0.000000	0.059718	0.095706	0.368017
0.000000	0.056670	0.153882	0.426223
0.000000	0.053467	0.215026	0.481307
0.000000	0.050117	0.278971	0.533117
0.000000	0.046630	0.345543	0.581511
0.000000	0.043015	0.414559	0.626357
0.000000	0.039283	0.485833	0.667530
0.000000	0.035442	0.559168	0.704919
0.000000	0.031505	0.634365	0.738419
0.000000	0.027481	0.711218	0.767939
0.000000	0.023382	0.789517	0.793397
0.000000	0.019219	0.869048	0.814721
0.000000	0.015003	0.949591	0.831853
0.000000	0.010746	1.030926	0.844744
0.000000	0.006459	1.112828	0.853358
0.000000	0.002155	1.195071	0.857672
0.000000	-0.002155	1.277429	0.857672
0.000000	-0.006459	1.359672	0.853358
0.000000	-0.010746	1.441574	0.844744
0.000000	-0.015003	1.522909	0.831853
0.000000	-0.019219	1.603452	0.814721
0.000000	-0.023382	1.682983	0.793397
0.000000	-0.027481	1.761282	0.767939
0.000000	-0.031505	1.838135	0.738420
0.000000	-0.035442	1.913332	0.704919
0.000000	-0.039283	1.986668	0.667530
0.000000	-0.043016	2.057940	0.626357
0.000000	-0.046630	2.126957	0.581511
0.000000	-0.050117	2.193529	0.533117
0.000000	-0.053467	2.257474	0.481307
0.000000	-0.056670	2.318619	0.426223
0.000000	-0.059718	2.376793	0.368017
0.000000	-0.062602	2.431843	0.306846
0.000000	-0.065314	2.483614	0.242880
0.000000	-0.067848	2.531968	0.176292
0.000000	-0.070195	2.576767	0.107270
Vnejsi zatizeni pusobici na bloky:
X_q	Y_q	Q
-0.125574	0.072500	0.000000
-0.082558	0.142695	0.000000
-0.035928	0.210542	0.000000
0.014189	0.275856	0.000000
0.067656	0.338458	0.000000
0.124325	0.398175	0.000000
0.184043	0.454845	0.000000
0.246644	0.508312	0.000000
0.311958	0.558429	0.000000
0.379806	0.605059	0.000000
0.450001	0.648075	0.000000
0.522350	0.687358	0.000000
0.596657	0.722800	0.000000
0.672717	0.754305	0.000000
0.750321	0.781786	0.000000
0.829257	0.805168	0.000000
0.909309	0.824387	0.000000
0.990257	0.839390	0.000000
1.071879	0.850136	0.000000
1.153952	0.856595	0.000000
1.236250	0.858750	0.000000
1.318548	0.856595	0.000000
1.400621	0.850136	0.000000
1.482243	0.839390	0.000000
1.563191	0.824387	0.000000
1.643243	0.805168	0.000000
1.722179	0.781786	0.000000
1.799783	0.754305	0.000000
1.875843	0.722800	0.000000
1.950150	0.687358	0.000000
2.022500	0.648075	0.000000
2.092694	0.605059	0.000000
2.200000	0.475472	1.000000
2.225856	0.508312	0.000000
2.288457	0.454845	0.000000
2.348175	0.398175	0.000000
2.404845	0.338458	0.000000
2.458311	0.275856	0.000000
2.508428	0.210542	0.000000
2.555058	0.142695	0.000000
Ortogonalni lokalni souradnice jednotlivych bloku:
a	alfa	b	beta
0.072500	2.617995	0.078531	1.021018
0.072500	2.565635	0.078531	0.968659
0.072500	2.513275	0.078531	0.916299
0.072500	2.460915	0.078531	0.863939
0.072500	2.408555	0.078531	0.811579
0.072500	2.356195	0.078531	0.759219
0.072500	2.303835	0.078531	0.706859
0.072500	2.251475	0.078531	0.654500
0.072500	2.199115	0.078531	0.602139
0.072500	2.146756	0.078531	0.549778
0.072500	2.094395	0.078531	0.497420
0.072500	2.042036	0.078531	0.445059
0.072500	1.989676	0.078531	0.392700
0.072500	1.937316	0.078531	0.340338
0.072500	1.884957	0.078531	0.287981
0.072500	1.832596	0.078531	0.235619
0.072500	1.780236	0.078531	0.183260
0.072500	1.727876	0.078531	0.130899
0.072500	1.675516	0.078531	0.078541
0.072500	1.623156	0.078531	0.026179
0.072500	1.570796	0.078531	-0.026179
0.072500	1.518436	0.078531	-0.078540
0.072500	1.466077	0.078531	-0.130900
0.072500	1.413716	0.078531	-0.183260
0.072500	1.361356	0.078531	-0.235619
0.072500	1.308997	0.078531	-0.287979
0.072500	1.256637	0.078531	-0.340341
0.072500	1.204276	0.078531	-0.392699
0.072500	1.151917	0.078531	-0.445058
0.072500	1.099557	0.078531	-0.497421
0.072500	1.047197	0.078531	-0.549780
0.072500	0.994838	0.078531	-0.602137
0.072500	0.942477	0.078531	-0.654499
0.072500	0.890118	0.078531	-0.706859
0.072500	0.837758	0.078531	-0.759219
0.072500	0.785397	0.078531	-0.811578
0.072500	0.733037	0.078531	-0.863940
0.072500	0.680678	0.078531	-0.916301
0.072500	0.628319	0.078531	-0.968656
0.072500	0.575958	0.078531	-1.021019
0.072500	0.523597	1.000000	-1.047199
Transformovane zatizeni vlastni tihou klenby:
Px	Py	Mp
0.000000	0.227661	0.004444
0.000000	0.227661	0.004844
0.000000	0.227661	0.005231
0.000000	0.227661	0.005603
0.000000	0.227661	0.005961
0.000000	0.227661	0.006301
0.000000	0.227661	0.006625
0.000000	0.227661	0.006930
0.000000	0.227661	0.007216
0.000000	0.227661	0.007483
0.000000	0.227661	0.007729
0.000000	0.227661	0.007954
0.000000	0.227661	0.008157
0.000000	0.227661	0.008338
0.000000	0.227661	0.008496
0.000000	0.227661	0.008630
0.000000	0.227662	0.008741
0.000000	0.227661	0.008828
0.000000	0.227661	0.008891
0.000000	0.227661	0.008929
0.000000	0.227661	0.008943
0.000000	0.227661	0.008933
0.000000	0.227661	0.008897
0.000000	0.227662	0.008838
0.000000	0.227661	0.008754
0.000000	0.227661	0.008647
0.000000	0.227661	0.008515
0.000000	0.227661	0.008360
0.000000	0.227661	0.008183
0.000000	0.227661	0.007983
0.000000	0.227661	0.007761
0.000000	0.227661	0.007518
0.000000	0.227661	0.007254
0.000000	0.227661	0.006970
0.000000	0.227661	0.006667
0.000000	0.227661	0.006346
0.000000	0.227661	0.006008
0.000000	0.227661	0.005653
0.000000	0.227662	0.005282
0.000000	0.227661	0.004897
0.000000	0.000000	0.000000
Transformovane zatizeni nadnasypem:
Px	Py	Mp
0.000000	0.000000	0.000000
0.000000	0.000000	0.000000
0.000000	0.000000	0.000000
0.000000	0.000000	0.000000
0.000000	0.000000	0.000000
0.000000	0.000000	0.000000
0.000000	0.000000	0.000000
0.000000	0.000000	0.000000
0.000000	0.000000	0.000000
0.000000	0.000000	0.000000
0.000000	0.000000	0.000000
0.000000	0.000000	0.000000
0.000000	0.000000	0.000000
0.000000	0.000000	0.000000
0.000000	0.000000	0.000000
0.000000	0.000000	0.000000
0.000000	0.000000	0.000000
0.000000	0.000000	0.000000
0.000000	0.000000	0.000000
0.000000	0.000000	0.000000
0.000000	0.000000	0.000000
0.000000	0.000000	0.000000
0.000000	0.000000	0.000000
0.000000	0.000000	0.000000
0.000000	0.000000	0.000000
0.000000	0.000000	0.000000
0.000000	0.000000	0.000000
0.000000	0.000000	0.000000
0.000000	0.000000	0.000000
0.000000	0.000000	0.000000
0.000000	0.000000	0.000000
0.000000	0.000000	0.000000
0.000000	0.000000	0.000000
0.000000	0.000000	0.000000
0.000000	0.000000	0.000000
0.000000	0.000000	0.000000
0.000000	0.000000	0.000000
0.000000	0.000000	0.000000
0.000000	0.000000	0.000000
0.000000	0.000000	0.000000
0.000000	0.000000	0.000000
Transformovane zatizeni vnejsich sil:
Qx	Qy	Mq
0.000000	0.000000	0.000000
0.000000	0.000000	0.000000
0.000000	0.000000	0.000000
0.000000	0.000000	0.000000
0.000000	0.000000	0.000000
0.000000	0.000000	0.000000
0.000000	0.000000	0.000000
0.000000	0.000000	0.000000
0.000000	0.000000	0.000000
0.000000	0.000000	0.000000
0.000000	0.000000	0.000000
0.000000	0.000000	0.000000
0.000000	0.000000	0.000000
0.000000	0.000000	0.000000
0.000000	0.000000	0.000000
0.000000	0.000000	0.000000
0.000000	0.000000	0.000000
0.000000	0.000000	0.000000
0.000000	0.000000	0.000000
0.000000	0.000000	0.000000
0.000000	0.000000	0.000000
0.000000	0.000000	0.000000
0.000000	0.000000	0.000000
0.000000	0.000000	0.000000
0.000000	0.000000	0.000000
0.000000	0.000000	0.000000
0.000000	0.000000	0.000000
0.000000	0.000000	0.000000
0.000000	0.000000	0.000000
0.000000	0.000000	0.000000
0.000000	0.000000	0.000000
0.000000	0.000000	0.000000
0.000000	1.000000	0.082073
0.000000	0.000000	0.000000
0.000000	0.000000	0.000000
0.000000	0.000000	0.000000
0.000000	0.000000	0.000000
0.000000	0.000000	0.000000
0.000000	0.000000	0.000000
0.000000	0.000000	0.000000
0.000000	0.000000	0.000000

*** vysledky vypoctu ***
 icase = 0
         0 -> O.K.,
        -1 -> nelze splnit omezujici podminky,
        +1 -> cilova funkce je na polyedru neomezena.
 lambda = 7.309733
 pocet bloku N = 40
 Vektor lokalnich deformaci:
   2: fi 00 ext = 2.898558
  31: fi 15 int = 6.006729
  66: fi 32 ext = 6.777914
  81: fi 40 int = 3.669743
 Vektor indexu spary mezi bloky:
0		1		2		3		4		5		6		7		8		9		10		11		12		13		14		15		16		17		18		19		20		21		22		23		24		25		26		27		28		29		30		31		32		33		34		35		36		37		38		39		40		
 Vektor normalovych sil ve sparach (+ znaci tlak):
6.934293	6.844165	6.748122	6.647565	6.543786	6.438249	6.331686	6.225609	6.121058	6.018777	5.919813	5.825657	5.736897	5.653664	5.577691	5.508780	5.447717	5.395229	5.351539	5.316696	5.291255	5.274665	5.268072	5.270563	5.282272	5.302256	5.330832	5.367801	5.412413	5.463603	5.521028	5.584195	5.651947	10.323697	10.689012	11.042767	11.383084	11.708165	12.016231	12.305365	12.573694	
 Vektor vzdalenosti N od hornoho povrchu klenby:
0.000000	0.021837	0.041502	0.059134	0.074851	0.088758	0.100945	0.111498	0.120492	0.127987	0.134067	0.138769	0.142157	0.144296	0.145218	0.145000	0.143674	0.141303	0.137918	0.133576	0.128319	0.122190	0.115200	0.107402	0.098797	0.089400	0.079210	0.068211	0.056389	0.043704	0.030117	0.015574	0.000000	0.009058	0.041742	0.069487	0.092658	0.111561	0.126453	0.137544	0.145000	
 Vektor posouvajicich sil ve sparach:
-2.106211	-1.864387	-1.637462	-1.425295	-1.227792	-1.044591	-0.875416	-0.719775	-0.577139	-0.446911	-0.328476	-0.221034	-0.123814	-0.035957	0.043481	0.115429	0.180882	0.240899	0.296545	0.348830	0.398955	0.448001	0.497007	0.547204	0.599595	0.655308	0.715374	0.780843	0.852778	0.931985	1.019480	1.116131	1.222672	-4.340901	-3.963779	-3.559925	-3.129464	-2.672682	-2.190075	-1.682156	-1.149704	
 Vektor e_min:
0.002311	0.002281	0.002249	0.002216	0.002181	0.002146	0.002111	0.002075	0.002040	0.002006	0.001973	0.001942	0.001912	0.001885	0.001859	0.001836	0.001816	0.001798	0.001784	0.001772	0.001764	0.001758	0.001756	0.001757	0.001761	0.001767	0.001777	0.001789	0.001804	0.001821	0.001840	0.001861	0.001884	0.003441	0.003563	0.003681	0.003794	0.003903	0.004005	0.004102	0.004191	

 * Iterace c. 1 * Delta = 0.378201 *
 icase = 0
         0 -> O.K.,
        -1 -> nelze splnit omezujici podminky,
        +1 -> cilova funkce je na polyedru neomezena.
 lambda = 6.931532
 pocet bloku N = 40
 Vektor lokalnich deformaci:
   2: fi 00 ext = 3.051474
  29: fi 14 int = 5.944440
  66: fi 32 ext = 6.514434
  81: fi 40 int = 3.621468
 Vektor indexu spary mezi bloky:
0		1		2		3		4		5		6		7		8		9		10		11		12		13		14		15		16		17		18		19		20		21		22		23		24		25		26		27		28		29		30		31		32		33		34		35		36		37		38		39		40		
 Vektor normalovych sil ve sparach (+ znaci tlak):
6.890387	6.797452	6.698933	6.596041	6.490047	6.382323	6.273848	6.165772	6.059440	5.955894	5.855884	5.760683	5.670346	5.586765	5.510186	5.440601	5.379722	5.326938	5.283297	5.248933	5.224323	5.208516	5.202390	5.206042	5.218636	5.240266	5.270799	5.309662	5.355764	5.408955	5.469039	5.534388	5.604457	10.040812	10.393999	10.736292	11.066061	11.381310	11.680484	11.961586	12.222924	
 Vektor vzdalenosti N od hornoho povrchu klenby:
0.002311	0.023710	0.042959	0.060193	0.075528	0.089068	0.100909	0.111131	0.119811	0.127018	0.132821	0.137273	0.140447	0.142375	0.143141	0.142790	0.141361	0.138924	0.135523	0.131209	0.126016	0.119995	0.113181	0.105585	0.097233	0.088130	0.078276	0.067665	0.056265	0.044037	0.030941	0.016914	0.001884	0.009805	0.041543	0.068450	0.090868	0.109093	0.123365	0.133885	0.140809	
 Vektor posouvajicich sil ve sparach:
-2.053976	-1.814546	-1.590135	-1.380606	-1.185846	-1.005522	-0.839285	-0.686736	-0.547323	-0.420366	-0.305211	-0.201165	-0.107424	-0.023020	0.052867	0.121278	0.183179	0.239607	0.291664	0.340423	0.387032	0.432546	0.478130	0.524873	0.573933	0.626362	0.683254	0.745650	0.814503	0.890809	0.975568	1.069491	1.173495	-4.098544	-3.736606	-3.348465	-2.934293	-2.494471	-2.029188	-1.539056	-1.024765	
 Vektor e_min:
0.002297	0.002266	0.002233	0.002199	0.002163	0.002127	0.002091	0.002055	0.002020	0.001985	0.001952	0.001920	0.001890	0.001862	0.001837	0.001814	0.001793	0.001776	0.001761	0.001750	0.001741	0.001736	0.001734	0.001735	0.001740	0.001747	0.001757	0.001770	0.001785	0.001803	0.001823	0.001845	0.001868	0.003347	0.003465	0.003579	0.003689	0.003794	0.003893	0.003987	0.004074	

 * Iterace c. 2 * Delta = -0.007041 *
 icase = 0
         0 -> O.K.,
        -1 -> nelze splnit omezujici podminky,
        +1 -> cilova funkce je na polyedru neomezena.
 lambda = 6.938573
 pocet bloku N = 40
 Vektor lokalnich deformaci:
   2: fi 00 ext = 3.053419
  29: fi 14 int = 5.947762
  66: fi 32 ext = 6.517242
  81: fi 40 int = 3.622899
 Vektor indexu spary mezi bloky:
0		1		2		3		4		5		6		7		8		9		10		11		12		13		14		15		16		17		18		19		20		21		22		23		24		25		26		27		28		29		30		31		32		33		34		35		36		37		38		39		40		
 Vektor normalovych sil ve sparach (+ znaci tlak):
6.890783	6.797983	6.699455	6.596466	6.490687	6.382832	6.274195	6.166324	6.059925	5.956554	5.856600	5.761215	5.671218	5.587516	5.510788	5.441437	5.380048	5.327691	5.284337	5.249683	5.224176	5.208941	5.202862	5.206496	5.219223	5.240858	5.271322	5.309666	5.356213	5.409781	5.469509	5.534857	5.605104	10.045878	10.399027	10.741541	11.071436	11.387064	11.686389	11.967695	12.229217	
 Vektor vzdalenosti N od hornoho povrchu klenby:
0.002297	0.023700	0.042953	0.060189	0.075527	0.089073	0.100915	0.111140	0.119825	0.127031	0.132834	0.137294	0.140460	0.142402	0.143163	0.142811	0.141391	0.138948	0.135548	0.131232	0.126051	0.120024	0.113202	0.105600	0.097245	0.088146	0.078283	0.067669	0.056260	0.044029	0.030929	0.016901	0.001868	0.009804	0.041562	0.068489	0.090926	0.109167	0.123455	0.133988	0.140926	
 Vektor posouvajicich sil ve sparach:
-2.054443	-1.814978	-1.590527	-1.381007	-1.186203	-1.005850	-0.839640	-0.687028	-0.547531	-0.420586	-0.305402	-0.201315	-0.107519	-0.023121	0.052816	0.121275	0.183190	0.239658	0.291748	0.340544	0.387154	0.432711	0.478320	0.525135	0.574214	0.626685	0.683566	0.746022	0.814902	0.891248	0.976007	1.069955	1.174004	-4.103502	-3.741320	-3.352917	-2.938465	-2.498294	-2.032717	-1.542312	-1.027673	
 Vektor e_min:
0.002297	0.002266	0.002233	0.002199	0.002164	0.002128	0.002091	0.002055	0.002020	0.001986	0.001952	0.001920	0.001890	0.001863	0.001837	0.001814	0.001793	0.001776	0.001761	0.001750	0.001741	0.001736	0.001734	0.001736	0.001740	0.001747	0.001757	0.001770	0.001785	0.001803	0.001823	0.001845	0.001868	0.003349	0.003466	0.003580	0.003690	0.003796	0.003895	0.003989	0.004076	
