Vstupni soubor: zlamal6_6.in
***kopie vstupniho souboru***

 2.472500
 0.713750
 1
 0.145000
 20.000000
 0.600000
 40
 1
 1.2 1.000000 0.200000
 0.500000
 0.000000
 0 30.000000
 0 0.600000 0.400000 2.400000
 1
 4 2000.000000 inter4.txt
*****************************
Ortoganalni souradnice intrados a extrados:
X_int	Y_int	X_ext	Y_ext
0.000000	0.000000	-0.125574	0.072500
0.039049	0.063722	-0.082558	0.142695
0.081379	0.125313	-0.035928	0.210542
0.126875	0.184605	0.014189	0.275856
0.175412	0.241434	0.067656	0.338458
0.226856	0.295645	0.124325	0.398175
0.281067	0.347089	0.184043	0.454845
0.337896	0.395626	0.246644	0.508312
0.397187	0.441122	0.311958	0.558429
0.458778	0.483452	0.379806	0.605059
0.522501	0.522501	0.450001	0.648075
0.588179	0.558162	0.522350	0.687358
0.655634	0.590336	0.596657	0.722800
0.724680	0.618936	0.672717	0.754305
0.795129	0.643883	0.750321	0.781786
0.866786	0.665109	0.829257	0.805168
0.939456	0.682556	0.909309	0.824387
1.012940	0.696175	0.990257	0.839390
1.087036	0.705930	1.071879	0.850136
1.161541	0.711794	1.153952	0.856595
1.236250	0.713750	1.236250	0.858750
1.310960	0.711794	1.318548	0.856595
1.385464	0.705930	1.400621	0.850136
1.459560	0.696175	1.482243	0.839390
1.533044	0.682556	1.563191	0.824387
1.605714	0.665109	1.643243	0.805168
1.677372	0.643883	1.722179	0.781786
1.747820	0.618936	1.799783	0.754305
1.816866	0.590336	1.875843	0.722800
1.884321	0.558162	1.950150	0.687358
1.949999	0.522501	2.022500	0.648075
2.013722	0.483452	2.092694	0.605059
2.075313	0.441122	2.160542	0.558429
2.134604	0.395626	2.225856	0.508312
2.191433	0.347089	2.288457	0.454845
2.245644	0.295645	2.348175	0.398175
2.297088	0.241434	2.404845	0.338458
2.345625	0.184605	2.458311	0.275856
2.391121	0.125313	2.508428	0.210542
2.433451	0.063722	2.555058	0.142695
2.472500	0.000000	2.598074	0.072500
Vlastni tiha klenby - jednotlive bloky:
X_p	Y_p	P
-0.043266	0.070339	0.227661
-0.000477	0.136230	0.227661
0.045702	0.199790	0.227661
0.095145	0.260847	0.227661
0.147715	0.319232	0.227661
0.203269	0.374786	0.227661
0.261654	0.427356	0.227661
0.322711	0.476799	0.227661
0.386271	0.522978	0.227661
0.452161	0.565768	0.227661
0.520200	0.605050	0.227661
0.590202	0.640718	0.227661
0.661975	0.672673	0.227661
0.735322	0.700828	0.227661
0.810042	0.725106	0.227661
0.885929	0.745440	0.227661
0.962778	0.761775	0.227662
1.040376	0.774065	0.227661
1.118510	0.782278	0.227661
1.196967	0.786389	0.227661
1.275532	0.786389	0.227661
1.353990	0.782278	0.227661
1.432125	0.774065	0.227661
1.509722	0.761775	0.227662
1.586570	0.745440	0.227661
1.662459	0.725106	0.227661
1.737178	0.700828	0.227661
1.810525	0.672673	0.227661
1.882298	0.640718	0.227661
1.952299	0.605050	0.227661
2.020339	0.565768	0.227661
2.086229	0.522978	0.227661
2.149790	0.476799	0.227661
2.210846	0.427356	0.227661
2.269231	0.374786	0.227661
2.324785	0.319232	0.227661
2.377355	0.260846	0.227661
2.426798	0.199790	0.227661
2.472977	0.136230	0.227662
2.515766	0.070339	0.227661
Tiha nadnasypu pusobici na bloky:
P	h_ver	X_p	Y_p
0.000000	0.070195	-0.104267	0.107269
0.000000	0.067847	-0.059466	0.176294
0.000000	0.065314	-0.011114	0.242881
0.000000	0.062602	0.040657	0.306846
0.000000	0.059718	0.095706	0.368017
0.000000	0.056670	0.153882	0.426223
0.000000	0.053467	0.215026	0.481307
0.000000	0.050117	0.278971	0.533117
0.000000	0.046630	0.345543	0.581511
0.000000	0.043015	0.414559	0.626357
0.000000	0.039283	0.485833	0.667530
0.000000	0.035442	0.559168	0.704919
0.000000	0.031505	0.634365	0.738419
0.000000	0.027481	0.711218	0.767939
0.000000	0.023382	0.789517	0.793397
0.000000	0.019219	0.869048	0.814721
0.000000	0.015003	0.949591	0.831853
0.000000	0.010746	1.030926	0.844744
0.000000	0.006459	1.112828	0.853358
0.000000	0.002155	1.195071	0.857672
0.000000	-0.002155	1.277429	0.857672
0.000000	-0.006459	1.359672	0.853358
0.000000	-0.010746	1.441574	0.844744
0.000000	-0.015003	1.522909	0.831853
0.000000	-0.019219	1.603452	0.814721
0.000000	-0.023382	1.682983	0.793397
0.000000	-0.027481	1.761282	0.767939
0.000000	-0.031505	1.838135	0.738420
0.000000	-0.035442	1.913332	0.704919
0.000000	-0.039283	1.986668	0.667530
0.000000	-0.043016	2.057940	0.626357
0.000000	-0.046630	2.126957	0.581511
0.000000	-0.050117	2.193529	0.533117
0.000000	-0.053467	2.257474	0.481307
0.000000	-0.056670	2.318619	0.426223
0.000000	-0.059718	2.376793	0.368017
0.000000	-0.062602	2.431843	0.306846
0.000000	-0.065314	2.483614	0.242880
0.000000	-0.067848	2.531968	0.176292
0.000000	-0.070195	2.576767	0.107270
Vnejsi zatizeni pusobici na bloky:
X_q	Y_q	Q
-0.125574	0.072500	0.000000
-0.082558	0.142695	0.000000
-0.035928	0.210542	0.000000
0.014189	0.275856	0.000000
0.067656	0.338458	0.000000
0.124325	0.398175	0.000000
0.184043	0.454845	0.000000
0.246644	0.508312	0.000000
0.311958	0.558429	0.000000
0.379806	0.605059	0.000000
0.450001	0.648075	0.000000
0.522350	0.687358	0.000000
0.596657	0.722800	0.000000
0.672717	0.754305	0.000000
0.750321	0.781786	0.000000
0.829257	0.805168	0.000000
0.909309	0.824387	0.000000
0.990257	0.839390	0.000000
1.071879	0.850136	0.000000
1.200000	0.860447	1.000000
1.236250	0.858750	0.000000
1.318548	0.856595	0.000000
1.400621	0.850136	0.000000
1.482243	0.839390	0.000000
1.563191	0.824387	0.000000
1.643243	0.805168	0.000000
1.722179	0.781786	0.000000
1.799783	0.754305	0.000000
1.875843	0.722800	0.000000
1.950150	0.687358	0.000000
2.022500	0.648075	0.000000
2.092694	0.605059	0.000000
2.160542	0.558429	0.000000
2.225856	0.508312	0.000000
2.288457	0.454845	0.000000
2.348175	0.398175	0.000000
2.404845	0.338458	0.000000
2.458311	0.275856	0.000000
2.508428	0.210542	0.000000
2.555058	0.142695	0.000000
Ortogonalni lokalni souradnice jednotlivych bloku:
a	alfa	b	beta
0.072500	2.617995	0.078531	1.021018
0.072500	2.565635	0.078531	0.968659
0.072500	2.513275	0.078531	0.916299
0.072500	2.460915	0.078531	0.863939
0.072500	2.408555	0.078531	0.811579
0.072500	2.356195	0.078531	0.759219
0.072500	2.303835	0.078531	0.706859
0.072500	2.251475	0.078531	0.654500
0.072500	2.199115	0.078531	0.602139
0.072500	2.146756	0.078531	0.549778
0.072500	2.094395	0.078531	0.497420
0.072500	2.042036	0.078531	0.445059
0.072500	1.989676	0.078531	0.392700
0.072500	1.937316	0.078531	0.340338
0.072500	1.884957	0.078531	0.287981
0.072500	1.832596	0.078531	0.235619
0.072500	1.780236	0.078531	0.183260
0.072500	1.727876	0.078531	0.130899
0.072500	1.675516	0.078531	0.078541
0.072500	1.623156	0.078531	0.026179
0.072500	1.570796	0.078531	-0.026179
0.072500	1.518436	0.078531	-0.078540
0.072500	1.466077	0.078531	-0.130900
0.072500	1.413716	0.078531	-0.183260
0.072500	1.361356	0.078531	-0.235619
0.072500	1.308997	0.078531	-0.287979
0.072500	1.256637	0.078531	-0.340341
0.072500	1.204276	0.078531	-0.392699
0.072500	1.151917	0.078531	-0.445058
0.072500	1.099557	0.078531	-0.497421
0.072500	1.047197	0.078531	-0.549780
0.072500	0.994838	0.078531	-0.602137
0.072500	0.942477	0.078531	-0.654499
0.072500	0.890118	0.078531	-0.706859
0.072500	0.837758	0.078531	-0.759219
0.072500	0.785397	0.078531	-0.811578
0.072500	0.733037	0.078531	-0.863940
0.072500	0.680678	0.078531	-0.916301
0.072500	0.628319	0.078531	-0.968656
0.072500	0.575958	0.078531	-1.021019
0.072500	0.523597	1.000000	-1.047199
Transformovane zatizeni vlastni tihou klenby:
Px	Py	Mp
0.000000	0.227661	0.004444
0.000000	0.227661	0.004844
0.000000	0.227661	0.005231
0.000000	0.227661	0.005603
0.000000	0.227661	0.005961
0.000000	0.227661	0.006301
0.000000	0.227661	0.006625
0.000000	0.227661	0.006930
0.000000	0.227661	0.007216
0.000000	0.227661	0.007483
0.000000	0.227661	0.007729
0.000000	0.227661	0.007954
0.000000	0.227661	0.008157
0.000000	0.227661	0.008338
0.000000	0.227661	0.008496
0.000000	0.227661	0.008630
0.000000	0.227662	0.008741
0.000000	0.227661	0.008828
0.000000	0.227661	0.008891
0.000000	0.227661	0.008929
0.000000	0.227661	0.008943
0.000000	0.227661	0.008933
0.000000	0.227661	0.008897
0.000000	0.227662	0.008838
0.000000	0.227661	0.008754
0.000000	0.227661	0.008647
0.000000	0.227661	0.008515
0.000000	0.227661	0.008360
0.000000	0.227661	0.008183
0.000000	0.227661	0.007983
0.000000	0.227661	0.007761
0.000000	0.227661	0.007518
0.000000	0.227661	0.007254
0.000000	0.227661	0.006970
0.000000	0.227661	0.006667
0.000000	0.227661	0.006346
0.000000	0.227661	0.006008
0.000000	0.227661	0.005653
0.000000	0.227662	0.005282
0.000000	0.227661	0.004897
0.000000	0.000000	0.000000
Transformovane zatizeni nadnasypem:
Px	Py	Mp
0.000000	0.000000	0.000000
0.000000	0.000000	0.000000
0.000000	0.000000	0.000000
0.000000	0.000000	0.000000
0.000000	0.000000	0.000000
0.000000	0.000000	0.000000
0.000000	0.000000	0.000000
0.000000	0.000000	0.000000
0.000000	0.000000	0.000000
0.000000	0.000000	0.000000
0.000000	0.000000	0.000000
0.000000	0.000000	0.000000
0.000000	0.000000	0.000000
0.000000	0.000000	0.000000
0.000000	0.000000	0.000000
0.000000	0.000000	0.000000
0.000000	0.000000	0.000000
0.000000	0.000000	0.000000
0.000000	0.000000	0.000000
0.000000	0.000000	0.000000
0.000000	0.000000	0.000000
0.000000	0.000000	0.000000
0.000000	0.000000	0.000000
0.000000	0.000000	0.000000
0.000000	0.000000	0.000000
0.000000	0.000000	0.000000
0.000000	0.000000	0.000000
0.000000	0.000000	0.000000
0.000000	0.000000	0.000000
0.000000	0.000000	0.000000
0.000000	0.000000	0.000000
0.000000	0.000000	0.000000
0.000000	0.000000	0.000000
0.000000	0.000000	0.000000
0.000000	0.000000	0.000000
0.000000	0.000000	0.000000
0.000000	0.000000	0.000000
0.000000	0.000000	0.000000
0.000000	0.000000	0.000000
0.000000	0.000000	0.000000
0.000000	0.000000	0.000000
Transformovane zatizeni vnejsich sil:
Qx	Qy	Mq
0.000000	0.000000	0.000000
0.000000	0.000000	0.000000
0.000000	0.000000	0.000000
0.000000	0.000000	0.000000
0.000000	0.000000	0.000000
0.000000	0.000000	0.000000
0.000000	0.000000	0.000000
0.000000	0.000000	0.000000
0.000000	0.000000	0.000000
0.000000	0.000000	0.000000
0.000000	0.000000	0.000000
0.000000	0.000000	0.000000
0.000000	0.000000	0.000000
0.000000	0.000000	0.000000
0.000000	0.000000	0.000000
0.000000	0.000000	0.000000
0.000000	0.000000	0.000000
0.000000	0.000000	0.000000
0.000000	0.000000	0.000000
0.000000	1.000000	0.042254
0.000000	0.000000	0.000000
0.000000	0.000000	0.000000
0.000000	0.000000	0.000000
0.000000	0.000000	0.000000
0.000000	0.000000	0.000000
0.000000	0.000000	0.000000
0.000000	0.000000	0.000000
0.000000	0.000000	0.000000
0.000000	0.000000	0.000000
0.000000	0.000000	0.000000
0.000000	0.000000	0.000000
0.000000	0.000000	0.000000
0.000000	0.000000	0.000000
0.000000	0.000000	0.000000
0.000000	0.000000	0.000000
0.000000	0.000000	0.000000
0.000000	0.000000	0.000000
0.000000	0.000000	0.000000
0.000000	0.000000	0.000000
0.000000	0.000000	0.000000
0.000000	0.000000	0.000000

*** vysledky vypoctu ***
 icase = 0
         0 -> O.K.,
        -1 -> nelze splnit omezujici podminky,
        +1 -> cilova funkce je na polyedru neomezena.
 lambda = 8.101000
 pocet bloku N = 40
 Vektor lokalnich deformaci:
  19: fi 09 int = 1.349130
  42: fi 20 ext = 9.096883
  61: fi 30 int = 14.662167
  82: fi 40 ext = 6.914417
 Vektor indexu spary mezi bloky:
0		1		2		3		4		5		6		7		8		9		10		11		12		13		14		15		16		17		18		19		20		21		22		23		24		25		26		27		28		29		30		31		32		33		34		35		36		37		38		39		40		
 Vektor normalovych sil ve sparach (+ znaci tlak):
12.827146	12.859946	12.870377	12.859509	12.828474	12.778288	12.709779	12.624286	12.522662	12.405979	12.275072	12.131373	11.975862	11.808975	11.632006	11.445869	11.251290	11.049447	10.840889	10.625834	10.405725	10.604703	10.798854	10.986957	11.168431	11.342462	11.508374	11.665587	11.813175	11.949880	12.075040	12.188060	12.287495	12.372527	12.442139	12.495277	12.531146	12.548555	12.546657	12.524337	12.480664	
 Vektor vzdalenosti N od hornoho povrchu klenby:
0.019585	0.046191	0.069310	0.089124	0.105786	0.119410	0.130088	0.137888	0.142851	0.145000	0.144343	0.140862	0.134523	0.125285	0.113078	0.097822	0.079420	0.057756	0.032699	0.004096	0.000000	0.028690	0.053928	0.075854	0.094592	0.110248	0.122916	0.132669	0.139573	0.143672	0.145000	0.143571	0.139386	0.132425	0.122652	0.110010	0.094417	0.075769	0.053933	0.028744	0.000000	
 Vektor posouvajicich sil ve sparach:
-4.609783	-4.056104	-3.511339	-2.976204	-2.451452	-1.937672	-1.435439	-0.945230	-0.467402	-0.002298	0.449813	0.888797	1.314509	1.726922	2.126058	2.512032	2.884927	3.244986	3.592414	3.927472	-3.850443	-3.527901	-3.194490	-2.849783	-2.493562	-2.125547	-1.745554	-1.353399	-0.948961	-0.532281	-0.103314	0.337874	0.791102	1.256141	1.732802	2.220602	2.719182	3.228034	3.746518	4.274054	4.809822	
 Vektor e_min:
0.004276	0.004287	0.004290	0.004286	0.004276	0.004259	0.004237	0.004208	0.004174	0.004135	0.004092	0.004044	0.003992	0.003936	0.003877	0.003815	0.003750	0.003683	0.003614	0.003542	0.003469	0.003535	0.003600	0.003662	0.003723	0.003781	0.003836	0.003889	0.003938	0.003983	0.004025	0.004063	0.004096	0.004124	0.004147	0.004165	0.004177	0.004183	0.004182	0.004175	0.004160	

 * Iterace c. 1 * Delta = 1.320631 *
 icase = 0
         0 -> O.K.,
        -1 -> nelze splnit omezujici podminky,
        +1 -> cilova funkce je na polyedru neomezena.
 lambda = 6.780369
 pocet bloku N = 40
 Vektor lokalnich deformaci:
  19: fi 09 int = 1.345060
  42: fi 20 ext = 8.296774
  61: fi 30 int = 13.064156
  82: fi 40 ext = 6.112442
 Vektor indexu spary mezi bloky:
0		1		2		3		4		5		6		7		8		9		10		11		12		13		14		15		16		17		18		19		20		21		22		23		24		25		26		27		28		29		30		31		32		33		34		35		36		37		38		39		40		
 Vektor normalovych sil ve sparach (+ znaci tlak):
11.673846	11.676398	11.659818	11.625328	11.574065	11.506795	11.425052	11.329494	11.221428	11.102429	10.972342	10.832906	10.685292	10.529816	10.367970	10.200241	10.027881	9.851099	9.670836	9.487812	9.302556	9.470463	9.635963	9.798888	9.958928	10.114598	10.265558	10.411366	10.550730	10.682850	10.806928	10.921956	11.026973	11.120996	11.203362	11.272576	11.327757	11.367951	11.391826	11.398520	11.386931	
 Vektor vzdalenosti N od hornoho povrchu klenby:
0.021652	0.046931	0.068916	0.087771	0.103629	0.116598	0.126756	0.134163	0.138861	0.140865	0.140188	0.136816	0.130724	0.121879	0.110224	0.095701	0.078233	0.057739	0.034114	0.007261	0.003469	0.030347	0.054091	0.074807	0.092578	0.107479	0.119582	0.128942	0.135605	0.139609	0.140975	0.139716	0.135831	0.129298	0.120087	0.108145	0.093401	0.075765	0.055115	0.031307	0.004160	
 Vektor posouvajicich sil ve sparach:
-4.001615	-3.509164	-3.027066	-2.555969	-2.096377	-1.648735	-1.213440	-0.790784	-0.380920	0.015966	0.399842	0.770672	1.128615	1.473727	1.806278	2.126541	2.434794	2.731415	3.016818	3.291460	-3.224541	-2.960601	-2.687336	-2.404180	-2.110722	-1.806524	-1.491217	-1.164462	-0.825931	-0.475470	-0.112891	0.261902	0.648960	1.048219	1.459670	1.883021	2.318084	2.764469	3.221812	3.689597	4.167270	
 Vektor e_min:
0.003891	0.003892	0.003887	0.003875	0.003858	0.003836	0.003808	0.003776	0.003740	0.003701	0.003657	0.003611	0.003562	0.003510	0.003456	0.003400	0.003343	0.003284	0.003224	0.003163	0.003101	0.003157	0.003212	0.003266	0.003320	0.003372	0.003422	0.003470	0.003517	0.003561	0.003602	0.003641	0.003676	0.003707	0.003734	0.003757	0.003776	0.003789	0.003797	0.003799	0.003796	

 * Iterace c. 2 * Delta = -0.121158 *
 icase = 0
         0 -> O.K.,
        -1 -> nelze splnit omezujici podminky,
        +1 -> cilova funkce je na polyedru neomezena.
 lambda = 6.901526
 pocet bloku N = 40
 Vektor lokalnich deformaci:
  19: fi 09 int = 1.345498
  42: fi 20 ext = 8.370551
  61: fi 30 int = 13.211782
  82: fi 40 ext = 6.186731
 Vektor indexu spary mezi bloky:
0		1		2		3		4		5		6		7		8		9		10		11		12		13		14		15		16		17		18		19		20		21		22		23		24		25		26		27		28		29		30		31		32		33		34		35		36		37		38		39		40		
 Vektor normalovych sil ve sparach (+ znaci tlak):
11.779206	11.784435	11.770370	11.738003	11.688414	11.622924	11.542328	11.447571	11.340112	11.221100	11.091193	10.951381	10.802703	10.646305	10.483171	10.313720	10.139221	9.960188	9.777169	9.591152	9.402757	9.573571	9.741748	9.907511	10.069066	10.226397	10.378806	10.525531	10.665501	10.798116	10.922353	11.036995	11.141850	11.235120	11.316343	11.384166	11.437645	11.475644	11.497206	11.501321	11.486843	
 Vektor vzdalenosti N od hornoho povrchu klenby:
0.021492	0.046899	0.068994	0.087941	0.103878	0.116909	0.127116	0.134561	0.139282	0.141299	0.140621	0.137235	0.131118	0.122228	0.110513	0.095912	0.078347	0.057730	0.033958	0.006919	0.003101	0.030168	0.054066	0.074908	0.092779	0.107761	0.119924	0.129327	0.136017	0.140034	0.141398	0.140126	0.136210	0.129638	0.120372	0.108362	0.093538	0.075802	0.055038	0.031096	0.003796	
 Vektor posouvajicich sil ve sparach:
-4.056653	-3.558594	-3.070784	-2.593828	-2.128291	-1.674629	-1.233213	-0.804370	-0.388316	0.014765	0.404869	0.781913	1.146023	1.497275	1.835908	2.162145	2.476246	2.778647	3.069697	3.349844	-3.281956	-3.012716	-2.733970	-2.445220	-2.146049	-1.836038	-1.514836	-1.182107	-0.837613	-0.481111	-0.112488	0.268343	0.661445	1.066730	1.484101	1.913320	2.354173	2.806270	3.269177	3.742451	4.225437	
 Vektor e_min:
0.003926	0.003928	0.003923	0.003913	0.003896	0.003874	0.003847	0.003816	0.003780	0.003740	0.003697	0.003650	0.003601	0.003549	0.003494	0.003438	0.003380	0.003320	0.003259	0.003197	0.003134	0.003191	0.003247	0.003302	0.003356	0.003409	0.003460	0.003508	0.003555	0.003599	0.003641	0.003679	0.003714	0.003745	0.003772	0.003795	0.003813	0.003825	0.003832	0.003834	0.003829	

 * Iterace c. 3 * Delta = 0.011604 *
 icase = 0
         0 -> O.K.,
        -1 -> nelze splnit omezujici podminky,
        +1 -> cilova funkce je na polyedru neomezena.
 lambda = 6.889922
 pocet bloku N = 40
 Vektor lokalnich deformaci:
  19: fi 09 int = 1.345429
  42: fi 20 ext = 8.363472
  61: fi 30 int = 13.197730
  82: fi 40 ext = 6.179691
 Vektor indexu spary mezi bloky:
0		1		2		3		4		5		6		7		8		9		10		11		12		13		14		15		16		17		18		19		20		21		22		23		24		25		26		27		28		29		30		31		32		33		34		35		36		37		38		39		40		
 Vektor normalovych sil ve sparach (+ znaci tlak):
11.769095	11.774083	11.759794	11.727233	11.677588	11.611702	11.530953	11.436353	11.328852	11.209620	11.079844	10.940247	10.791607	10.635406	10.472195	10.303181	10.128702	9.949578	9.767010	9.581358	9.393057	9.563435	9.731830	9.897055	10.058551	10.215924	10.367956	10.514624	10.654361	10.787145	10.911227	11.026058	11.130816	11.224242	11.305493	11.373506	11.427073	11.465346	11.487135	11.491490	11.477242	
 Vektor vzdalenosti N od hornoho povrchu klenby:
0.021507	0.046903	0.068986	0.087926	0.103855	0.116880	0.127083	0.134524	0.139243	0.141260	0.140582	0.137195	0.131081	0.122193	0.110485	0.095893	0.078338	0.057731	0.033975	0.006954	0.003134	0.030182	0.054069	0.074898	0.092761	0.107734	0.119891	0.129290	0.135979	0.139991	0.141359	0.140087	0.136175	0.129605	0.120345	0.108341	0.093524	0.075798	0.055044	0.031115	0.003829	
 Vektor posouvajicich sil ve sparach:
-4.051379	-3.553875	-3.066605	-2.590223	-2.125237	-1.672143	-1.231348	-0.803077	-0.387624	0.014872	0.404382	0.780829	1.144348	1.495035	1.833064	2.158714	2.472292	2.774143	3.064640	3.344265	-3.276462	-3.007732	-2.729492	-2.441270	-2.142645	-1.833205	-1.512567	-1.180402	-0.836492	-0.480552	-0.112511	0.267727	0.660277	1.064970	1.481767	1.910446	2.350742	2.802307	3.264673	3.737435	4.219892	
 Vektor e_min:
0.003923	0.003925	0.003920	0.003909	0.003893	0.003871	0.003844	0.003812	0.003776	0.003737	0.003693	0.003647	0.003597	0.003545	0.003491	0.003434	0.003376	0.003317	0.003256	0.003194	0.003131	0.003188	0.003244	0.003299	0.003353	0.003405	0.003456	0.003505	0.003551	0.003596	0.003637	0.003675	0.003710	0.003741	0.003768	0.003791	0.003809	0.003822	0.003829	0.003830	0.003826	

 * Iterace c. 4 * Delta = -0.001222 *
 icase = 0
         0 -> O.K.,
        -1 -> nelze splnit omezujici podminky,
        +1 -> cilova funkce je na polyedru neomezena.
 lambda = 6.891144
 pocet bloku N = 40
 Vektor lokalnich deformaci:
  19: fi 09 int = 1.345409
  42: fi 20 ext = 8.364008
  61: fi 30 int = 13.198853
  82: fi 40 ext = 6.180259
 Vektor indexu spary mezi bloky:
0		1		2		3		4		5		6		7		8		9		10		11		12		13		14		15		16		17		18		19		20		21		22		23		24		25		26		27		28		29		30		31		32		33		34		35		36		37		38		39		40		
 Vektor normalovych sil ve sparach (+ znaci tlak):
11.770186	11.775203	11.760900	11.728404	11.678581	11.612993	11.532130	11.437643	11.330087	11.210940	11.080890	10.941351	10.792745	10.636463	10.473378	10.304206	10.129645	9.950722	9.768172	9.582332	9.393930	9.564805	9.732712	9.897993	10.059500	10.216949	10.369150	10.515594	10.655592	10.788248	10.912300	11.027190	11.131959	11.225563	11.306605	11.374677	11.428236	11.466448	11.488198	11.492500	11.478289	
 Vektor vzdalenosti N od hornoho povrchu klenby:
0.021506	0.046902	0.068987	0.087928	0.103858	0.116882	0.127086	0.134526	0.139246	0.141263	0.140584	0.137200	0.131082	0.122198	0.110488	0.095893	0.078339	0.057732	0.033973	0.006951	0.003131	0.030181	0.054067	0.074898	0.092760	0.107736	0.119895	0.129294	0.135982	0.139996	0.141363	0.140090	0.136177	0.129607	0.120347	0.108343	0.093525	0.075799	0.055044	0.031113	0.003826	
 Vektor posouvajicich sil ve sparach:
-4.051899	-3.554349	-3.067024	-2.590593	-2.125539	-1.672408	-1.231503	-0.803201	-0.387683	0.014882	0.404446	0.780979	1.144542	1.495274	1.833372	2.159087	2.472722	2.774628	3.065182	3.344844	-3.277026	-3.008232	-2.729964	-2.441699	-2.143020	-1.833506	-1.512817	-1.180585	-0.836594	-0.480642	-0.112505	0.267815	0.660372	1.065145	1.482013	1.910755	2.351088	2.802688	3.265138	3.737919	4.220466	
 Vektor e_min:
0.003923	0.003925	0.003920	0.003909	0.003893	0.003871	0.003844	0.003813	0.003777	0.003737	0.003694	0.003647	0.003598	0.003545	0.003491	0.003435	0.003377	0.003317	0.003256	0.003194	0.003131	0.003188	0.003244	0.003299	0.003353	0.003406	0.003456	0.003505	0.003552	0.003596	0.003637	0.003676	0.003711	0.003742	0.003769	0.003792	0.003809	0.003822	0.003829	0.003831	0.003826	
