Vstupni soubor: zlamal6_9.in
***kopie vstupniho souboru***

 2.472500
 0.713750
 1
 0.145000
 20.000000
 0.600000
 40
 1
 1.8 1.000000 0.200000
 0.500000
 0.000000
 0 30.000000
 0 0.600000 0.400000 2.400000
 1
 4 2000.000000 inter4.txt
*****************************
Ortoganalni souradnice intrados a extrados:
X_int	Y_int	X_ext	Y_ext
0.000000	0.000000	-0.125574	0.072500
0.039049	0.063722	-0.082558	0.142695
0.081379	0.125313	-0.035928	0.210542
0.126875	0.184605	0.014189	0.275856
0.175412	0.241434	0.067656	0.338458
0.226856	0.295645	0.124325	0.398175
0.281067	0.347089	0.184043	0.454845
0.337896	0.395626	0.246644	0.508312
0.397187	0.441122	0.311958	0.558429
0.458778	0.483452	0.379806	0.605059
0.522501	0.522501	0.450001	0.648075
0.588179	0.558162	0.522350	0.687358
0.655634	0.590336	0.596657	0.722800
0.724680	0.618936	0.672717	0.754305
0.795129	0.643883	0.750321	0.781786
0.866786	0.665109	0.829257	0.805168
0.939456	0.682556	0.909309	0.824387
1.012940	0.696175	0.990257	0.839390
1.087036	0.705930	1.071879	0.850136
1.161541	0.711794	1.153952	0.856595
1.236250	0.713750	1.236250	0.858750
1.310960	0.711794	1.318548	0.856595
1.385464	0.705930	1.400621	0.850136
1.459560	0.696175	1.482243	0.839390
1.533044	0.682556	1.563191	0.824387
1.605714	0.665109	1.643243	0.805168
1.677372	0.643883	1.722179	0.781786
1.747820	0.618936	1.799783	0.754305
1.816866	0.590336	1.875843	0.722800
1.884321	0.558162	1.950150	0.687358
1.949999	0.522501	2.022500	0.648075
2.013722	0.483452	2.092694	0.605059
2.075313	0.441122	2.160542	0.558429
2.134604	0.395626	2.225856	0.508312
2.191433	0.347089	2.288457	0.454845
2.245644	0.295645	2.348175	0.398175
2.297088	0.241434	2.404845	0.338458
2.345625	0.184605	2.458311	0.275856
2.391121	0.125313	2.508428	0.210542
2.433451	0.063722	2.555058	0.142695
2.472500	0.000000	2.598074	0.072500
Vlastni tiha klenby - jednotlive bloky:
X_p	Y_p	P
-0.043266	0.070339	0.227661
-0.000477	0.136230	0.227661
0.045702	0.199790	0.227661
0.095145	0.260847	0.227661
0.147715	0.319232	0.227661
0.203269	0.374786	0.227661
0.261654	0.427356	0.227661
0.322711	0.476799	0.227661
0.386271	0.522978	0.227661
0.452161	0.565768	0.227661
0.520200	0.605050	0.227661
0.590202	0.640718	0.227661
0.661975	0.672673	0.227661
0.735322	0.700828	0.227661
0.810042	0.725106	0.227661
0.885929	0.745440	0.227661
0.962778	0.761775	0.227662
1.040376	0.774065	0.227661
1.118510	0.782278	0.227661
1.196967	0.786389	0.227661
1.275532	0.786389	0.227661
1.353990	0.782278	0.227661
1.432125	0.774065	0.227661
1.509722	0.761775	0.227662
1.586570	0.745440	0.227661
1.662459	0.725106	0.227661
1.737178	0.700828	0.227661
1.810525	0.672673	0.227661
1.882298	0.640718	0.227661
1.952299	0.605050	0.227661
2.020339	0.565768	0.227661
2.086229	0.522978	0.227661
2.149790	0.476799	0.227661
2.210846	0.427356	0.227661
2.269231	0.374786	0.227661
2.324785	0.319232	0.227661
2.377355	0.260846	0.227661
2.426798	0.199790	0.227661
2.472977	0.136230	0.227662
2.515766	0.070339	0.227661
Tiha nadnasypu pusobici na bloky:
P	h_ver	X_p	Y_p
0.000000	0.070195	-0.104267	0.107269
0.000000	0.067847	-0.059466	0.176294
0.000000	0.065314	-0.011114	0.242881
0.000000	0.062602	0.040657	0.306846
0.000000	0.059718	0.095706	0.368017
0.000000	0.056670	0.153882	0.426223
0.000000	0.053467	0.215026	0.481307
0.000000	0.050117	0.278971	0.533117
0.000000	0.046630	0.345543	0.581511
0.000000	0.043015	0.414559	0.626357
0.000000	0.039283	0.485833	0.667530
0.000000	0.035442	0.559168	0.704919
0.000000	0.031505	0.634365	0.738419
0.000000	0.027481	0.711218	0.767939
0.000000	0.023382	0.789517	0.793397
0.000000	0.019219	0.869048	0.814721
0.000000	0.015003	0.949591	0.831853
0.000000	0.010746	1.030926	0.844744
0.000000	0.006459	1.112828	0.853358
0.000000	0.002155	1.195071	0.857672
0.000000	-0.002155	1.277429	0.857672
0.000000	-0.006459	1.359672	0.853358
0.000000	-0.010746	1.441574	0.844744
0.000000	-0.015003	1.522909	0.831853
0.000000	-0.019219	1.603452	0.814721
0.000000	-0.023382	1.682983	0.793397
0.000000	-0.027481	1.761282	0.767939
0.000000	-0.031505	1.838135	0.738420
0.000000	-0.035442	1.913332	0.704919
0.000000	-0.039283	1.986668	0.667530
0.000000	-0.043016	2.057940	0.626357
0.000000	-0.046630	2.126957	0.581511
0.000000	-0.050117	2.193529	0.533117
0.000000	-0.053467	2.257474	0.481307
0.000000	-0.056670	2.318619	0.426223
0.000000	-0.059718	2.376793	0.368017
0.000000	-0.062602	2.431843	0.306846
0.000000	-0.065314	2.483614	0.242880
0.000000	-0.067848	2.531968	0.176292
0.000000	-0.070195	2.576767	0.107270
Vnejsi zatizeni pusobici na bloky:
X_q	Y_q	Q
-0.125574	0.072500	0.000000
-0.082558	0.142695	0.000000
-0.035928	0.210542	0.000000
0.014189	0.275856	0.000000
0.067656	0.338458	0.000000
0.124325	0.398175	0.000000
0.184043	0.454845	0.000000
0.246644	0.508312	0.000000
0.311958	0.558429	0.000000
0.379806	0.605059	0.000000
0.450001	0.648075	0.000000
0.522350	0.687358	0.000000
0.596657	0.722800	0.000000
0.672717	0.754305	0.000000
0.750321	0.781786	0.000000
0.829257	0.805168	0.000000
0.909309	0.824387	0.000000
0.990257	0.839390	0.000000
1.071879	0.850136	0.000000
1.153952	0.856595	0.000000
1.236250	0.858750	0.000000
1.318548	0.856595	0.000000
1.400621	0.850136	0.000000
1.482243	0.839390	0.000000
1.563191	0.824387	0.000000
1.643243	0.805168	0.000000
1.722179	0.781786	0.000000
1.800000	-10.308593	1.000000
1.875843	0.722800	0.000000
1.950150	0.687358	0.000000
2.022500	0.648075	0.000000
2.092694	0.605059	0.000000
2.160542	0.558429	0.000000
2.225856	0.508312	0.000000
2.288457	0.454845	0.000000
2.348175	0.398175	0.000000
2.404845	0.338458	0.000000
2.458311	0.275856	0.000000
2.508428	0.210542	0.000000
2.555058	0.142695	0.000000
Ortogonalni lokalni souradnice jednotlivych bloku:
a	alfa	b	beta
0.072500	2.617995	0.078531	1.021018
0.072500	2.565635	0.078531	0.968659
0.072500	2.513275	0.078531	0.916299
0.072500	2.460915	0.078531	0.863939
0.072500	2.408555	0.078531	0.811579
0.072500	2.356195	0.078531	0.759219
0.072500	2.303835	0.078531	0.706859
0.072500	2.251475	0.078531	0.654500
0.072500	2.199115	0.078531	0.602139
0.072500	2.146756	0.078531	0.549778
0.072500	2.094395	0.078531	0.497420
0.072500	2.042036	0.078531	0.445059
0.072500	1.989676	0.078531	0.392700
0.072500	1.937316	0.078531	0.340338
0.072500	1.884957	0.078531	0.287981
0.072500	1.832596	0.078531	0.235619
0.072500	1.780236	0.078531	0.183260
0.072500	1.727876	0.078531	0.130899
0.072500	1.675516	0.078531	0.078541
0.072500	1.623156	0.078531	0.026179
0.072500	1.570796	0.078531	-0.026179
0.072500	1.518436	0.078531	-0.078540
0.072500	1.466077	0.078531	-0.130900
0.072500	1.413716	0.078531	-0.183260
0.072500	1.361356	0.078531	-0.235619
0.072500	1.308997	0.078531	-0.287979
0.072500	1.256637	0.078531	-0.340341
0.072500	1.204276	0.078531	-0.392699
0.072500	1.151917	0.078531	-0.445058
0.072500	1.099557	0.078531	-0.497421
0.072500	1.047197	0.078531	-0.549780
0.072500	0.994838	0.078531	-0.602137
0.072500	0.942477	0.078531	-0.654499
0.072500	0.890118	0.078531	-0.706859
0.072500	0.837758	0.078531	-0.759219
0.072500	0.785397	0.078531	-0.811578
0.072500	0.733037	0.078531	-0.863940
0.072500	0.680678	0.078531	-0.916301
0.072500	0.628319	0.078531	-0.968656
0.072500	0.575958	0.078531	-1.021019
0.072500	0.523597	1.000000	-1.047199
Transformovane zatizeni vlastni tihou klenby:
Px	Py	Mp
0.000000	0.227661	0.004444
0.000000	0.227661	0.004844
0.000000	0.227661	0.005231
0.000000	0.227661	0.005603
0.000000	0.227661	0.005961
0.000000	0.227661	0.006301
0.000000	0.227661	0.006625
0.000000	0.227661	0.006930
0.000000	0.227661	0.007216
0.000000	0.227661	0.007483
0.000000	0.227661	0.007729
0.000000	0.227661	0.007954
0.000000	0.227661	0.008157
0.000000	0.227661	0.008338
0.000000	0.227661	0.008496
0.000000	0.227661	0.008630
0.000000	0.227662	0.008741
0.000000	0.227661	0.008828
0.000000	0.227661	0.008891
0.000000	0.227661	0.008929
0.000000	0.227661	0.008943
0.000000	0.227661	0.008933
0.000000	0.227661	0.008897
0.000000	0.227662	0.008838
0.000000	0.227661	0.008754
0.000000	0.227661	0.008647
0.000000	0.227661	0.008515
0.000000	0.227661	0.008360
0.000000	0.227661	0.008183
0.000000	0.227661	0.007983
0.000000	0.227661	0.007761
0.000000	0.227661	0.007518
0.000000	0.227661	0.007254
0.000000	0.227661	0.006970
0.000000	0.227661	0.006667
0.000000	0.227661	0.006346
0.000000	0.227661	0.006008
0.000000	0.227661	0.005653
0.000000	0.227662	0.005282
0.000000	0.227661	0.004897
0.000000	0.000000	0.000000
Transformovane zatizeni nadnasypem:
Px	Py	Mp
0.000000	0.000000	0.000000
0.000000	0.000000	0.000000
0.000000	0.000000	0.000000
0.000000	0.000000	0.000000
0.000000	0.000000	0.000000
0.000000	0.000000	0.000000
0.000000	0.000000	0.000000
0.000000	0.000000	0.000000
0.000000	0.000000	0.000000
0.000000	0.000000	0.000000
0.000000	0.000000	0.000000
0.000000	0.000000	0.000000
0.000000	0.000000	0.000000
0.000000	0.000000	0.000000
0.000000	0.000000	0.000000
0.000000	0.000000	0.000000
0.000000	0.000000	0.000000
0.000000	0.000000	0.000000
0.000000	0.000000	0.000000
0.000000	0.000000	0.000000
0.000000	0.000000	0.000000
0.000000	0.000000	0.000000
0.000000	0.000000	0.000000
0.000000	0.000000	0.000000
0.000000	0.000000	0.000000
0.000000	0.000000	0.000000
0.000000	0.000000	0.000000
0.000000	0.000000	0.000000
0.000000	0.000000	0.000000
0.000000	0.000000	0.000000
0.000000	0.000000	0.000000
0.000000	0.000000	0.000000
0.000000	0.000000	0.000000
0.000000	0.000000	0.000000
0.000000	0.000000	0.000000
0.000000	0.000000	0.000000
0.000000	0.000000	0.000000
0.000000	0.000000	0.000000
0.000000	0.000000	0.000000
0.000000	0.000000	0.000000
0.000000	0.000000	0.000000
Transformovane zatizeni vnejsich sil:
Qx	Qy	Mq
0.000000	0.000000	0.000000
0.000000	0.000000	0.000000
0.000000	0.000000	0.000000
0.000000	0.000000	0.000000
0.000000	0.000000	0.000000
0.000000	0.000000	0.000000
0.000000	0.000000	0.000000
0.000000	0.000000	0.000000
0.000000	0.000000	0.000000
0.000000	0.000000	0.000000
0.000000	0.000000	0.000000
0.000000	0.000000	0.000000
0.000000	0.000000	0.000000
0.000000	0.000000	0.000000
0.000000	0.000000	0.000000
0.000000	0.000000	0.000000
0.000000	0.000000	0.000000
0.000000	0.000000	0.000000
0.000000	0.000000	0.000000
0.000000	0.000000	0.000000
0.000000	0.000000	0.000000
0.000000	0.000000	0.000000
0.000000	0.000000	0.000000
0.000000	0.000000	0.000000
0.000000	0.000000	0.000000
0.000000	0.000000	0.000000
0.000000	0.000000	0.000000
0.000000	1.000000	0.026198
0.000000	0.000000	0.000000
0.000000	0.000000	0.000000
0.000000	0.000000	0.000000
0.000000	0.000000	0.000000
0.000000	0.000000	0.000000
0.000000	0.000000	0.000000
0.000000	0.000000	0.000000
0.000000	0.000000	0.000000
0.000000	0.000000	0.000000
0.000000	0.000000	0.000000
0.000000	0.000000	0.000000
0.000000	0.000000	0.000000
0.000000	0.000000	0.000000

*** vysledky vypoctu ***
 icase = 0
         0 -> O.K.,
        -1 -> nelze splnit omezujici podminky,
        +1 -> cilova funkce je na polyedru neomezena.
 lambda = 4.474189
 pocet bloku N = 40
 Vektor lokalnich deformaci:
   2: fi 00 ext = 2.663055
  27: fi 13 int = 5.699680
  56: fi 27 ext = 4.869386
  75: fi 37 int = 1.832761
 Vektor indexu spary mezi bloky:
0		1		2		3		4		5		6		7		8		9		10		11		12		13		14		15		16		17		18		19		20		21		22		23		24		25		26		27		28		29		30		31		32		33		34		35		36		37		38		39		40		
 Vektor normalovych sil ve sparach (+ znaci tlak):
7.643764	7.572005	7.492405	7.406218	7.314818	7.219349	7.120832	7.020594	6.919716	6.818994	6.719454	6.622275	6.528362	6.438091	6.352580	6.272216	6.197568	6.129579	6.068169	6.013570	5.966573	5.926684	5.894855	5.870489	5.853413	5.843546	5.840633	5.844564	7.674513	7.901590	8.128361	8.353566	8.575891	8.793865	9.006274	9.211701	9.408731	9.595901	9.771884	9.935019	10.083912	
 Vektor vzdalenosti N od hornoho povrchu klenby:
0.000000	0.023559	0.044686	0.063518	0.080176	0.094759	0.107352	0.118033	0.126862	0.133894	0.139186	0.142774	0.144696	0.145000	0.143714	0.140881	0.136535	0.130713	0.123456	0.114805	0.104798	0.093484	0.080890	0.067065	0.052039	0.035841	0.018489	0.000000	0.029245	0.055009	0.077294	0.096227	0.111920	0.124481	0.134000	0.140554	0.144207	0.145000	0.142960	0.138093	0.130384	
 Vektor posouvajicich sil ve sparach:
-2.476414	-2.196944	-1.931472	-1.679956	-1.442393	-1.218552	-1.008244	-0.811122	-0.626746	-0.454669	-0.294335	-0.145095	-0.006285	0.122845	0.243095	0.355335	0.460417	0.559299	0.652922	0.742226	0.828284	0.912079	0.994585	1.076885	1.159954	1.244795	1.332376	1.423682	-2.567713	-2.365410	-2.145807	-1.908378	-1.652750	-1.378612	-1.085640	-0.773786	-0.442972	-0.093196	0.275311	0.662388	1.067579	
 Vektor e_min:
0.002548	0.002524	0.002497	0.002469	0.002438	0.002406	0.002374	0.002340	0.002307	0.002273	0.002240	0.002207	0.002176	0.002146	0.002118	0.002091	0.002066	0.002043	0.002023	0.002005	0.001989	0.001976	0.001965	0.001957	0.001951	0.001948	0.001947	0.001948	0.002558	0.002634	0.002709	0.002785	0.002859	0.002931	0.003002	0.003071	0.003136	0.003199	0.003257	0.003312	0.003361	

 * Iterace c. 1 * Delta = 0.237902 *
 icase = 0
         0 -> O.K.,
        -1 -> nelze splnit omezujici podminky,
        +1 -> cilova funkce je na polyedru neomezena.
 lambda = 4.236287
 pocet bloku N = 40
 Vektor lokalnich deformaci:
   2: fi 00 ext = 2.589252
  27: fi 13 int = 5.561295
  56: fi 27 ext = 4.796467
  75: fi 37 int = 1.824424
 Vektor indexu spary mezi bloky:
0		1		2		3		4		5		6		7		8		9		10		11		12		13		14		15		16		17		18		19		20		21		22		23		24		25		26		27		28		29		30		31		32		33		34		35		36		37		38		39		40		
 Vektor normalovych sil ve sparach (+ znaci tlak):
7.551256	7.475212	7.391632	7.301675	7.206944	7.108212	7.007051	6.903988	6.800879	6.698171	6.597548	6.498972	6.404109	6.313275	6.227685	6.147334	6.073280	6.005932	5.945371	5.892556	5.847127	5.809892	5.780374	5.758628	5.744626	5.738222	5.738974	5.746881	7.484105	7.704710	7.925322	8.144914	8.361900	8.575571	8.783964	8.986144	9.180513	9.365657	9.540161	9.702520	9.851220	
 Vektor vzdalenosti N od hornoho povrchu klenby:
0.002548	0.025538	0.046134	0.064472	0.080668	0.094825	0.107023	0.117339	0.125838	0.132577	0.137599	0.140960	0.142700	0.142854	0.141466	0.138579	0.134227	0.128458	0.121311	0.112828	0.103064	0.092051	0.079836	0.066459	0.051954	0.036358	0.019683	0.001948	0.029964	0.055013	0.076679	0.095071	0.110298	0.122452	0.131616	0.137860	0.141243	0.141801	0.139558	0.134515	0.126656	
 Vektor posouvajicich sil ve sparach:
-2.392192	-2.117734	-1.857417	-1.611319	-1.379302	-1.161179	-0.956775	-0.765688	-0.587458	-0.421662	-0.267703	-0.124904	0.007448	0.130053	0.243760	0.349463	0.448003	0.540365	0.627535	0.710493	0.790256	0.867866	0.944329	1.020684	1.097977	1.177222	1.259403	1.345504	-2.433593	-2.241406	-2.032283	-1.805633	-1.561085	-1.298229	-1.016852	-0.716706	-0.397766	-0.060032	0.296371	0.671307	1.064348	
 Vektor e_min:
0.002517	0.002492	0.002464	0.002434	0.002402	0.002369	0.002336	0.002301	0.002267	0.002233	0.002199	0.002166	0.002135	0.002104	0.002076	0.002049	0.002024	0.002002	0.001982	0.001964	0.001949	0.001937	0.001927	0.001920	0.001915	0.001913	0.001913	0.001916	0.002495	0.002568	0.002642	0.002715	0.002787	0.002859	0.002928	0.002995	0.003060	0.003122	0.003180	0.003234	0.003284	

 * Iterace c. 2 * Delta = -0.004344 *
 icase = 0
         0 -> O.K.,
        -1 -> nelze splnit omezujici podminky,
        +1 -> cilova funkce je na polyedru neomezena.
 lambda = 4.240631
 pocet bloku N = 40
 Vektor lokalnich deformaci:
   2: fi 00 ext = 2.590718
  27: fi 13 int = 5.564023
  56: fi 27 ext = 4.797995
  75: fi 37 int = 1.824687
 Vektor indexu spary mezi bloky:
0		1		2		3		4		5		6		7		8		9		10		11		12		13		14		15		16		17		18		19		20		21		22		23		24		25		26		27		28		29		30		31		32		33		34		35		36		37		38		39		40		
 Vektor normalovych sil ve sparach (+ znaci tlak):
7.552795	7.476760	7.393245	7.303512	7.208628	7.110051	7.008811	6.906107	6.802858	6.700290	6.599540	6.501107	6.406123	6.315367	6.229501	6.149339	6.075093	6.007797	5.947517	5.894338	5.849335	5.811567	5.781841	5.760207	5.746142	5.740042	5.740609	5.748520	7.487522	7.708147	7.928741	8.148144	8.365533	8.579307	8.787863	8.990023	9.184495	9.369723	9.544230	9.706626	9.855388	
 Vektor vzdalenosti N od hornoho povrchu klenby:
0.002517	0.025515	0.046120	0.064467	0.080671	0.094832	0.107037	0.117359	0.125862	0.132604	0.137631	0.140996	0.142736	0.142896	0.141510	0.138622	0.134272	0.128499	0.121350	0.112868	0.103087	0.092073	0.079849	0.066466	0.051953	0.036347	0.019662	0.001916	0.029953	0.055019	0.076696	0.095103	0.110339	0.122500	0.131673	0.137926	0.141314	0.141878	0.139640	0.134602	0.126747	
 Vektor posouvajicich sil ve sparach:
-2.393554	-2.118966	-1.858605	-1.612366	-1.380279	-1.162071	-0.957571	-0.766351	-0.588086	-0.422178	-0.268074	-0.125185	0.007273	0.129975	0.243808	0.349590	0.448262	0.540726	0.628015	0.711059	0.790917	0.868620	0.945182	1.021654	1.099033	1.178374	1.260650	1.346810	-2.436170	-2.243808	-2.034473	-1.807674	-1.562948	-1.299906	-1.018296	-0.717952	-0.398808	-0.060831	0.295789	0.670896	1.064187	
 Vektor e_min:
0.002518	0.002492	0.002464	0.002434	0.002403	0.002370	0.002336	0.002302	0.002268	0.002233	0.002200	0.002167	0.002135	0.002105	0.002076	0.002050	0.002025	0.002003	0.001983	0.001965	0.001950	0.001937	0.001927	0.001920	0.001915	0.001913	0.001914	0.001916	0.002496	0.002569	0.002643	0.002716	0.002788	0.002860	0.002929	0.002997	0.003061	0.003123	0.003181	0.003236	0.003285	
