 icase = 0
         0 -> O.K.,
        -1 -> nelze splnit omezujici podminky,
        +1 -> cilova funkce je na polyedru neomezena.
 lambda = 7.309733
 pocet bloku N = 40
 Vektor lokalnich deformaci:
   2: fi 00 ext = 2.898558
  31: fi 15 int = 6.006729
  66: fi 32 ext = 6.777914
  81: fi 40 int = 3.669743
 Vektor indexu spary mezi bloky:
0		1		2		3		4		5		6		7		8		9		10		11		12		13		14		15		16		17		18		19		20		21		22		23		24		25		26		27		28		29		30		31		32		33		34		35		36		37		38		39		40		
 Vektor normalovych sil ve sparach (+ znaci tlak):
6.934293	6.844165	6.748122	6.647565	6.543786	6.438249	6.331686	6.225609	6.121058	6.018777	5.919813	5.825657	5.736897	5.653664	5.577691	5.508780	5.447717	5.395229	5.351539	5.316696	5.291255	5.274665	5.268072	5.270563	5.282272	5.302256	5.330832	5.367801	5.412413	5.463603	5.521028	5.584195	5.651947	10.323697	10.689012	11.042767	11.383084	11.708165	12.016231	12.305365	12.573694	
 Vektor vzdalenosti N od hornoho povrchu klenby:
0.000000	0.021837	0.041502	0.059134	0.074851	0.088758	0.100945	0.111498	0.120492	0.127987	0.134067	0.138769	0.142157	0.144296	0.145218	0.145000	0.143674	0.141303	0.137918	0.133576	0.128319	0.122190	0.115200	0.107402	0.098797	0.089400	0.079210	0.068211	0.056389	0.043704	0.030117	0.015574	0.000000	0.009058	0.041742	0.069487	0.092658	0.111561	0.126453	0.137544	0.145000	
 Vektor posouvajicich sil ve sparach:
-2.106211	-1.864387	-1.637462	-1.425295	-1.227792	-1.044591	-0.875416	-0.719775	-0.577139	-0.446911	-0.328476	-0.221034	-0.123814	-0.035957	0.043481	0.115429	0.180882	0.240899	0.296545	0.348830	0.398955	0.448001	0.497007	0.547204	0.599595	0.655308	0.715374	0.780843	0.852778	0.931985	1.019480	1.116131	1.222672	-4.340901	-3.963779	-3.559925	-3.129464	-2.672682	-2.190075	-1.682156	-1.149704	

 * Iterace c. 1 * Delta = 0.286862 *
 icase = 0
         0 -> O.K.,
        -1 -> nelze splnit omezujici podminky,
        +1 -> cilova funkce je na polyedru neomezena.
 lambda = 7.022871
 pocet bloku N = 40
 Vektor lokalnich deformaci:
   2: fi 00 ext = 3.074294
  29: fi 14 int = 5.983396
  66: fi 32 ext = 6.542480
  81: fi 40 int = 3.633377
 Vektor indexu spary mezi bloky:
0		1		2		3		4		5		6		7		8		9		10		11		12		13		14		15		16		17		18		19		20		21		22		23		24		25		26		27		28		29		30		31		32		33		34		35		36		37		38		39		40		
 Vektor normalovych sil ve sparach (+ znaci tlak):
6.900717	6.808497	6.710489	6.608280	6.502834	6.395521	6.287361	6.179945	6.073933	5.970772	5.871221	5.775732	5.686208	5.602882	5.525878	5.457047	5.395841	5.343307	5.299519	5.264844	5.239873	5.223919	5.217911	5.221244	5.233504	5.254922	5.285115	5.323087	5.368968	5.422348	5.481186	5.546103	5.615583	10.108965	10.465101	10.810072	11.142413	11.460253	11.761454	12.044533	12.307545	
 Vektor vzdalenosti N od hornoho povrchu klenby:
0.001734	0.023236	0.042584	0.059912	0.075337	0.088965	0.100886	0.111189	0.119943	0.127219	0.133085	0.137600	0.140822	0.142802	0.143606	0.143280	0.141879	0.139460	0.136068	0.131746	0.126539	0.120498	0.113638	0.105991	0.097582	0.088410	0.078478	0.067772	0.056268	0.043935	0.030722	0.016574	0.001413	0.009617	0.041590	0.068707	0.091314	0.109709	0.124136	0.134799	0.141857	
 Vektor posouvajicich sil ve sparach:
-2.066324	-1.826359	-1.601329	-1.391207	-1.195789	-1.014757	-0.847863	-0.694534	-0.554381	-0.426653	-0.310715	-0.205903	-0.111282	-0.026116	0.050652	0.119864	0.182593	0.239898	0.292786	0.342384	0.389796	0.436134	0.482543	0.530107	0.579963	0.633163	0.690812	0.753932	0.823511	0.900524	0.985896	1.080450	1.185089	-4.157358	-3.791765	-3.399880	-2.981783	-2.537835	-2.068402	-1.574014	-1.055285	

 * Iterace c. 2 * Delta = -0.003861 *
 icase = 0
         0 -> O.K.,
        -1 -> nelze splnit omezujici podminky,
        +1 -> cilova funkce je na polyedru neomezena.
 lambda = 7.026732
 pocet bloku N = 40
 Vektor lokalnich deformaci:
   2: fi 00 ext = 3.075342
  29: fi 14 int = 5.985182
  66: fi 32 ext = 6.543957
  81: fi 40 int = 3.634116
 Vektor indexu spary mezi bloky:
0		1		2		3		4		5		6		7		8		9		10		11		12		13		14		15		16		17		18		19		20		21		22		23		24		25		26		27		28		29		30		31		32		33		34		35		36		37		38		39		40		
 Vektor normalovych sil ve sparach (+ znaci tlak):
6.900885	6.808681	6.710664	6.608363	6.502951	6.395738	6.287709	6.180166	6.074169	5.971033	5.871071	5.776194	5.686395	5.603047	5.526166	5.456953	5.396096	5.343349	5.299650	5.265323	5.240148	5.224319	5.218082	5.221571	5.234115	5.255272	5.285305	5.323440	5.369173	5.422046	5.481180	5.546314	5.615973	10.111467	10.467843	10.812941	11.145523	11.463334	11.764733	12.047881	12.310975	
 Vektor vzdalenosti N od hornoho povrchu klenby:
0.001725	0.023230	0.042579	0.059908	0.075337	0.088966	0.100890	0.111191	0.119947	0.127228	0.133096	0.137611	0.140829	0.142810	0.143619	0.143299	0.141895	0.139470	0.136081	0.131757	0.126552	0.120502	0.113643	0.105998	0.097580	0.088409	0.078472	0.067770	0.056265	0.043931	0.030714	0.016565	0.001404	0.009616	0.041604	0.068730	0.091348	0.109752	0.124188	0.134858	0.141923	
 Vektor posouvajicich sil ve sparach:
-2.066574	-1.826532	-1.601514	-1.391390	-1.195940	-1.014931	-0.847986	-0.694696	-0.554470	-0.426747	-0.310823	-0.205982	-0.111368	-0.026140	0.050584	0.119858	0.182611	0.239910	0.292821	0.342423	0.389859	0.436239	0.482631	0.530231	0.580090	0.633296	0.690949	0.754081	0.823689	0.900726	0.986117	1.080653	1.185326	-4.160125	-3.794413	-3.402366	-2.984120	-2.539997	-2.070414	-1.575815	-1.056969	
