Vstupni soubor: zlamal4_11.in
***kopie vstupniho souboru***

 2.472500
 0.713750
 1
 0.145000
 20.000000
 0.600000
 40
 1
 2.2 1.000000 0.200000
 0.500000
 0.000000
 0 30.000000
 0 0.600000 0.400000 2.400000
 1
 4 2000.000000 inter2.txt
*****************************
Ortoganalni souradnice intrados a extrados:
X_int	Y_int	X_ext	Y_ext
0.000000	0.000000	-0.125574	0.072500
0.039049	0.063722	-0.082558	0.142695
0.081379	0.125313	-0.035928	0.210542
0.126875	0.184605	0.014189	0.275856
0.175412	0.241434	0.067656	0.338458
0.226856	0.295645	0.124325	0.398175
0.281067	0.347089	0.184043	0.454845
0.337896	0.395626	0.246644	0.508312
0.397187	0.441122	0.311958	0.558429
0.458778	0.483452	0.379806	0.605059
0.522501	0.522501	0.450001	0.648075
0.588179	0.558162	0.522350	0.687358
0.655634	0.590336	0.596657	0.722800
0.724680	0.618936	0.672717	0.754305
0.795129	0.643883	0.750321	0.781786
0.866786	0.665109	0.829257	0.805168
0.939456	0.682556	0.909309	0.824387
1.012940	0.696175	0.990257	0.839390
1.087036	0.705930	1.071879	0.850136
1.161541	0.711794	1.153952	0.856595
1.236250	0.713750	1.236250	0.858750
1.310960	0.711794	1.318548	0.856595
1.385464	0.705930	1.400621	0.850136
1.459560	0.696175	1.482243	0.839390
1.533044	0.682556	1.563191	0.824387
1.605714	0.665109	1.643243	0.805168
1.677372	0.643883	1.722179	0.781786
1.747820	0.618936	1.799783	0.754305
1.816866	0.590336	1.875843	0.722800
1.884321	0.558162	1.950150	0.687358
1.949999	0.522501	2.022500	0.648075
2.013722	0.483452	2.092694	0.605059
2.075313	0.441122	2.160542	0.558429
2.134604	0.395626	2.225856	0.508312
2.191433	0.347089	2.288457	0.454845
2.245644	0.295645	2.348175	0.398175
2.297088	0.241434	2.404845	0.338458
2.345625	0.184605	2.458311	0.275856
2.391121	0.125313	2.508428	0.210542
2.433451	0.063722	2.555058	0.142695
2.472500	0.000000	2.598074	0.072500
Vlastni tiha klenby - jednotlive bloky:
X_p	Y_p	P
-0.043266	0.070339	0.227661
-0.000477	0.136230	0.227661
0.045702	0.199790	0.227661
0.095145	0.260847	0.227661
0.147715	0.319232	0.227661
0.203269	0.374786	0.227661
0.261654	0.427356	0.227661
0.322711	0.476799	0.227661
0.386271	0.522978	0.227661
0.452161	0.565768	0.227661
0.520200	0.605050	0.227661
0.590202	0.640718	0.227661
0.661975	0.672673	0.227661
0.735322	0.700828	0.227661
0.810042	0.725106	0.227661
0.885929	0.745440	0.227661
0.962778	0.761775	0.227662
1.040376	0.774065	0.227661
1.118510	0.782278	0.227661
1.196967	0.786389	0.227661
1.275532	0.786389	0.227661
1.353990	0.782278	0.227661
1.432125	0.774065	0.227661
1.509722	0.761775	0.227662
1.586570	0.745440	0.227661
1.662459	0.725106	0.227661
1.737178	0.700828	0.227661
1.810525	0.672673	0.227661
1.882298	0.640718	0.227661
1.952299	0.605050	0.227661
2.020339	0.565768	0.227661
2.086229	0.522978	0.227661
2.149790	0.476799	0.227661
2.210846	0.427356	0.227661
2.269231	0.374786	0.227661
2.324785	0.319232	0.227661
2.377355	0.260846	0.227661
2.426798	0.199790	0.227661
2.472977	0.136230	0.227662
2.515766	0.070339	0.227661
Tiha nadnasypu pusobici na bloky:
P	h_ver	X_p	Y_p
0.000000	0.070195	-0.104267	0.107269
0.000000	0.067847	-0.059466	0.176294
0.000000	0.065314	-0.011114	0.242881
0.000000	0.062602	0.040657	0.306846
0.000000	0.059718	0.095706	0.368017
0.000000	0.056670	0.153882	0.426223
0.000000	0.053467	0.215026	0.481307
0.000000	0.050117	0.278971	0.533117
0.000000	0.046630	0.345543	0.581511
0.000000	0.043015	0.414559	0.626357
0.000000	0.039283	0.485833	0.667530
0.000000	0.035442	0.559168	0.704919
0.000000	0.031505	0.634365	0.738419
0.000000	0.027481	0.711218	0.767939
0.000000	0.023382	0.789517	0.793397
0.000000	0.019219	0.869048	0.814721
0.000000	0.015003	0.949591	0.831853
0.000000	0.010746	1.030926	0.844744
0.000000	0.006459	1.112828	0.853358
0.000000	0.002155	1.195071	0.857672
0.000000	-0.002155	1.277429	0.857672
0.000000	-0.006459	1.359672	0.853358
0.000000	-0.010746	1.441574	0.844744
0.000000	-0.015003	1.522909	0.831853
0.000000	-0.019219	1.603452	0.814721
0.000000	-0.023382	1.682983	0.793397
0.000000	-0.027481	1.761282	0.767939
0.000000	-0.031505	1.838135	0.738420
0.000000	-0.035442	1.913332	0.704919
0.000000	-0.039283	1.986668	0.667530
0.000000	-0.043016	2.057940	0.626357
0.000000	-0.046630	2.126957	0.581511
0.000000	-0.050117	2.193529	0.533117
0.000000	-0.053467	2.257474	0.481307
0.000000	-0.056670	2.318619	0.426223
0.000000	-0.059718	2.376793	0.368017
0.000000	-0.062602	2.431843	0.306846
0.000000	-0.065314	2.483614	0.242880
0.000000	-0.067848	2.531968	0.176292
0.000000	-0.070195	2.576767	0.107270
Vnejsi zatizeni pusobici na bloky:
X_q	Y_q	Q
-0.125574	0.072500	0.000000
-0.082558	0.142695	0.000000
-0.035928	0.210542	0.000000
0.014189	0.275856	0.000000
0.067656	0.338458	0.000000
0.124325	0.398175	0.000000
0.184043	0.454845	0.000000
0.246644	0.508312	0.000000
0.311958	0.558429	0.000000
0.379806	0.605059	0.000000
0.450001	0.648075	0.000000
0.522350	0.687358	0.000000
0.596657	0.722800	0.000000
0.672717	0.754305	0.000000
0.750321	0.781786	0.000000
0.829257	0.805168	0.000000
0.909309	0.824387	0.000000
0.990257	0.839390	0.000000
1.071879	0.850136	0.000000
1.153952	0.856595	0.000000
1.236250	0.858750	0.000000
1.318548	0.856595	0.000000
1.400621	0.850136	0.000000
1.482243	0.839390	0.000000
1.563191	0.824387	0.000000
1.643243	0.805168	0.000000
1.722179	0.781786	0.000000
1.799783	0.754305	0.000000
1.875843	0.722800	0.000000
1.950150	0.687358	0.000000
2.022500	0.648075	0.000000
2.092694	0.605059	0.000000
2.200000	0.475472	1.000000
2.225856	0.508312	0.000000
2.288457	0.454845	0.000000
2.348175	0.398175	0.000000
2.404845	0.338458	0.000000
2.458311	0.275856	0.000000
2.508428	0.210542	0.000000
2.555058	0.142695	0.000000
Ortogonalni lokalni souradnice jednotlivych bloku:
a	alfa	b	beta
0.072500	2.617995	0.078531	1.021018
0.072500	2.565635	0.078531	0.968659
0.072500	2.513275	0.078531	0.916299
0.072500	2.460915	0.078531	0.863939
0.072500	2.408555	0.078531	0.811579
0.072500	2.356195	0.078531	0.759219
0.072500	2.303835	0.078531	0.706859
0.072500	2.251475	0.078531	0.654500
0.072500	2.199115	0.078531	0.602139
0.072500	2.146756	0.078531	0.549778
0.072500	2.094395	0.078531	0.497420
0.072500	2.042036	0.078531	0.445059
0.072500	1.989676	0.078531	0.392700
0.072500	1.937316	0.078531	0.340338
0.072500	1.884957	0.078531	0.287981
0.072500	1.832596	0.078531	0.235619
0.072500	1.780236	0.078531	0.183260
0.072500	1.727876	0.078531	0.130899
0.072500	1.675516	0.078531	0.078541
0.072500	1.623156	0.078531	0.026179
0.072500	1.570796	0.078531	-0.026179
0.072500	1.518436	0.078531	-0.078540
0.072500	1.466077	0.078531	-0.130900
0.072500	1.413716	0.078531	-0.183260
0.072500	1.361356	0.078531	-0.235619
0.072500	1.308997	0.078531	-0.287979
0.072500	1.256637	0.078531	-0.340341
0.072500	1.204276	0.078531	-0.392699
0.072500	1.151917	0.078531	-0.445058
0.072500	1.099557	0.078531	-0.497421
0.072500	1.047197	0.078531	-0.549780
0.072500	0.994838	0.078531	-0.602137
0.072500	0.942477	0.078531	-0.654499
0.072500	0.890118	0.078531	-0.706859
0.072500	0.837758	0.078531	-0.759219
0.072500	0.785397	0.078531	-0.811578
0.072500	0.733037	0.078531	-0.863940
0.072500	0.680678	0.078531	-0.916301
0.072500	0.628319	0.078531	-0.968656
0.072500	0.575958	0.078531	-1.021019
0.072500	0.523597	1.000000	-1.047199
Transformovane zatizeni vlastni tihou klenby:
Px	Py	Mp
0.000000	0.227661	0.004444
0.000000	0.227661	0.004844
0.000000	0.227661	0.005231
0.000000	0.227661	0.005603
0.000000	0.227661	0.005961
0.000000	0.227661	0.006301
0.000000	0.227661	0.006625
0.000000	0.227661	0.006930
0.000000	0.227661	0.007216
0.000000	0.227661	0.007483
0.000000	0.227661	0.007729
0.000000	0.227661	0.007954
0.000000	0.227661	0.008157
0.000000	0.227661	0.008338
0.000000	0.227661	0.008496
0.000000	0.227661	0.008630
0.000000	0.227662	0.008741
0.000000	0.227661	0.008828
0.000000	0.227661	0.008891
0.000000	0.227661	0.008929
0.000000	0.227661	0.008943
0.000000	0.227661	0.008933
0.000000	0.227661	0.008897
0.000000	0.227662	0.008838
0.000000	0.227661	0.008754
0.000000	0.227661	0.008647
0.000000	0.227661	0.008515
0.000000	0.227661	0.008360
0.000000	0.227661	0.008183
0.000000	0.227661	0.007983
0.000000	0.227661	0.007761
0.000000	0.227661	0.007518
0.000000	0.227661	0.007254
0.000000	0.227661	0.006970
0.000000	0.227661	0.006667
0.000000	0.227661	0.006346
0.000000	0.227661	0.006008
0.000000	0.227661	0.005653
0.000000	0.227662	0.005282
0.000000	0.227661	0.004897
0.000000	0.000000	0.000000
Transformovane zatizeni nadnasypem:
Px	Py	Mp
0.000000	0.000000	0.000000
0.000000	0.000000	0.000000
0.000000	0.000000	0.000000
0.000000	0.000000	0.000000
0.000000	0.000000	0.000000
0.000000	0.000000	0.000000
0.000000	0.000000	0.000000
0.000000	0.000000	0.000000
0.000000	0.000000	0.000000
0.000000	0.000000	0.000000
0.000000	0.000000	0.000000
0.000000	0.000000	0.000000
0.000000	0.000000	0.000000
0.000000	0.000000	0.000000
0.000000	0.000000	0.000000
0.000000	0.000000	0.000000
0.000000	0.000000	0.000000
0.000000	0.000000	0.000000
0.000000	0.000000	0.000000
0.000000	0.000000	0.000000
0.000000	0.000000	0.000000
0.000000	0.000000	0.000000
0.000000	0.000000	0.000000
0.000000	0.000000	0.000000
0.000000	0.000000	0.000000
0.000000	0.000000	0.000000
0.000000	0.000000	0.000000
0.000000	0.000000	0.000000
0.000000	0.000000	0.000000
0.000000	0.000000	0.000000
0.000000	0.000000	0.000000
0.000000	0.000000	0.000000
0.000000	0.000000	0.000000
0.000000	0.000000	0.000000
0.000000	0.000000	0.000000
0.000000	0.000000	0.000000
0.000000	0.000000	0.000000
0.000000	0.000000	0.000000
0.000000	0.000000	0.000000
0.000000	0.000000	0.000000
0.000000	0.000000	0.000000
Transformovane zatizeni vnejsich sil:
Qx	Qy	Mq
0.000000	0.000000	0.000000
0.000000	0.000000	0.000000
0.000000	0.000000	0.000000
0.000000	0.000000	0.000000
0.000000	0.000000	0.000000
0.000000	0.000000	0.000000
0.000000	0.000000	0.000000
0.000000	0.000000	0.000000
0.000000	0.000000	0.000000
0.000000	0.000000	0.000000
0.000000	0.000000	0.000000
0.000000	0.000000	0.000000
0.000000	0.000000	0.000000
0.000000	0.000000	0.000000
0.000000	0.000000	0.000000
0.000000	0.000000	0.000000
0.000000	0.000000	0.000000
0.000000	0.000000	0.000000
0.000000	0.000000	0.000000
0.000000	0.000000	0.000000
0.000000	0.000000	0.000000
0.000000	0.000000	0.000000
0.000000	0.000000	0.000000
0.000000	0.000000	0.000000
0.000000	0.000000	0.000000
0.000000	0.000000	0.000000
0.000000	0.000000	0.000000
0.000000	0.000000	0.000000
0.000000	0.000000	0.000000
0.000000	0.000000	0.000000
0.000000	0.000000	0.000000
0.000000	0.000000	0.000000
0.000000	1.000000	0.082073
0.000000	0.000000	0.000000
0.000000	0.000000	0.000000
0.000000	0.000000	0.000000
0.000000	0.000000	0.000000
0.000000	0.000000	0.000000
0.000000	0.000000	0.000000
0.000000	0.000000	0.000000
0.000000	0.000000	0.000000

*** vysledky vypoctu ***
 icase = 0
         0 -> O.K.,
        -1 -> nelze splnit omezujici podminky,
        +1 -> cilova funkce je na polyedru neomezena.
 lambda = 7.309733
 pocet bloku N = 40
 Vektor lokalnich deformaci:
   2: fi 00 ext = 2.898558
  31: fi 15 int = 6.006729
  66: fi 32 ext = 6.777914
  81: fi 40 int = 3.669743
 Vektor indexu spary mezi bloky:
0		1		2		3		4		5		6		7		8		9		10		11		12		13		14		15		16		17		18		19		20		21		22		23		24		25		26		27		28		29		30		31		32		33		34		35		36		37		38		39		40		
 Vektor normalovych sil ve sparach (+ znaci tlak):
6.934293	6.844165	6.748122	6.647565	6.543786	6.438249	6.331686	6.225609	6.121058	6.018777	5.919813	5.825657	5.736897	5.653664	5.577691	5.508780	5.447717	5.395229	5.351539	5.316696	5.291255	5.274665	5.268072	5.270563	5.282272	5.302256	5.330832	5.367801	5.412413	5.463603	5.521028	5.584195	5.651947	10.323697	10.689012	11.042767	11.383084	11.708165	12.016231	12.305365	12.573694	
 Vektor vzdalenosti N od hornoho povrchu klenby:
0.000000	0.021837	0.041502	0.059134	0.074851	0.088758	0.100945	0.111498	0.120492	0.127987	0.134067	0.138769	0.142157	0.144296	0.145218	0.145000	0.143674	0.141303	0.137918	0.133576	0.128319	0.122190	0.115200	0.107402	0.098797	0.089400	0.079210	0.068211	0.056389	0.043704	0.030117	0.015574	0.000000	0.009058	0.041742	0.069487	0.092658	0.111561	0.126453	0.137544	0.145000	
 Vektor posouvajicich sil ve sparach:
-2.106211	-1.864387	-1.637462	-1.425295	-1.227792	-1.044591	-0.875416	-0.719775	-0.577139	-0.446911	-0.328476	-0.221034	-0.123814	-0.035957	0.043481	0.115429	0.180882	0.240899	0.296545	0.348830	0.398955	0.448001	0.497007	0.547204	0.599595	0.655308	0.715374	0.780843	0.852778	0.931985	1.019480	1.116131	1.222672	-4.340901	-3.963779	-3.559925	-3.129464	-2.672682	-2.190075	-1.682156	-1.149704	
 Vektor e_min:
0.001734	0.001711	0.001687	0.001662	0.001636	0.001610	0.001583	0.001556	0.001530	0.001505	0.001480	0.001456	0.001434	0.001413	0.001394	0.001377	0.001362	0.001349	0.001338	0.001329	0.001323	0.001319	0.001317	0.001318	0.001321	0.001325	0.001333	0.001342	0.001353	0.001366	0.001380	0.001396	0.001413	0.002581	0.002672	0.002761	0.002846	0.002927	0.003004	0.003076	0.003143	

 * Iterace c. 1 * Delta = 0.286862 *
 icase = 0
         0 -> O.K.,
        -1 -> nelze splnit omezujici podminky,
        +1 -> cilova funkce je na polyedru neomezena.
 lambda = 7.022871
 pocet bloku N = 40
 Vektor lokalnich deformaci:
   2: fi 00 ext = 3.074294
  29: fi 14 int = 5.983396
  66: fi 32 ext = 6.542480
  81: fi 40 int = 3.633377
 Vektor indexu spary mezi bloky:
0		1		2		3		4		5		6		7		8		9		10		11		12		13		14		15		16		17		18		19		20		21		22		23		24		25		26		27		28		29		30		31		32		33		34		35		36		37		38		39		40		
 Vektor normalovych sil ve sparach (+ znaci tlak):
6.900717	6.808497	6.710489	6.608280	6.502834	6.395521	6.287361	6.179945	6.073933	5.970772	5.871221	5.775732	5.686208	5.602882	5.525878	5.457047	5.395841	5.343307	5.299519	5.264844	5.239873	5.223919	5.217911	5.221244	5.233504	5.254922	5.285115	5.323087	5.368968	5.422348	5.481186	5.546103	5.615583	10.108965	10.465101	10.810072	11.142413	11.460253	11.761454	12.044533	12.307545	
 Vektor vzdalenosti N od hornoho povrchu klenby:
0.001734	0.023236	0.042584	0.059912	0.075337	0.088965	0.100886	0.111189	0.119943	0.127219	0.133085	0.137600	0.140822	0.142802	0.143606	0.143280	0.141879	0.139460	0.136068	0.131746	0.126539	0.120498	0.113638	0.105991	0.097582	0.088410	0.078478	0.067772	0.056268	0.043935	0.030722	0.016574	0.001413	0.009617	0.041590	0.068707	0.091314	0.109709	0.124136	0.134799	0.141857	
 Vektor posouvajicich sil ve sparach:
-2.066324	-1.826359	-1.601329	-1.391207	-1.195789	-1.014757	-0.847863	-0.694534	-0.554381	-0.426653	-0.310715	-0.205903	-0.111282	-0.026116	0.050652	0.119864	0.182593	0.239898	0.292786	0.342384	0.389796	0.436134	0.482543	0.530107	0.579963	0.633163	0.690812	0.753932	0.823511	0.900524	0.985896	1.080450	1.185089	-4.157358	-3.791765	-3.399880	-2.981783	-2.537835	-2.068402	-1.574014	-1.055285	
 Vektor e_min:
0.001725	0.001702	0.001678	0.001652	0.001626	0.001599	0.001572	0.001545	0.001518	0.001493	0.001468	0.001444	0.001422	0.001401	0.001381	0.001364	0.001349	0.001336	0.001325	0.001316	0.001310	0.001306	0.001304	0.001305	0.001308	0.001314	0.001321	0.001331	0.001342	0.001356	0.001370	0.001386	0.001404	0.002527	0.002616	0.002703	0.002786	0.002865	0.002940	0.003011	0.003077	

 * Iterace c. 2 * Delta = -0.003861 *
 icase = 0
         0 -> O.K.,
        -1 -> nelze splnit omezujici podminky,
        +1 -> cilova funkce je na polyedru neomezena.
 lambda = 7.026732
 pocet bloku N = 40
 Vektor lokalnich deformaci:
   2: fi 00 ext = 3.075342
  29: fi 14 int = 5.985182
  66: fi 32 ext = 6.543957
  81: fi 40 int = 3.634116
 Vektor indexu spary mezi bloky:
0		1		2		3		4		5		6		7		8		9		10		11		12		13		14		15		16		17		18		19		20		21		22		23		24		25		26		27		28		29		30		31		32		33		34		35		36		37		38		39		40		
 Vektor normalovych sil ve sparach (+ znaci tlak):
6.900885	6.808681	6.710664	6.608363	6.502951	6.395738	6.287709	6.180166	6.074169	5.971033	5.871071	5.776194	5.686395	5.603047	5.526166	5.456953	5.396096	5.343349	5.299650	5.265323	5.240148	5.224319	5.218082	5.221571	5.234115	5.255272	5.285305	5.323440	5.369173	5.422046	5.481180	5.546314	5.615973	10.111467	10.467843	10.812941	11.145523	11.463334	11.764733	12.047881	12.310975	
 Vektor vzdalenosti N od hornoho povrchu klenby:
0.001725	0.023230	0.042579	0.059908	0.075337	0.088966	0.100890	0.111191	0.119947	0.127228	0.133096	0.137611	0.140829	0.142810	0.143619	0.143299	0.141895	0.139470	0.136081	0.131757	0.126552	0.120502	0.113643	0.105998	0.097580	0.088409	0.078472	0.067770	0.056265	0.043931	0.030714	0.016565	0.001404	0.009616	0.041604	0.068730	0.091348	0.109752	0.124188	0.134858	0.141923	
 Vektor posouvajicich sil ve sparach:
-2.066574	-1.826532	-1.601514	-1.391390	-1.195940	-1.014931	-0.847986	-0.694696	-0.554470	-0.426747	-0.310823	-0.205982	-0.111368	-0.026140	0.050584	0.119858	0.182611	0.239910	0.292821	0.342423	0.389859	0.436239	0.482631	0.530231	0.580090	0.633296	0.690949	0.754081	0.823689	0.900726	0.986117	1.080653	1.185326	-4.160125	-3.794413	-3.402366	-2.984120	-2.539997	-2.070414	-1.575815	-1.056969	
 Vektor e_min:
0.001725	0.001702	0.001678	0.001652	0.001626	0.001599	0.001572	0.001545	0.001519	0.001493	0.001468	0.001444	0.001422	0.001401	0.001381	0.001364	0.001349	0.001336	0.001325	0.001316	0.001310	0.001306	0.001304	0.001305	0.001308	0.001314	0.001321	0.001331	0.001342	0.001355	0.001370	0.001387	0.001404	0.002528	0.002617	0.002703	0.002786	0.002866	0.002941	0.003012	0.003078	
