Vstupni soubor: zlamal4_2.in
***kopie vstupniho souboru***

 2.472500
 0.713750
 1
 0.145000
 20.000000
 0.600000
 40
 1
 0.4 1.000000 0.200000
 0.500000
 0.000000
 0 30.000000
 0 0.600000 0.400000 2.400000
 1
 4 2000.000000 inter2.txt
*****************************
Ortoganalni souradnice intrados a extrados:
X_int	Y_int	X_ext	Y_ext
0.000000	0.000000	-0.125574	0.072500
0.039049	0.063722	-0.082558	0.142695
0.081379	0.125313	-0.035928	0.210542
0.126875	0.184605	0.014189	0.275856
0.175412	0.241434	0.067656	0.338458
0.226856	0.295645	0.124325	0.398175
0.281067	0.347089	0.184043	0.454845
0.337896	0.395626	0.246644	0.508312
0.397187	0.441122	0.311958	0.558429
0.458778	0.483452	0.379806	0.605059
0.522501	0.522501	0.450001	0.648075
0.588179	0.558162	0.522350	0.687358
0.655634	0.590336	0.596657	0.722800
0.724680	0.618936	0.672717	0.754305
0.795129	0.643883	0.750321	0.781786
0.866786	0.665109	0.829257	0.805168
0.939456	0.682556	0.909309	0.824387
1.012940	0.696175	0.990257	0.839390
1.087036	0.705930	1.071879	0.850136
1.161541	0.711794	1.153952	0.856595
1.236250	0.713750	1.236250	0.858750
1.310960	0.711794	1.318548	0.856595
1.385464	0.705930	1.400621	0.850136
1.459560	0.696175	1.482243	0.839390
1.533044	0.682556	1.563191	0.824387
1.605714	0.665109	1.643243	0.805168
1.677372	0.643883	1.722179	0.781786
1.747820	0.618936	1.799783	0.754305
1.816866	0.590336	1.875843	0.722800
1.884321	0.558162	1.950150	0.687358
1.949999	0.522501	2.022500	0.648075
2.013722	0.483452	2.092694	0.605059
2.075313	0.441122	2.160542	0.558429
2.134604	0.395626	2.225856	0.508312
2.191433	0.347089	2.288457	0.454845
2.245644	0.295645	2.348175	0.398175
2.297088	0.241434	2.404845	0.338458
2.345625	0.184605	2.458311	0.275856
2.391121	0.125313	2.508428	0.210542
2.433451	0.063722	2.555058	0.142695
2.472500	0.000000	2.598074	0.072500
Vlastni tiha klenby - jednotlive bloky:
X_p	Y_p	P
-0.043266	0.070339	0.227661
-0.000477	0.136230	0.227661
0.045702	0.199790	0.227661
0.095145	0.260847	0.227661
0.147715	0.319232	0.227661
0.203269	0.374786	0.227661
0.261654	0.427356	0.227661
0.322711	0.476799	0.227661
0.386271	0.522978	0.227661
0.452161	0.565768	0.227661
0.520200	0.605050	0.227661
0.590202	0.640718	0.227661
0.661975	0.672673	0.227661
0.735322	0.700828	0.227661
0.810042	0.725106	0.227661
0.885929	0.745440	0.227661
0.962778	0.761775	0.227662
1.040376	0.774065	0.227661
1.118510	0.782278	0.227661
1.196967	0.786389	0.227661
1.275532	0.786389	0.227661
1.353990	0.782278	0.227661
1.432125	0.774065	0.227661
1.509722	0.761775	0.227662
1.586570	0.745440	0.227661
1.662459	0.725106	0.227661
1.737178	0.700828	0.227661
1.810525	0.672673	0.227661
1.882298	0.640718	0.227661
1.952299	0.605050	0.227661
2.020339	0.565768	0.227661
2.086229	0.522978	0.227661
2.149790	0.476799	0.227661
2.210846	0.427356	0.227661
2.269231	0.374786	0.227661
2.324785	0.319232	0.227661
2.377355	0.260846	0.227661
2.426798	0.199790	0.227661
2.472977	0.136230	0.227662
2.515766	0.070339	0.227661
Tiha nadnasypu pusobici na bloky:
P	h_ver	X_p	Y_p
0.000000	0.070195	-0.104267	0.107269
0.000000	0.067847	-0.059466	0.176294
0.000000	0.065314	-0.011114	0.242881
0.000000	0.062602	0.040657	0.306846
0.000000	0.059718	0.095706	0.368017
0.000000	0.056670	0.153882	0.426223
0.000000	0.053467	0.215026	0.481307
0.000000	0.050117	0.278971	0.533117
0.000000	0.046630	0.345543	0.581511
0.000000	0.043015	0.414559	0.626357
0.000000	0.039283	0.485833	0.667530
0.000000	0.035442	0.559168	0.704919
0.000000	0.031505	0.634365	0.738419
0.000000	0.027481	0.711218	0.767939
0.000000	0.023382	0.789517	0.793397
0.000000	0.019219	0.869048	0.814721
0.000000	0.015003	0.949591	0.831853
0.000000	0.010746	1.030926	0.844744
0.000000	0.006459	1.112828	0.853358
0.000000	0.002155	1.195071	0.857672
0.000000	-0.002155	1.277429	0.857672
0.000000	-0.006459	1.359672	0.853358
0.000000	-0.010746	1.441574	0.844744
0.000000	-0.015003	1.522909	0.831853
0.000000	-0.019219	1.603452	0.814721
0.000000	-0.023382	1.682983	0.793397
0.000000	-0.027481	1.761282	0.767939
0.000000	-0.031505	1.838135	0.738420
0.000000	-0.035442	1.913332	0.704919
0.000000	-0.039283	1.986668	0.667530
0.000000	-0.043016	2.057940	0.626357
0.000000	-0.046630	2.126957	0.581511
0.000000	-0.050117	2.193529	0.533117
0.000000	-0.053467	2.257474	0.481307
0.000000	-0.056670	2.318619	0.426223
0.000000	-0.059718	2.376793	0.368017
0.000000	-0.062602	2.431843	0.306846
0.000000	-0.065314	2.483614	0.242880
0.000000	-0.067848	2.531968	0.176292
0.000000	-0.070195	2.576767	0.107270
Vnejsi zatizeni pusobici na bloky:
X_q	Y_q	Q
-0.125574	0.072500	0.000000
-0.082558	0.142695	0.000000
-0.035928	0.210542	0.000000
0.014189	0.275856	0.000000
0.067656	0.338458	0.000000
0.124325	0.398175	0.000000
0.184043	0.454845	0.000000
0.246644	0.508312	0.000000
0.311958	0.558429	0.000000
0.400000	0.754579	1.000000
0.450001	0.648075	0.000000
0.522350	0.687358	0.000000
0.596657	0.722800	0.000000
0.672717	0.754305	0.000000
0.750321	0.781786	0.000000
0.829257	0.805168	0.000000
0.909309	0.824387	0.000000
0.990257	0.839390	0.000000
1.071879	0.850136	0.000000
1.153952	0.856595	0.000000
1.236250	0.858750	0.000000
1.318548	0.856595	0.000000
1.400621	0.850136	0.000000
1.482243	0.839390	0.000000
1.563191	0.824387	0.000000
1.643243	0.805168	0.000000
1.722179	0.781786	0.000000
1.799783	0.754305	0.000000
1.875843	0.722800	0.000000
1.950150	0.687358	0.000000
2.022500	0.648075	0.000000
2.092694	0.605059	0.000000
2.160542	0.558429	0.000000
2.225856	0.508312	0.000000
2.288457	0.454845	0.000000
2.348175	0.398175	0.000000
2.404845	0.338458	0.000000
2.458311	0.275856	0.000000
2.508428	0.210542	0.000000
2.555058	0.142695	0.000000
Ortogonalni lokalni souradnice jednotlivych bloku:
a	alfa	b	beta
0.072500	2.617995	0.078531	1.021018
0.072500	2.565635	0.078531	0.968659
0.072500	2.513275	0.078531	0.916299
0.072500	2.460915	0.078531	0.863939
0.072500	2.408555	0.078531	0.811579
0.072500	2.356195	0.078531	0.759219
0.072500	2.303835	0.078531	0.706859
0.072500	2.251475	0.078531	0.654500
0.072500	2.199115	0.078531	0.602139
0.072500	2.146756	0.078531	0.549778
0.072500	2.094395	0.078531	0.497420
0.072500	2.042036	0.078531	0.445059
0.072500	1.989676	0.078531	0.392700
0.072500	1.937316	0.078531	0.340338
0.072500	1.884957	0.078531	0.287981
0.072500	1.832596	0.078531	0.235619
0.072500	1.780236	0.078531	0.183260
0.072500	1.727876	0.078531	0.130899
0.072500	1.675516	0.078531	0.078541
0.072500	1.623156	0.078531	0.026179
0.072500	1.570796	0.078531	-0.026179
0.072500	1.518436	0.078531	-0.078540
0.072500	1.466077	0.078531	-0.130900
0.072500	1.413716	0.078531	-0.183260
0.072500	1.361356	0.078531	-0.235619
0.072500	1.308997	0.078531	-0.287979
0.072500	1.256637	0.078531	-0.340341
0.072500	1.204276	0.078531	-0.392699
0.072500	1.151917	0.078531	-0.445058
0.072500	1.099557	0.078531	-0.497421
0.072500	1.047197	0.078531	-0.549780
0.072500	0.994838	0.078531	-0.602137
0.072500	0.942477	0.078531	-0.654499
0.072500	0.890118	0.078531	-0.706859
0.072500	0.837758	0.078531	-0.759219
0.072500	0.785397	0.078531	-0.811578
0.072500	0.733037	0.078531	-0.863940
0.072500	0.680678	0.078531	-0.916301
0.072500	0.628319	0.078531	-0.968656
0.072500	0.575958	0.078531	-1.021019
0.072500	0.523597	1.000000	-1.047199
Transformovane zatizeni vlastni tihou klenby:
Px	Py	Mp
0.000000	0.227661	0.004444
0.000000	0.227661	0.004844
0.000000	0.227661	0.005231
0.000000	0.227661	0.005603
0.000000	0.227661	0.005961
0.000000	0.227661	0.006301
0.000000	0.227661	0.006625
0.000000	0.227661	0.006930
0.000000	0.227661	0.007216
0.000000	0.227661	0.007483
0.000000	0.227661	0.007729
0.000000	0.227661	0.007954
0.000000	0.227661	0.008157
0.000000	0.227661	0.008338
0.000000	0.227661	0.008496
0.000000	0.227661	0.008630
0.000000	0.227662	0.008741
0.000000	0.227661	0.008828
0.000000	0.227661	0.008891
0.000000	0.227661	0.008929
0.000000	0.227661	0.008943
0.000000	0.227661	0.008933
0.000000	0.227661	0.008897
0.000000	0.227662	0.008838
0.000000	0.227661	0.008754
0.000000	0.227661	0.008647
0.000000	0.227661	0.008515
0.000000	0.227661	0.008360
0.000000	0.227661	0.008183
0.000000	0.227661	0.007983
0.000000	0.227661	0.007761
0.000000	0.227661	0.007518
0.000000	0.227661	0.007254
0.000000	0.227661	0.006970
0.000000	0.227661	0.006667
0.000000	0.227661	0.006346
0.000000	0.227661	0.006008
0.000000	0.227661	0.005653
0.000000	0.227662	0.005282
0.000000	0.227661	0.004897
0.000000	0.000000	0.000000
Transformovane zatizeni nadnasypem:
Px	Py	Mp
0.000000	0.000000	0.000000
0.000000	0.000000	0.000000
0.000000	0.000000	0.000000
0.000000	0.000000	0.000000
0.000000	0.000000	0.000000
0.000000	0.000000	0.000000
0.000000	0.000000	0.000000
0.000000	0.000000	0.000000
0.000000	0.000000	0.000000
0.000000	0.000000	0.000000
0.000000	0.000000	0.000000
0.000000	0.000000	0.000000
0.000000	0.000000	0.000000
0.000000	0.000000	0.000000
0.000000	0.000000	0.000000
0.000000	0.000000	0.000000
0.000000	0.000000	0.000000
0.000000	0.000000	0.000000
0.000000	0.000000	0.000000
0.000000	0.000000	0.000000
0.000000	0.000000	0.000000
0.000000	0.000000	0.000000
0.000000	0.000000	0.000000
0.000000	0.000000	0.000000
0.000000	0.000000	0.000000
0.000000	0.000000	0.000000
0.000000	0.000000	0.000000
0.000000	0.000000	0.000000
0.000000	0.000000	0.000000
0.000000	0.000000	0.000000
0.000000	0.000000	0.000000
0.000000	0.000000	0.000000
0.000000	0.000000	0.000000
0.000000	0.000000	0.000000
0.000000	0.000000	0.000000
0.000000	0.000000	0.000000
0.000000	0.000000	0.000000
0.000000	0.000000	0.000000
0.000000	0.000000	0.000000
0.000000	0.000000	0.000000
0.000000	0.000000	0.000000
Transformovane zatizeni vnejsich sil:
Qx	Qy	Mq
0.000000	0.000000	0.000000
0.000000	0.000000	0.000000
0.000000	0.000000	0.000000
0.000000	0.000000	0.000000
0.000000	0.000000	0.000000
0.000000	0.000000	0.000000
0.000000	0.000000	0.000000
0.000000	0.000000	0.000000
0.000000	0.000000	0.000000
0.000000	1.000000	-0.019292
0.000000	0.000000	0.000000
0.000000	0.000000	0.000000
0.000000	0.000000	0.000000
0.000000	0.000000	0.000000
0.000000	0.000000	0.000000
0.000000	0.000000	0.000000
0.000000	0.000000	0.000000
0.000000	0.000000	0.000000
0.000000	0.000000	0.000000
0.000000	0.000000	0.000000
0.000000	0.000000	0.000000
0.000000	0.000000	0.000000
0.000000	0.000000	0.000000
0.000000	0.000000	0.000000
0.000000	0.000000	0.000000
0.000000	0.000000	0.000000
0.000000	0.000000	0.000000
0.000000	0.000000	0.000000
0.000000	0.000000	0.000000
0.000000	0.000000	0.000000
0.000000	0.000000	0.000000
0.000000	0.000000	0.000000
0.000000	0.000000	0.000000
0.000000	0.000000	0.000000
0.000000	0.000000	0.000000
0.000000	0.000000	0.000000
0.000000	0.000000	0.000000
0.000000	0.000000	0.000000
0.000000	0.000000	0.000000
0.000000	0.000000	0.000000
0.000000	0.000000	0.000000

*** vysledky vypoctu ***
 icase = 0
         0 -> O.K.,
        -1 -> nelze splnit omezujici podminky,
        +1 -> cilova funkce je na polyedru neomezena.
 lambda = 5.897029
 pocet bloku N = 40
 Vektor lokalnich deformaci:
   1: fi 00 int = 2.500005
  22: fi 10 ext = 5.560503
  53: fi 26 int = 5.918508
  82: fi 40 ext = 2.858009
 Vektor indexu spary mezi bloky:
0		1		2		3		4		5		6		7		8		9		10		11		12		13		14		15		16		17		18		19		20		21		22		23		24		25		26		27		28		29		30		31		32		33		34		35		36		37		38		39		40		
 Vektor normalovych sil ve sparach (+ znaci tlak):
11.341004	11.124666	10.890758	10.640995	10.377098	10.100725	9.813459	9.517105	9.213162	8.903205	5.640176	5.594280	5.554306	5.520723	5.494396	5.475550	5.464712	5.462382	5.468587	5.483278	5.506919	5.539095	5.580113	5.629526	5.687027	5.752111	5.824431	5.903686	5.988897	6.079367	6.174409	6.273265	6.374955	6.478308	6.582505	6.686311	6.788700	6.888371	6.984250	7.074949	7.159231	
 Vektor vzdalenosti N od hornoho povrchu klenby:
0.145000	0.143421	0.138584	0.130405	0.118767	0.103522	0.084492	0.061461	0.034180	0.002358	0.000000	0.016223	0.031479	0.045806	0.059227	0.071754	0.083386	0.094114	0.103921	0.112779	0.120653	0.127514	0.133309	0.138002	0.141546	0.143895	0.145000	0.144812	0.143289	0.140381	0.136041	0.130215	0.122850	0.113889	0.103267	0.090916	0.076754	0.060691	0.042626	0.022441	0.000000	
 Vektor posouvajicich sil ve sparach:
0.188951	0.658263	1.105752	1.530956	1.933422	2.312898	2.669170	3.002183	3.311978	3.598692	-1.244421	-1.150371	-1.063987	-0.984389	-0.910629	-0.841721	-0.776693	-0.714474	-0.654027	-0.594299	-0.534166	-0.472567	-0.408450	-0.340697	-0.268293	-0.190201	-0.105431	-0.012998	0.088041	0.198487	0.319218	0.450999	0.594517	0.750397	0.919260	1.101512	1.297604	1.507857	1.732479	1.971656	2.225376	
 Vektor e_min:
0.002835	0.002781	0.002723	0.002660	0.002594	0.002525	0.002453	0.002379	0.002303	0.002226	0.001410	0.001399	0.001389	0.001380	0.001374	0.001369	0.001366	0.001366	0.001367	0.001371	0.001377	0.001385	0.001395	0.001407	0.001422	0.001438	0.001456	0.001476	0.001497	0.001520	0.001544	0.001568	0.001594	0.001620	0.001646	0.001672	0.001697	0.001722	0.001746	0.001769	0.001790	

 * Iterace c. 1 * Delta = 0.208833 *
 icase = 0
         0 -> O.K.,
        -1 -> nelze splnit omezujici podminky,
        +1 -> cilova funkce je na polyedru neomezena.
 lambda = 5.688196
 pocet bloku N = 40
 Vektor lokalnich deformaci:
   1: fi 00 int = 2.484750
  22: fi 10 ext = 5.501585
  53: fi 26 int = 5.820800
  82: fi 40 ext = 2.803965
 Vektor indexu spary mezi bloky:
0		1		2		3		4		5		6		7		8		9		10		11		12		13		14		15		16		17		18		19		20		21		22		23		24		25		26		27		28		29		30		31		32		33		34		35		36		37		38		39		40		
 Vektor normalovych sil ve sparach (+ znaci tlak):
11.142502	10.928871	10.698244	10.452323	10.192709	9.921162	9.639255	9.348538	9.050777	8.747528	5.596140	5.548302	5.506205	5.470807	5.442744	5.422345	5.410131	5.406571	5.411506	5.425252	5.448192	5.479875	5.520377	5.569445	5.626921	5.692152	5.764668	5.843998	5.929881	6.021026	6.117075	6.216843	6.319511	6.424198	6.529903	6.635373	6.739502	6.841097	6.938943	7.031739	7.118268	
 Vektor vzdalenosti N od hornoho povrchu klenby:
0.142165	0.140858	0.136315	0.128455	0.117166	0.102308	0.083706	0.061156	0.034418	0.003216	0.001410	0.017190	0.032033	0.045982	0.059056	0.071273	0.082632	0.093126	0.102739	0.111436	0.119196	0.125969	0.131720	0.136401	0.139963	0.142360	0.143544	0.143468	0.142072	0.139318	0.135151	0.129519	0.122365	0.113631	0.103256	0.091163	0.077277	0.061506	0.043749	0.023888	0.001790	
 Vektor posouvajicich sil ve sparach:
0.142045	0.601023	1.038354	1.453547	1.846249	2.216200	2.563201	2.887251	3.188379	3.466761	-1.203450	-1.111773	-1.027861	-0.950821	-0.879711	-0.813554	-0.751347	-0.692019	-0.634529	-0.577788	-0.520710	-0.462210	-0.401191	-0.336585	-0.267331	-0.192385	-0.110744	-0.021436	0.076459	0.183862	0.301566	0.430352	0.570945	0.723981	0.890011	1.069571	1.263046	1.470754	1.692952	1.929786	2.181327	
 Vektor e_min:
0.002786	0.002732	0.002675	0.002613	0.002548	0.002480	0.002410	0.002337	0.002263	0.002187	0.001399	0.001387	0.001376	0.001368	0.001361	0.001356	0.001352	0.001352	0.001353	0.001356	0.001362	0.001370	0.001380	0.001392	0.001407	0.001423	0.001441	0.001461	0.001482	0.001505	0.001529	0.001554	0.001580	0.001606	0.001632	0.001659	0.001685	0.001710	0.001735	0.001758	0.001780	

 * Iterace c. 2 * Delta = -0.002250 *
 icase = 0
         0 -> O.K.,
        -1 -> nelze splnit omezujici podminky,
        +1 -> cilova funkce je na polyedru neomezena.
 lambda = 5.690445
 pocet bloku N = 40
 Vektor lokalnich deformaci:
   1: fi 00 int = 2.485021
  22: fi 10 ext = 5.502357
  53: fi 26 int = 5.821975
  82: fi 40 ext = 2.804639
 Vektor indexu spary mezi bloky:
0		1		2		3		4		5		6		7		8		9		10		11		12		13		14		15		16		17		18		19		20		21		22		23		24		25		26		27		28		29		30		31		32		33		34		35		36		37		38		39		40		
 Vektor normalovych sil ve sparach (+ znaci tlak):
11.144547	10.930890	10.700219	10.454261	10.194595	9.922975	9.640985	9.350243	9.052563	8.749104	5.596510	5.548555	5.506503	5.471224	5.442961	5.422813	5.410582	5.406763	5.411743	5.425869	5.448555	5.480331	5.520715	5.569737	5.627078	5.692235	5.764968	5.844426	5.930223	6.021427	6.117370	6.217210	6.319986	6.424702	6.530334	6.635781	6.739810	6.841373	6.939227	7.032018	7.118544	
 Vektor vzdalenosti N od hornoho povrchu klenby:
0.142214	0.140904	0.136356	0.128491	0.117197	0.102333	0.083725	0.061168	0.034423	0.003212	0.001399	0.017182	0.032031	0.045979	0.059055	0.071275	0.082637	0.093134	0.102744	0.111444	0.119203	0.125979	0.131729	0.136412	0.139978	0.142376	0.143559	0.143477	0.142083	0.139326	0.135159	0.129525	0.122369	0.113636	0.103257	0.091163	0.077274	0.061502	0.043743	0.023880	0.001780	
 Vektor posouvajicich sil ve sparach:
0.142783	0.601858	1.039312	1.454601	1.847420	2.217436	2.564547	2.888664	3.189903	3.468351	-1.203746	-1.112034	-1.028101	-0.951043	-0.879925	-0.813757	-0.751521	-0.692168	-0.634660	-0.577901	-0.520801	-0.462282	-0.401253	-0.336616	-0.267338	-0.192385	-0.110725	-0.021392	0.076537	0.183951	0.301672	0.430467	0.571085	0.724150	0.890197	1.069784	1.263278	1.470993	1.693208	1.930070	2.181630	
 Vektor e_min:
0.002786	0.002733	0.002675	0.002614	0.002549	0.002481	0.002410	0.002338	0.002263	0.002187	0.001399	0.001387	0.001377	0.001368	0.001361	0.001356	0.001353	0.001352	0.001353	0.001356	0.001362	0.001370	0.001380	0.001392	0.001407	0.001423	0.001441	0.001461	0.001483	0.001505	0.001529	0.001554	0.001580	0.001606	0.001633	0.001659	0.001685	0.001710	0.001735	0.001758	0.001780	
