Vstupni soubor: zlamal4_6.in
***kopie vstupniho souboru***

 2.472500
 0.713750
 1
 0.145000
 20.000000
 0.600000
 40
 1
 1.2 1.000000 0.200000
 0.500000
 0.000000
 0 30.000000
 0 0.600000 0.400000 2.400000
 1
 4 2000.000000 inter2.txt
*****************************
Ortoganalni souradnice intrados a extrados:
X_int	Y_int	X_ext	Y_ext
0.000000	0.000000	-0.125574	0.072500
0.039049	0.063722	-0.082558	0.142695
0.081379	0.125313	-0.035928	0.210542
0.126875	0.184605	0.014189	0.275856
0.175412	0.241434	0.067656	0.338458
0.226856	0.295645	0.124325	0.398175
0.281067	0.347089	0.184043	0.454845
0.337896	0.395626	0.246644	0.508312
0.397187	0.441122	0.311958	0.558429
0.458778	0.483452	0.379806	0.605059
0.522501	0.522501	0.450001	0.648075
0.588179	0.558162	0.522350	0.687358
0.655634	0.590336	0.596657	0.722800
0.724680	0.618936	0.672717	0.754305
0.795129	0.643883	0.750321	0.781786
0.866786	0.665109	0.829257	0.805168
0.939456	0.682556	0.909309	0.824387
1.012940	0.696175	0.990257	0.839390
1.087036	0.705930	1.071879	0.850136
1.161541	0.711794	1.153952	0.856595
1.236250	0.713750	1.236250	0.858750
1.310960	0.711794	1.318548	0.856595
1.385464	0.705930	1.400621	0.850136
1.459560	0.696175	1.482243	0.839390
1.533044	0.682556	1.563191	0.824387
1.605714	0.665109	1.643243	0.805168
1.677372	0.643883	1.722179	0.781786
1.747820	0.618936	1.799783	0.754305
1.816866	0.590336	1.875843	0.722800
1.884321	0.558162	1.950150	0.687358
1.949999	0.522501	2.022500	0.648075
2.013722	0.483452	2.092694	0.605059
2.075313	0.441122	2.160542	0.558429
2.134604	0.395626	2.225856	0.508312
2.191433	0.347089	2.288457	0.454845
2.245644	0.295645	2.348175	0.398175
2.297088	0.241434	2.404845	0.338458
2.345625	0.184605	2.458311	0.275856
2.391121	0.125313	2.508428	0.210542
2.433451	0.063722	2.555058	0.142695
2.472500	0.000000	2.598074	0.072500
Vlastni tiha klenby - jednotlive bloky:
X_p	Y_p	P
-0.043266	0.070339	0.227661
-0.000477	0.136230	0.227661
0.045702	0.199790	0.227661
0.095145	0.260847	0.227661
0.147715	0.319232	0.227661
0.203269	0.374786	0.227661
0.261654	0.427356	0.227661
0.322711	0.476799	0.227661
0.386271	0.522978	0.227661
0.452161	0.565768	0.227661
0.520200	0.605050	0.227661
0.590202	0.640718	0.227661
0.661975	0.672673	0.227661
0.735322	0.700828	0.227661
0.810042	0.725106	0.227661
0.885929	0.745440	0.227661
0.962778	0.761775	0.227662
1.040376	0.774065	0.227661
1.118510	0.782278	0.227661
1.196967	0.786389	0.227661
1.275532	0.786389	0.227661
1.353990	0.782278	0.227661
1.432125	0.774065	0.227661
1.509722	0.761775	0.227662
1.586570	0.745440	0.227661
1.662459	0.725106	0.227661
1.737178	0.700828	0.227661
1.810525	0.672673	0.227661
1.882298	0.640718	0.227661
1.952299	0.605050	0.227661
2.020339	0.565768	0.227661
2.086229	0.522978	0.227661
2.149790	0.476799	0.227661
2.210846	0.427356	0.227661
2.269231	0.374786	0.227661
2.324785	0.319232	0.227661
2.377355	0.260846	0.227661
2.426798	0.199790	0.227661
2.472977	0.136230	0.227662
2.515766	0.070339	0.227661
Tiha nadnasypu pusobici na bloky:
P	h_ver	X_p	Y_p
0.000000	0.070195	-0.104267	0.107269
0.000000	0.067847	-0.059466	0.176294
0.000000	0.065314	-0.011114	0.242881
0.000000	0.062602	0.040657	0.306846
0.000000	0.059718	0.095706	0.368017
0.000000	0.056670	0.153882	0.426223
0.000000	0.053467	0.215026	0.481307
0.000000	0.050117	0.278971	0.533117
0.000000	0.046630	0.345543	0.581511
0.000000	0.043015	0.414559	0.626357
0.000000	0.039283	0.485833	0.667530
0.000000	0.035442	0.559168	0.704919
0.000000	0.031505	0.634365	0.738419
0.000000	0.027481	0.711218	0.767939
0.000000	0.023382	0.789517	0.793397
0.000000	0.019219	0.869048	0.814721
0.000000	0.015003	0.949591	0.831853
0.000000	0.010746	1.030926	0.844744
0.000000	0.006459	1.112828	0.853358
0.000000	0.002155	1.195071	0.857672
0.000000	-0.002155	1.277429	0.857672
0.000000	-0.006459	1.359672	0.853358
0.000000	-0.010746	1.441574	0.844744
0.000000	-0.015003	1.522909	0.831853
0.000000	-0.019219	1.603452	0.814721
0.000000	-0.023382	1.682983	0.793397
0.000000	-0.027481	1.761282	0.767939
0.000000	-0.031505	1.838135	0.738420
0.000000	-0.035442	1.913332	0.704919
0.000000	-0.039283	1.986668	0.667530
0.000000	-0.043016	2.057940	0.626357
0.000000	-0.046630	2.126957	0.581511
0.000000	-0.050117	2.193529	0.533117
0.000000	-0.053467	2.257474	0.481307
0.000000	-0.056670	2.318619	0.426223
0.000000	-0.059718	2.376793	0.368017
0.000000	-0.062602	2.431843	0.306846
0.000000	-0.065314	2.483614	0.242880
0.000000	-0.067848	2.531968	0.176292
0.000000	-0.070195	2.576767	0.107270
Vnejsi zatizeni pusobici na bloky:
X_q	Y_q	Q
-0.125574	0.072500	0.000000
-0.082558	0.142695	0.000000
-0.035928	0.210542	0.000000
0.014189	0.275856	0.000000
0.067656	0.338458	0.000000
0.124325	0.398175	0.000000
0.184043	0.454845	0.000000
0.246644	0.508312	0.000000
0.311958	0.558429	0.000000
0.379806	0.605059	0.000000
0.450001	0.648075	0.000000
0.522350	0.687358	0.000000
0.596657	0.722800	0.000000
0.672717	0.754305	0.000000
0.750321	0.781786	0.000000
0.829257	0.805168	0.000000
0.909309	0.824387	0.000000
0.990257	0.839390	0.000000
1.071879	0.850136	0.000000
1.200000	0.860447	1.000000
1.236250	0.858750	0.000000
1.318548	0.856595	0.000000
1.400621	0.850136	0.000000
1.482243	0.839390	0.000000
1.563191	0.824387	0.000000
1.643243	0.805168	0.000000
1.722179	0.781786	0.000000
1.799783	0.754305	0.000000
1.875843	0.722800	0.000000
1.950150	0.687358	0.000000
2.022500	0.648075	0.000000
2.092694	0.605059	0.000000
2.160542	0.558429	0.000000
2.225856	0.508312	0.000000
2.288457	0.454845	0.000000
2.348175	0.398175	0.000000
2.404845	0.338458	0.000000
2.458311	0.275856	0.000000
2.508428	0.210542	0.000000
2.555058	0.142695	0.000000
Ortogonalni lokalni souradnice jednotlivych bloku:
a	alfa	b	beta
0.072500	2.617995	0.078531	1.021018
0.072500	2.565635	0.078531	0.968659
0.072500	2.513275	0.078531	0.916299
0.072500	2.460915	0.078531	0.863939
0.072500	2.408555	0.078531	0.811579
0.072500	2.356195	0.078531	0.759219
0.072500	2.303835	0.078531	0.706859
0.072500	2.251475	0.078531	0.654500
0.072500	2.199115	0.078531	0.602139
0.072500	2.146756	0.078531	0.549778
0.072500	2.094395	0.078531	0.497420
0.072500	2.042036	0.078531	0.445059
0.072500	1.989676	0.078531	0.392700
0.072500	1.937316	0.078531	0.340338
0.072500	1.884957	0.078531	0.287981
0.072500	1.832596	0.078531	0.235619
0.072500	1.780236	0.078531	0.183260
0.072500	1.727876	0.078531	0.130899
0.072500	1.675516	0.078531	0.078541
0.072500	1.623156	0.078531	0.026179
0.072500	1.570796	0.078531	-0.026179
0.072500	1.518436	0.078531	-0.078540
0.072500	1.466077	0.078531	-0.130900
0.072500	1.413716	0.078531	-0.183260
0.072500	1.361356	0.078531	-0.235619
0.072500	1.308997	0.078531	-0.287979
0.072500	1.256637	0.078531	-0.340341
0.072500	1.204276	0.078531	-0.392699
0.072500	1.151917	0.078531	-0.445058
0.072500	1.099557	0.078531	-0.497421
0.072500	1.047197	0.078531	-0.549780
0.072500	0.994838	0.078531	-0.602137
0.072500	0.942477	0.078531	-0.654499
0.072500	0.890118	0.078531	-0.706859
0.072500	0.837758	0.078531	-0.759219
0.072500	0.785397	0.078531	-0.811578
0.072500	0.733037	0.078531	-0.863940
0.072500	0.680678	0.078531	-0.916301
0.072500	0.628319	0.078531	-0.968656
0.072500	0.575958	0.078531	-1.021019
0.072500	0.523597	1.000000	-1.047199
Transformovane zatizeni vlastni tihou klenby:
Px	Py	Mp
0.000000	0.227661	0.004444
0.000000	0.227661	0.004844
0.000000	0.227661	0.005231
0.000000	0.227661	0.005603
0.000000	0.227661	0.005961
0.000000	0.227661	0.006301
0.000000	0.227661	0.006625
0.000000	0.227661	0.006930
0.000000	0.227661	0.007216
0.000000	0.227661	0.007483
0.000000	0.227661	0.007729
0.000000	0.227661	0.007954
0.000000	0.227661	0.008157
0.000000	0.227661	0.008338
0.000000	0.227661	0.008496
0.000000	0.227661	0.008630
0.000000	0.227662	0.008741
0.000000	0.227661	0.008828
0.000000	0.227661	0.008891
0.000000	0.227661	0.008929
0.000000	0.227661	0.008943
0.000000	0.227661	0.008933
0.000000	0.227661	0.008897
0.000000	0.227662	0.008838
0.000000	0.227661	0.008754
0.000000	0.227661	0.008647
0.000000	0.227661	0.008515
0.000000	0.227661	0.008360
0.000000	0.227661	0.008183
0.000000	0.227661	0.007983
0.000000	0.227661	0.007761
0.000000	0.227661	0.007518
0.000000	0.227661	0.007254
0.000000	0.227661	0.006970
0.000000	0.227661	0.006667
0.000000	0.227661	0.006346
0.000000	0.227661	0.006008
0.000000	0.227661	0.005653
0.000000	0.227662	0.005282
0.000000	0.227661	0.004897
0.000000	0.000000	0.000000
Transformovane zatizeni nadnasypem:
Px	Py	Mp
0.000000	0.000000	0.000000
0.000000	0.000000	0.000000
0.000000	0.000000	0.000000
0.000000	0.000000	0.000000
0.000000	0.000000	0.000000
0.000000	0.000000	0.000000
0.000000	0.000000	0.000000
0.000000	0.000000	0.000000
0.000000	0.000000	0.000000
0.000000	0.000000	0.000000
0.000000	0.000000	0.000000
0.000000	0.000000	0.000000
0.000000	0.000000	0.000000
0.000000	0.000000	0.000000
0.000000	0.000000	0.000000
0.000000	0.000000	0.000000
0.000000	0.000000	0.000000
0.000000	0.000000	0.000000
0.000000	0.000000	0.000000
0.000000	0.000000	0.000000
0.000000	0.000000	0.000000
0.000000	0.000000	0.000000
0.000000	0.000000	0.000000
0.000000	0.000000	0.000000
0.000000	0.000000	0.000000
0.000000	0.000000	0.000000
0.000000	0.000000	0.000000
0.000000	0.000000	0.000000
0.000000	0.000000	0.000000
0.000000	0.000000	0.000000
0.000000	0.000000	0.000000
0.000000	0.000000	0.000000
0.000000	0.000000	0.000000
0.000000	0.000000	0.000000
0.000000	0.000000	0.000000
0.000000	0.000000	0.000000
0.000000	0.000000	0.000000
0.000000	0.000000	0.000000
0.000000	0.000000	0.000000
0.000000	0.000000	0.000000
0.000000	0.000000	0.000000
Transformovane zatizeni vnejsich sil:
Qx	Qy	Mq
0.000000	0.000000	0.000000
0.000000	0.000000	0.000000
0.000000	0.000000	0.000000
0.000000	0.000000	0.000000
0.000000	0.000000	0.000000
0.000000	0.000000	0.000000
0.000000	0.000000	0.000000
0.000000	0.000000	0.000000
0.000000	0.000000	0.000000
0.000000	0.000000	0.000000
0.000000	0.000000	0.000000
0.000000	0.000000	0.000000
0.000000	0.000000	0.000000
0.000000	0.000000	0.000000
0.000000	0.000000	0.000000
0.000000	0.000000	0.000000
0.000000	0.000000	0.000000
0.000000	0.000000	0.000000
0.000000	0.000000	0.000000
0.000000	1.000000	0.042254
0.000000	0.000000	0.000000
0.000000	0.000000	0.000000
0.000000	0.000000	0.000000
0.000000	0.000000	0.000000
0.000000	0.000000	0.000000
0.000000	0.000000	0.000000
0.000000	0.000000	0.000000
0.000000	0.000000	0.000000
0.000000	0.000000	0.000000
0.000000	0.000000	0.000000
0.000000	0.000000	0.000000
0.000000	0.000000	0.000000
0.000000	0.000000	0.000000
0.000000	0.000000	0.000000
0.000000	0.000000	0.000000
0.000000	0.000000	0.000000
0.000000	0.000000	0.000000
0.000000	0.000000	0.000000
0.000000	0.000000	0.000000
0.000000	0.000000	0.000000
0.000000	0.000000	0.000000

*** vysledky vypoctu ***
 icase = 0
         0 -> O.K.,
        -1 -> nelze splnit omezujici podminky,
        +1 -> cilova funkce je na polyedru neomezena.
 lambda = 8.101000
 pocet bloku N = 40
 Vektor lokalnich deformaci:
  19: fi 09 int = 1.349130
  42: fi 20 ext = 9.096883
  61: fi 30 int = 14.662167
  82: fi 40 ext = 6.914417
 Vektor indexu spary mezi bloky:
0		1		2		3		4		5		6		7		8		9		10		11		12		13		14		15		16		17		18		19		20		21		22		23		24		25		26		27		28		29		30		31		32		33		34		35		36		37		38		39		40		
 Vektor normalovych sil ve sparach (+ znaci tlak):
12.827146	12.859946	12.870377	12.859509	12.828474	12.778288	12.709779	12.624286	12.522662	12.405979	12.275072	12.131373	11.975862	11.808975	11.632006	11.445869	11.251290	11.049447	10.840889	10.625834	10.405725	10.604703	10.798854	10.986957	11.168431	11.342462	11.508374	11.665587	11.813175	11.949880	12.075040	12.188060	12.287495	12.372527	12.442139	12.495277	12.531146	12.548555	12.546657	12.524337	12.480664	
 Vektor vzdalenosti N od hornoho povrchu klenby:
0.019585	0.046191	0.069310	0.089124	0.105786	0.119410	0.130088	0.137888	0.142851	0.145000	0.144343	0.140862	0.134523	0.125285	0.113078	0.097822	0.079420	0.057756	0.032699	0.004096	0.000000	0.028690	0.053928	0.075854	0.094592	0.110248	0.122916	0.132669	0.139573	0.143672	0.145000	0.143571	0.139386	0.132425	0.122652	0.110010	0.094417	0.075769	0.053933	0.028744	0.000000	
 Vektor posouvajicich sil ve sparach:
-4.609783	-4.056104	-3.511339	-2.976204	-2.451452	-1.937672	-1.435439	-0.945230	-0.467402	-0.002298	0.449813	0.888797	1.314509	1.726922	2.126058	2.512032	2.884927	3.244986	3.592414	3.927472	-3.850443	-3.527901	-3.194490	-2.849783	-2.493562	-2.125547	-1.745554	-1.353399	-0.948961	-0.532281	-0.103314	0.337874	0.791102	1.256141	1.732802	2.220602	2.719182	3.228034	3.746518	4.274054	4.809822	
 Vektor e_min:
0.003207	0.003215	0.003218	0.003215	0.003207	0.003195	0.003177	0.003156	0.003131	0.003101	0.003069	0.003033	0.002994	0.002952	0.002908	0.002861	0.002813	0.002762	0.002710	0.002656	0.002601	0.002651	0.002700	0.002747	0.002792	0.002836	0.002877	0.002916	0.002953	0.002987	0.003019	0.003047	0.003072	0.003093	0.003111	0.003124	0.003133	0.003137	0.003137	0.003131	0.003120	

 * Iterace c. 1 * Delta = 1.016013 *
 icase = 0
         0 -> O.K.,
        -1 -> nelze splnit omezujici podminky,
        +1 -> cilova funkce je na polyedru neomezena.
 lambda = 7.084987
 pocet bloku N = 40
 Vektor lokalnich deformaci:
  19: fi 09 int = 1.346063
  42: fi 20 ext = 8.481277
  61: fi 30 int = 13.432698
  82: fi 40 ext = 6.297483
 Vektor indexu spary mezi bloky:
0		1		2		3		4		5		6		7		8		9		10		11		12		13		14		15		16		17		18		19		20		21		22		23		24		25		26		27		28		29		30		31		32		33		34		35		36		37		38		39		40		
 Vektor normalovych sil ve sparach (+ znaci tlak):
11.939991	11.949434	11.939171	11.910122	11.863523	11.800303	11.721518	11.628420	11.522081	11.402929	11.272981	11.132837	10.983209	10.825281	10.659880	10.487790	10.310335	10.127741	9.940748	9.750456	9.557252	9.732294	9.904731	10.073321	10.237993	10.398073	10.552504	10.700781	10.841906	10.975009	11.099658	11.213989	11.317884	11.409900	11.489230	11.554743	11.605485	11.640464	11.658330	11.658350	11.639338	
 Vektor vzdalenosti N od hornoho povrchu klenby:
0.021126	0.046735	0.069002	0.088097	0.104157	0.117291	0.127581	0.135087	0.139852	0.141899	0.141227	0.137826	0.131675	0.122730	0.110940	0.096234	0.078530	0.057743	0.033759	0.006465	0.002601	0.029932	0.054053	0.075073	0.093085	0.108175	0.120419	0.129879	0.136602	0.140628	0.141981	0.140678	0.136717	0.130075	0.120721	0.108603	0.093647	0.075757	0.054812	0.030661	0.003120	
 Vektor posouvajicich sil ve sparach:
-4.142065	-3.635516	-3.138969	-2.653094	-2.178455	-1.715539	-1.264811	-0.826555	-0.401007	0.011621	0.411234	0.797806	1.171390	1.532078	1.879972	2.215395	2.538553	2.849829	3.149540	3.438135	-3.368927	-3.091479	-2.804297	-2.506952	-2.198993	-1.880065	-1.549832	-1.207972	-0.854258	-0.488512	-0.110601	0.279536	0.681871	1.096310	1.522777	1.961022	2.410735	2.871554	3.342987	3.824573	4.315674	
 Vektor e_min:
0.002985	0.002987	0.002985	0.002978	0.002966	0.002950	0.002930	0.002907	0.002881	0.002851	0.002818	0.002783	0.002746	0.002706	0.002665	0.002622	0.002578	0.002532	0.002485	0.002438	0.002389	0.002433	0.002476	0.002518	0.002559	0.002600	0.002638	0.002675	0.002710	0.002744	0.002775	0.002803	0.002829	0.002852	0.002872	0.002889	0.002901	0.002910	0.002915	0.002915	0.002910	

 * Iterace c. 2 * Delta = -0.072997 *
 icase = 0
         0 -> O.K.,
        -1 -> nelze splnit omezujici podminky,
        +1 -> cilova funkce je na polyedru neomezena.
 lambda = 7.157983
 pocet bloku N = 40
 Vektor lokalnich deformaci:
  19: fi 09 int = 1.346315
  42: fi 20 ext = 8.525784
  61: fi 30 int = 13.521770
  82: fi 40 ext = 6.342300
 Vektor indexu spary mezi bloky:
0		1		2		3		4		5		6		7		8		9		10		11		12		13		14		15		16		17		18		19		20		21		22		23		24		25		26		27		28		29		30		31		32		33		34		35		36		37		38		39		40		
 Vektor normalovych sil ve sparach (+ znaci tlak):
12.003463	12.014644	12.005823	11.977974	11.932508	11.870291	11.792262	11.699742	11.593482	11.474842	11.344705	11.204214	11.054067	10.895448	10.729063	10.556417	10.377580	10.193385	10.004939	9.812963	9.617621	9.794325	9.968184	10.138481	10.304518	10.465338	10.620591	10.769720	10.911055	11.044658	11.169296	11.283640	11.387090	11.478655	11.557395	11.622084	11.671651	11.705359	11.721807	11.720280	11.699535	
 Vektor vzdalenosti N od hornoho povrchu klenby:
0.021036	0.046719	0.069050	0.088199	0.104303	0.117472	0.127791	0.135319	0.140097	0.142149	0.141477	0.138070	0.131904	0.122935	0.111109	0.096357	0.078599	0.057741	0.033671	0.006277	0.002389	0.029830	0.054040	0.075132	0.093200	0.108339	0.120618	0.130099	0.136839	0.140872	0.142225	0.140914	0.136935	0.130271	0.120887	0.108730	0.093727	0.075780	0.054768	0.030540	0.002910	
 Vektor posouvajicich sil ve sparach:
-4.175242	-3.665292	-3.165295	-2.675887	-2.197664	-1.731148	-1.276731	-0.834744	-0.405464	0.010892	0.414280	0.804584	1.181887	1.546218	1.897816	2.236842	2.563556	2.878294	3.181413	3.473328	-3.403521	-3.122847	-2.832383	-2.531655	-2.220258	-1.897837	-1.564040	-1.218602	-0.861257	-0.491866	-0.110318	0.283430	0.689407	1.107467	1.537527	1.979323	2.432506	2.896746	3.371557	3.856437	4.350718	
 Vektor e_min:
0.003001	0.003004	0.003001	0.002994	0.002983	0.002968	0.002948	0.002925	0.002898	0.002869	0.002836	0.002801	0.002764	0.002724	0.002682	0.002639	0.002594	0.002548	0.002501	0.002453	0.002404	0.002449	0.002492	0.002535	0.002576	0.002616	0.002655	0.002692	0.002728	0.002761	0.002792	0.002821	0.002847	0.002870	0.002889	0.002906	0.002918	0.002926	0.002930	0.002930	0.002925	

 * Iterace c. 3 * Delta = 0.005383 *
 icase = 0
         0 -> O.K.,
        -1 -> nelze splnit omezujici podminky,
        +1 -> cilova funkce je na polyedru neomezena.
 lambda = 7.152600
 pocet bloku N = 40
 Vektor lokalnich deformaci:
  19: fi 09 int = 1.346278
  42: fi 20 ext = 8.522563
  61: fi 30 int = 13.515347
  82: fi 40 ext = 6.339064
 Vektor indexu spary mezi bloky:
0		1		2		3		4		5		6		7		8		9		10		11		12		13		14		15		16		17		18		19		20		21		22		23		24		25		26		27		28		29		30		31		32		33		34		35		36		37		38		39		40		
 Vektor normalovych sil ve sparach (+ znaci tlak):
11.998766	12.009798	12.000877	11.972956	11.927313	11.865065	11.786969	11.694448	11.588057	11.469335	11.339099	11.198857	11.048845	10.890390	10.724072	10.551214	10.372474	10.188382	10.000384	9.808260	9.613050	9.790023	9.963600	10.133763	10.299357	10.460465	10.615729	10.764690	10.906062	11.039506	11.163984	11.278515	11.382104	11.473551	11.552246	11.616970	11.666761	11.700478	11.717155	11.715680	11.695047	
 Vektor vzdalenosti N od hornoho povrchu klenby:
0.021045	0.046722	0.069047	0.088192	0.104294	0.117460	0.127776	0.135302	0.140080	0.142131	0.141461	0.138051	0.131885	0.122917	0.111094	0.096347	0.078592	0.057738	0.033678	0.006288	0.002404	0.029837	0.054039	0.075126	0.093191	0.108324	0.120600	0.130080	0.136818	0.140852	0.142208	0.140896	0.136918	0.130255	0.120874	0.108719	0.093720	0.075778	0.054771	0.030549	0.002925	
 Vektor posouvajicich sil ve sparach:
-4.172743	-3.663050	-3.163310	-2.674174	-2.196234	-1.729952	-1.275800	-0.834097	-0.405104	0.010986	0.414066	0.804128	1.181134	1.545213	1.896524	2.235285	2.561746	2.876225	3.179073	3.470736	-3.400954	-3.120519	-2.830306	-2.529829	-2.218692	-1.896526	-1.562995	-1.217799	-0.860748	-0.491647	-0.110379	0.283113	0.688835	1.106634	1.536408	1.977944	2.430899	2.894859	3.369412	3.854080	4.348125	
 Vektor e_min:
0.003000	0.003002	0.003000	0.002993	0.002982	0.002966	0.002947	0.002924	0.002897	0.002867	0.002835	0.002800	0.002762	0.002723	0.002681	0.002638	0.002593	0.002547	0.002500	0.002452	0.002403	0.002447	0.002491	0.002533	0.002575	0.002615	0.002654	0.002691	0.002727	0.002760	0.002791	0.002820	0.002846	0.002868	0.002888	0.002904	0.002917	0.002925	0.002929	0.002929	0.002924	
