Vstupni soubor: zlamal4_12.in
***kopie vstupniho souboru***

 2.472500
 0.713750
 1
 0.145000
 20.000000
 0.600000
 40
 1
 2.4 1.000000 0.200000
 0.500000
 0.000000
 0 30.000000
 0 0.600000 0.400000 2.400000
 1
 4 2000.000000 inter2.txt
*****************************
Ortoganalni souradnice intrados a extrados:
X_int	Y_int	X_ext	Y_ext
0.000000	0.000000	-0.125574	0.072500
0.039049	0.063722	-0.082558	0.142695
0.081379	0.125313	-0.035928	0.210542
0.126875	0.184605	0.014189	0.275856
0.175412	0.241434	0.067656	0.338458
0.226856	0.295645	0.124325	0.398175
0.281067	0.347089	0.184043	0.454845
0.337896	0.395626	0.246644	0.508312
0.397187	0.441122	0.311958	0.558429
0.458778	0.483452	0.379806	0.605059
0.522501	0.522501	0.450001	0.648075
0.588179	0.558162	0.522350	0.687358
0.655634	0.590336	0.596657	0.722800
0.724680	0.618936	0.672717	0.754305
0.795129	0.643883	0.750321	0.781786
0.866786	0.665109	0.829257	0.805168
0.939456	0.682556	0.909309	0.824387
1.012940	0.696175	0.990257	0.839390
1.087036	0.705930	1.071879	0.850136
1.161541	0.711794	1.153952	0.856595
1.236250	0.713750	1.236250	0.858750
1.310960	0.711794	1.318548	0.856595
1.385464	0.705930	1.400621	0.850136
1.459560	0.696175	1.482243	0.839390
1.533044	0.682556	1.563191	0.824387
1.605714	0.665109	1.643243	0.805168
1.677372	0.643883	1.722179	0.781786
1.747820	0.618936	1.799783	0.754305
1.816866	0.590336	1.875843	0.722800
1.884321	0.558162	1.950150	0.687358
1.949999	0.522501	2.022500	0.648075
2.013722	0.483452	2.092694	0.605059
2.075313	0.441122	2.160542	0.558429
2.134604	0.395626	2.225856	0.508312
2.191433	0.347089	2.288457	0.454845
2.245644	0.295645	2.348175	0.398175
2.297088	0.241434	2.404845	0.338458
2.345625	0.184605	2.458311	0.275856
2.391121	0.125313	2.508428	0.210542
2.433451	0.063722	2.555058	0.142695
2.472500	0.000000	2.598074	0.072500
Vlastni tiha klenby - jednotlive bloky:
X_p	Y_p	P
-0.043266	0.070339	0.227661
-0.000477	0.136230	0.227661
0.045702	0.199790	0.227661
0.095145	0.260847	0.227661
0.147715	0.319232	0.227661
0.203269	0.374786	0.227661
0.261654	0.427356	0.227661
0.322711	0.476799	0.227661
0.386271	0.522978	0.227661
0.452161	0.565768	0.227661
0.520200	0.605050	0.227661
0.590202	0.640718	0.227661
0.661975	0.672673	0.227661
0.735322	0.700828	0.227661
0.810042	0.725106	0.227661
0.885929	0.745440	0.227661
0.962778	0.761775	0.227662
1.040376	0.774065	0.227661
1.118510	0.782278	0.227661
1.196967	0.786389	0.227661
1.275532	0.786389	0.227661
1.353990	0.782278	0.227661
1.432125	0.774065	0.227661
1.509722	0.761775	0.227662
1.586570	0.745440	0.227661
1.662459	0.725106	0.227661
1.737178	0.700828	0.227661
1.810525	0.672673	0.227661
1.882298	0.640718	0.227661
1.952299	0.605050	0.227661
2.020339	0.565768	0.227661
2.086229	0.522978	0.227661
2.149790	0.476799	0.227661
2.210846	0.427356	0.227661
2.269231	0.374786	0.227661
2.324785	0.319232	0.227661
2.377355	0.260846	0.227661
2.426798	0.199790	0.227661
2.472977	0.136230	0.227662
2.515766	0.070339	0.227661
Tiha nadnasypu pusobici na bloky:
P	h_ver	X_p	Y_p
0.000000	0.070195	-0.104267	0.107269
0.000000	0.067847	-0.059466	0.176294
0.000000	0.065314	-0.011114	0.242881
0.000000	0.062602	0.040657	0.306846
0.000000	0.059718	0.095706	0.368017
0.000000	0.056670	0.153882	0.426223
0.000000	0.053467	0.215026	0.481307
0.000000	0.050117	0.278971	0.533117
0.000000	0.046630	0.345543	0.581511
0.000000	0.043015	0.414559	0.626357
0.000000	0.039283	0.485833	0.667530
0.000000	0.035442	0.559168	0.704919
0.000000	0.031505	0.634365	0.738419
0.000000	0.027481	0.711218	0.767939
0.000000	0.023382	0.789517	0.793397
0.000000	0.019219	0.869048	0.814721
0.000000	0.015003	0.949591	0.831853
0.000000	0.010746	1.030926	0.844744
0.000000	0.006459	1.112828	0.853358
0.000000	0.002155	1.195071	0.857672
0.000000	-0.002155	1.277429	0.857672
0.000000	-0.006459	1.359672	0.853358
0.000000	-0.010746	1.441574	0.844744
0.000000	-0.015003	1.522909	0.831853
0.000000	-0.019219	1.603452	0.814721
0.000000	-0.023382	1.682983	0.793397
0.000000	-0.027481	1.761282	0.767939
0.000000	-0.031505	1.838135	0.738420
0.000000	-0.035442	1.913332	0.704919
0.000000	-0.039283	1.986668	0.667530
0.000000	-0.043016	2.057940	0.626357
0.000000	-0.046630	2.126957	0.581511
0.000000	-0.050117	2.193529	0.533117
0.000000	-0.053467	2.257474	0.481307
0.000000	-0.056670	2.318619	0.426223
0.000000	-0.059718	2.376793	0.368017
0.000000	-0.062602	2.431843	0.306846
0.000000	-0.065314	2.483614	0.242880
0.000000	-0.067848	2.531968	0.176292
0.000000	-0.070195	2.576767	0.107270
Vnejsi zatizeni pusobici na bloky:
X_q	Y_q	Q
-0.125574	0.072500	0.000000
-0.082558	0.142695	0.000000
-0.035928	0.210542	0.000000
0.014189	0.275856	0.000000
0.067656	0.338458	0.000000
0.124325	0.398175	0.000000
0.184043	0.454845	0.000000
0.246644	0.508312	0.000000
0.311958	0.558429	0.000000
0.379806	0.605059	0.000000
0.450001	0.648075	0.000000
0.522350	0.687358	0.000000
0.596657	0.722800	0.000000
0.672717	0.754305	0.000000
0.750321	0.781786	0.000000
0.829257	0.805168	0.000000
0.909309	0.824387	0.000000
0.990257	0.839390	0.000000
1.071879	0.850136	0.000000
1.153952	0.856595	0.000000
1.236250	0.858750	0.000000
1.318548	0.856595	0.000000
1.400621	0.850136	0.000000
1.482243	0.839390	0.000000
1.563191	0.824387	0.000000
1.643243	0.805168	0.000000
1.722179	0.781786	0.000000
1.799783	0.754305	0.000000
1.875843	0.722800	0.000000
1.950150	0.687358	0.000000
2.022500	0.648075	0.000000
2.092694	0.605059	0.000000
2.160542	0.558429	0.000000
2.225856	0.508312	0.000000
2.288457	0.454845	0.000000
2.400000	0.332876	1.000000
2.404845	0.338458	0.000000
2.458311	0.275856	0.000000
2.508428	0.210542	0.000000
2.555058	0.142695	0.000000
Ortogonalni lokalni souradnice jednotlivych bloku:
a	alfa	b	beta
0.072500	2.617995	0.078531	1.021018
0.072500	2.565635	0.078531	0.968659
0.072500	2.513275	0.078531	0.916299
0.072500	2.460915	0.078531	0.863939
0.072500	2.408555	0.078531	0.811579
0.072500	2.356195	0.078531	0.759219
0.072500	2.303835	0.078531	0.706859
0.072500	2.251475	0.078531	0.654500
0.072500	2.199115	0.078531	0.602139
0.072500	2.146756	0.078531	0.549778
0.072500	2.094395	0.078531	0.497420
0.072500	2.042036	0.078531	0.445059
0.072500	1.989676	0.078531	0.392700
0.072500	1.937316	0.078531	0.340338
0.072500	1.884957	0.078531	0.287981
0.072500	1.832596	0.078531	0.235619
0.072500	1.780236	0.078531	0.183260
0.072500	1.727876	0.078531	0.130899
0.072500	1.675516	0.078531	0.078541
0.072500	1.623156	0.078531	0.026179
0.072500	1.570796	0.078531	-0.026179
0.072500	1.518436	0.078531	-0.078540
0.072500	1.466077	0.078531	-0.130900
0.072500	1.413716	0.078531	-0.183260
0.072500	1.361356	0.078531	-0.235619
0.072500	1.308997	0.078531	-0.287979
0.072500	1.256637	0.078531	-0.340341
0.072500	1.204276	0.078531	-0.392699
0.072500	1.151917	0.078531	-0.445058
0.072500	1.099557	0.078531	-0.497421
0.072500	1.047197	0.078531	-0.549780
0.072500	0.994838	0.078531	-0.602137
0.072500	0.942477	0.078531	-0.654499
0.072500	0.890118	0.078531	-0.706859
0.072500	0.837758	0.078531	-0.759219
0.072500	0.785397	0.078531	-0.811578
0.072500	0.733037	0.078531	-0.863940
0.072500	0.680678	0.078531	-0.916301
0.072500	0.628319	0.078531	-0.968656
0.072500	0.575958	0.078531	-1.021019
0.072500	0.523597	1.000000	-1.047199
Transformovane zatizeni vlastni tihou klenby:
Px	Py	Mp
0.000000	0.227661	0.004444
0.000000	0.227661	0.004844
0.000000	0.227661	0.005231
0.000000	0.227661	0.005603
0.000000	0.227661	0.005961
0.000000	0.227661	0.006301
0.000000	0.227661	0.006625
0.000000	0.227661	0.006930
0.000000	0.227661	0.007216
0.000000	0.227661	0.007483
0.000000	0.227661	0.007729
0.000000	0.227661	0.007954
0.000000	0.227661	0.008157
0.000000	0.227661	0.008338
0.000000	0.227661	0.008496
0.000000	0.227661	0.008630
0.000000	0.227662	0.008741
0.000000	0.227661	0.008828
0.000000	0.227661	0.008891
0.000000	0.227661	0.008929
0.000000	0.227661	0.008943
0.000000	0.227661	0.008933
0.000000	0.227661	0.008897
0.000000	0.227662	0.008838
0.000000	0.227661	0.008754
0.000000	0.227661	0.008647
0.000000	0.227661	0.008515
0.000000	0.227661	0.008360
0.000000	0.227661	0.008183
0.000000	0.227661	0.007983
0.000000	0.227661	0.007761
0.000000	0.227661	0.007518
0.000000	0.227661	0.007254
0.000000	0.227661	0.006970
0.000000	0.227661	0.006667
0.000000	0.227661	0.006346
0.000000	0.227661	0.006008
0.000000	0.227661	0.005653
0.000000	0.227662	0.005282
0.000000	0.227661	0.004897
0.000000	0.000000	0.000000
Transformovane zatizeni nadnasypem:
Px	Py	Mp
0.000000	0.000000	0.000000
0.000000	0.000000	0.000000
0.000000	0.000000	0.000000
0.000000	0.000000	0.000000
0.000000	0.000000	0.000000
0.000000	0.000000	0.000000
0.000000	0.000000	0.000000
0.000000	0.000000	0.000000
0.000000	0.000000	0.000000
0.000000	0.000000	0.000000
0.000000	0.000000	0.000000
0.000000	0.000000	0.000000
0.000000	0.000000	0.000000
0.000000	0.000000	0.000000
0.000000	0.000000	0.000000
0.000000	0.000000	0.000000
0.000000	0.000000	0.000000
0.000000	0.000000	0.000000
0.000000	0.000000	0.000000
0.000000	0.000000	0.000000
0.000000	0.000000	0.000000
0.000000	0.000000	0.000000
0.000000	0.000000	0.000000
0.000000	0.000000	0.000000
0.000000	0.000000	0.000000
0.000000	0.000000	0.000000
0.000000	0.000000	0.000000
0.000000	0.000000	0.000000
0.000000	0.000000	0.000000
0.000000	0.000000	0.000000
0.000000	0.000000	0.000000
0.000000	0.000000	0.000000
0.000000	0.000000	0.000000
0.000000	0.000000	0.000000
0.000000	0.000000	0.000000
0.000000	0.000000	0.000000
0.000000	0.000000	0.000000
0.000000	0.000000	0.000000
0.000000	0.000000	0.000000
0.000000	0.000000	0.000000
0.000000	0.000000	0.000000
Transformovane zatizeni vnejsich sil:
Qx	Qy	Mq
0.000000	0.000000	0.000000
0.000000	0.000000	0.000000
0.000000	0.000000	0.000000
0.000000	0.000000	0.000000
0.000000	0.000000	0.000000
0.000000	0.000000	0.000000
0.000000	0.000000	0.000000
0.000000	0.000000	0.000000
0.000000	0.000000	0.000000
0.000000	0.000000	0.000000
0.000000	0.000000	0.000000
0.000000	0.000000	0.000000
0.000000	0.000000	0.000000
0.000000	0.000000	0.000000
0.000000	0.000000	0.000000
0.000000	0.000000	0.000000
0.000000	0.000000	0.000000
0.000000	0.000000	0.000000
0.000000	0.000000	0.000000
0.000000	0.000000	0.000000
0.000000	0.000000	0.000000
0.000000	0.000000	0.000000
0.000000	0.000000	0.000000
0.000000	0.000000	0.000000
0.000000	0.000000	0.000000
0.000000	0.000000	0.000000
0.000000	0.000000	0.000000
0.000000	0.000000	0.000000
0.000000	0.000000	0.000000
0.000000	0.000000	0.000000
0.000000	0.000000	0.000000
0.000000	0.000000	0.000000
0.000000	0.000000	0.000000
0.000000	0.000000	0.000000
0.000000	0.000000	0.000000
0.000000	1.000000	0.103091
0.000000	0.000000	0.000000
0.000000	0.000000	0.000000
0.000000	0.000000	0.000000
0.000000	0.000000	0.000000
0.000000	0.000000	0.000000

*** vysledky vypoctu ***
 icase = 0
         0 -> O.K.,
        -1 -> nelze splnit omezujici podminky,
        +1 -> cilova funkce je na polyedru neomezena.
 lambda = 21.375492
 pocet bloku N = 40
 Vektor lokalnich deformaci:
   2: fi 00 ext = 5.672404
  33: fi 16 int = 10.493377
  74: fi 36 ext = 19.946556
  81: fi 40 int = 15.125582
 Vektor indexu spary mezi bloky:
0		1		2		3		4		5		6		7		8		9		10		11		12		13		14		15		16		17		18		19		20		21		22		23		24		25		26		27		28		29		30		31		32		33		34		35		36		37		38		39		40		
 Vektor normalovych sil ve sparach (+ znaci tlak):
6.657405	6.559660	6.456701	6.349597	6.240851	6.130847	6.020806	5.911605	5.805414	5.701696	5.602401	5.509350	5.422123	5.341046	5.268755	5.203657	5.147428	5.100547	5.064119	5.036447	5.019122	5.011630	5.014658	5.027122	5.050549	5.081861	5.122581	5.172282	5.229909	5.295290	5.366585	5.444394	5.527560	5.614659	5.704634	5.796497	21.774597	22.594261	23.367184	24.090065	24.759775	
 Vektor vzdalenosti N od hornoho povrchu klenby:
0.000000	0.020940	0.039817	0.056768	0.071922	0.085381	0.097239	0.107597	0.116522	0.124093	0.130408	0.135499	0.139432	0.142301	0.144136	0.145019	0.145000	0.144120	0.142405	0.139959	0.136760	0.132888	0.128313	0.123092	0.117202	0.110652	0.103408	0.095456	0.086747	0.077244	0.066880	0.055608	0.043332	0.029975	0.015439	-0.000376	0.000000	0.045552	0.084451	0.117408	0.145000	
 Vektor posouvajicich sil ve sparach:
-1.951901	-1.724681	-1.512936	-1.316157	-1.134381	-0.967201	-0.814158	-0.674911	-0.548726	-0.435056	-0.333251	-0.242364	-0.161684	-0.090240	-0.027088	0.028802	0.078427	0.122867	0.163279	0.200677	0.236351	0.271395	0.306820	0.344022	0.383953	0.427835	0.476659	0.531508	0.593597	0.663573	0.742566	0.831572	0.931169	1.042251	1.165535	1.301459	-12.852301	-11.838282	-10.773429	-9.659691	-8.499519	
 Vektor e_min:
0.001664	0.001640	0.001614	0.001587	0.001560	0.001533	0.001505	0.001478	0.001451	0.001425	0.001401	0.001377	0.001355	0.001335	0.001317	0.001301	0.001287	0.001275	0.001266	0.001259	0.001255	0.001253	0.001254	0.001257	0.001263	0.001270	0.001281	0.001293	0.001307	0.001324	0.001342	0.001361	0.001382	0.001404	0.001426	0.001449	0.005444	0.005649	0.005842	0.006023	0.006190	

 * Iterace c. 1 * Delta = 4.135406 *
 icase = 0
         0 -> O.K.,
        -1 -> nelze splnit omezujici podminky,
        +1 -> cilova funkce je na polyedru neomezena.
 lambda = 17.240086
 pocet bloku N = 40
 Vektor lokalnich deformaci:
   2: fi 00 ext = 4.710337
  33: fi 16 int = 8.823548
  74: fi 36 ext = 17.132988
  81: fi 40 int = 13.019775
 Vektor indexu spary mezi bloky:
0		1		2		3		4		5		6		7		8		9		10		11		12		13		14		15		16		17		18		19		20		21		22		23		24		25		26		27		28		29		30		31		32		33		34		35		36		37		38		39		40		
 Vektor normalovych sil ve sparach (+ znaci tlak):
6.543859	6.441766	6.334997	6.225107	6.112520	5.999906	5.886968	5.775863	5.667571	5.563383	5.463378	5.369064	5.282006	5.201376	5.128461	5.064943	5.010937	4.966208	4.930359	4.906014	4.891304	4.886964	4.892960	4.909255	4.936749	4.972660	5.018160	5.072291	5.135757	5.206121	5.284416	5.368527	5.457446	5.550845	5.647407	5.746429	18.658482	19.344603	19.992689	20.599955	21.163860	
 Vektor vzdalenosti N od hornoho povrchu klenby:
0.001664	0.021997	0.040317	0.056761	0.071445	0.084486	0.095979	0.106025	0.114693	0.122078	0.128252	0.133283	0.137235	0.140212	0.142245	0.143395	0.143713	0.143294	0.142164	0.140351	0.137907	0.134853	0.131209	0.126988	0.122156	0.116737	0.110675	0.103964	0.096523	0.088321	0.079289	0.069348	0.058445	0.046454	0.033300	0.018884	0.005444	0.047597	0.083475	0.113708	0.138810	
 Vektor posouvajicich sil ve sparach:
-1.869484	-1.648387	-1.442869	-1.252556	-1.077381	-0.916977	-0.770943	-0.638719	-0.519732	-0.413256	-0.318692	-0.235232	-0.161847	-0.097711	-0.041893	0.006705	0.049103	0.086395	0.119763	0.150315	0.179144	0.207486	0.236560	0.267487	0.301351	0.339406	0.382625	0.432209	0.489095	0.554410	0.629015	0.713800	0.809514	0.917164	1.037186	1.170334	-10.218652	-9.371492	-8.479979	-7.546108	-6.571350	
 Vektor e_min:
0.001636	0.001610	0.001584	0.001556	0.001528	0.001500	0.001472	0.001444	0.001417	0.001391	0.001366	0.001342	0.001320	0.001300	0.001282	0.001266	0.001253	0.001242	0.001233	0.001226	0.001223	0.001222	0.001223	0.001227	0.001234	0.001243	0.001254	0.001268	0.001284	0.001301	0.001321	0.001342	0.001364	0.001388	0.001412	0.001437	0.004665	0.004836	0.004998	0.005150	0.005291	

 * Iterace c. 2 * Delta = -0.508987 *
 icase = 0
         0 -> O.K.,
        -1 -> nelze splnit omezujici podminky,
        +1 -> cilova funkce je na polyedru neomezena.
 lambda = 17.749073
 pocet bloku N = 40
 Vektor lokalnich deformaci:
   2: fi 00 ext = 4.830134
  33: fi 16 int = 9.030689
  74: fi 36 ext = 17.486694
  81: fi 40 int = 13.286141
 Vektor indexu spary mezi bloky:
0		1		2		3		4		5		6		7		8		9		10		11		12		13		14		15		16		17		18		19		20		21		22		23		24		25		26		27		28		29		30		31		32		33		34		35		36		37		38		39		40		
 Vektor normalovych sil ve sparach (+ znaci tlak):
6.556880	6.455071	6.348819	6.239018	6.127326	6.014573	5.902141	5.791515	5.682878	5.578664	5.478850	5.384079	5.297003	5.215786	5.144774	5.080091	5.025160	4.980008	4.944402	4.919075	4.904172	4.899380	4.905121	4.922238	4.947862	4.982709	5.028650	5.082800	5.145787	5.215595	5.292262	5.374935	5.463415	5.556529	5.652730	5.750565	19.040234	19.742765	20.406324	21.027946	21.604929	
 Vektor vzdalenosti N od hornoho povrchu klenby:
0.001636	0.022020	0.040388	0.056873	0.071595	0.084669	0.096186	0.106250	0.114931	0.122318	0.128492	0.133516	0.137453	0.140400	0.142362	0.143468	0.143747	0.143264	0.142037	0.140126	0.137598	0.134435	0.130665	0.126307	0.121352	0.115795	0.109582	0.102722	0.095141	0.086781	0.077595	0.067516	0.056442	0.044314	0.031005	0.016432	0.004665	0.047308	0.083622	0.114248	0.139709	
 Vektor posouvajicich sil ve sparach:
-1.877266	-1.655530	-1.449330	-1.258349	-1.082360	-0.921227	-0.774376	-0.641363	-0.521539	-0.414353	-0.319056	-0.234678	-0.160538	-0.095663	-0.039009	0.010329	0.053547	0.091596	0.125676	0.156917	0.186490	0.215555	0.245262	0.276788	0.311303	0.349899	0.393734	0.443783	0.501290	0.567014	0.642012	0.727218	0.823291	0.931231	1.051608	1.184964	-10.544543	-9.676799	-8.764114	-7.808146	-6.810702	
 Vektor e_min:
0.001639	0.001614	0.001587	0.001560	0.001532	0.001504	0.001475	0.001448	0.001421	0.001395	0.001370	0.001346	0.001324	0.001304	0.001286	0.001270	0.001256	0.001245	0.001236	0.001230	0.001226	0.001225	0.001226	0.001230	0.001237	0.001246	0.001257	0.001271	0.001286	0.001304	0.001323	0.001344	0.001366	0.001389	0.001413	0.001438	0.004760	0.004936	0.005102	0.005257	0.005401	

 * Iterace c. 3 * Delta = 0.063683 *
 icase = 0
         0 -> O.K.,
        -1 -> nelze splnit omezujici podminky,
        +1 -> cilova funkce je na polyedru neomezena.
 lambda = 17.685390
 pocet bloku N = 40
 Vektor lokalnich deformaci:
   2: fi 00 ext = 4.815128
  33: fi 16 int = 9.004711
  74: fi 36 ext = 17.442293
  81: fi 40 int = 13.252708
 Vektor indexu spary mezi bloky:
0		1		2		3		4		5		6		7		8		9		10		11		12		13		14		15		16		17		18		19		20		21		22		23		24		25		26		27		28		29		30		31		32		33		34		35		36		37		38		39		40		
 Vektor normalovych sil ve sparach (+ znaci tlak):
6.555203	6.453463	6.346983	6.237427	6.125443	6.012629	5.900166	5.788801	5.681115	5.576273	5.476539	5.382590	5.294589	5.214718	5.142500	5.078738	5.023049	4.978588	4.942232	4.917416	4.902013	4.897451	4.904161	4.920215	4.946004	4.982195	5.027336	5.081068	5.143617	5.214157	5.290864	5.374588	5.462815	5.555790	5.651754	5.750045	18.992432	19.692863	20.354431	20.974314	21.549788	
 Vektor vzdalenosti N od hornoho povrchu klenby:
0.001639	0.022017	0.040379	0.056859	0.071575	0.084646	0.096166	0.106218	0.114899	0.122294	0.128453	0.133466	0.137423	0.140347	0.142340	0.143449	0.143744	0.143247	0.142054	0.140167	0.137640	0.134488	0.130730	0.126393	0.121451	0.115904	0.109723	0.102872	0.095314	0.086970	0.077814	0.067748	0.056696	0.044574	0.031288	0.016742	0.004760	0.047343	0.083603	0.114181	0.139599	
 Vektor posouvajicich sil ve sparach:
-1.876272	-1.654634	-1.448424	-1.257566	-1.081711	-0.920680	-0.773957	-0.640953	-0.521252	-0.414226	-0.318961	-0.234782	-0.160684	-0.095852	-0.039370	0.009902	0.052978	0.090962	0.124951	0.156134	0.185558	0.214502	0.244189	0.275627	0.310035	0.348585	0.392347	0.442371	0.499669	0.565490	0.640412	0.725466	0.821531	0.929438	1.049706	1.183115	-10.503778	-9.638658	-8.728551	-7.775310	-6.780822	
 Vektor e_min:
0.001639	0.001613	0.001587	0.001559	0.001531	0.001503	0.001475	0.001447	0.001420	0.001394	0.001369	0.001346	0.001324	0.001304	0.001286	0.001270	0.001256	0.001245	0.001235	0.001229	0.001225	0.001224	0.001226	0.001230	0.001236	0.001245	0.001257	0.001270	0.001286	0.001303	0.001323	0.001344	0.001366	0.001389	0.001413	0.001437	0.004748	0.004923	0.005089	0.005244	0.005387	

 * Iterace c. 4 * Delta = -0.007492 *
 icase = 0
         0 -> O.K.,
        -1 -> nelze splnit omezujici podminky,
        +1 -> cilova funkce je na polyedru neomezena.
 lambda = 17.692883
 pocet bloku N = 40
 Vektor lokalnich deformaci:
   2: fi 00 ext = 4.816861
  33: fi 16 int = 9.007706
  74: fi 36 ext = 17.447355
  81: fi 40 int = 13.256508
 Vektor indexu spary mezi bloky:
0		1		2		3		4		5		6		7		8		9		10		11		12		13		14		15		16		17		18		19		20		21		22		23		24		25		26		27		28		29		30		31		32		33		34		35		36		37		38		39		40		
 Vektor normalovych sil ve sparach (+ znaci tlak):
6.555284	6.453667	6.347159	6.237486	6.125357	6.012755	5.900042	5.789660	5.681433	5.576931	5.477199	5.383182	5.295353	5.214391	5.142229	5.078089	5.023289	4.977963	4.942475	4.918067	4.901841	4.898417	4.903582	4.920159	4.946079	4.982327	5.027822	5.081707	5.143799	5.214147	5.291315	5.374465	5.463147	5.555461	5.652085	5.750075	18.997902	19.698584	20.360531	20.980755	21.556280	
 Vektor vzdalenosti N od hornoho povrchu klenby:
0.001639	0.022019	0.040382	0.056861	0.071581	0.084648	0.096162	0.106218	0.114900	0.122283	0.128452	0.133475	0.137413	0.140365	0.142349	0.143458	0.143744	0.143267	0.142051	0.140150	0.137639	0.134468	0.130720	0.126369	0.121443	0.115887	0.109703	0.102853	0.095294	0.086953	0.077789	0.067717	0.056667	0.044536	0.031258	0.016703	0.004748	0.047339	0.083606	0.114190	0.139613	
 Vektor posouvajicich sil ve sparach:
-1.876407	-1.654778	-1.448570	-1.257575	-1.081709	-0.920675	-0.773935	-0.641007	-0.521321	-0.414266	-0.318930	-0.234699	-0.160656	-0.095843	-0.039331	0.009948	0.053056	0.091043	0.124995	0.156236	0.185674	0.214622	0.244322	0.275756	0.310200	0.348693	0.392447	0.442557	0.499858	0.565573	0.640565	0.725614	0.821774	0.929596	1.049922	1.183247	-10.508542	-9.643206	-8.732792	-7.779215	-6.784329	
 Vektor e_min:
0.001639	0.001613	0.001587	0.001559	0.001531	0.001503	0.001475	0.001447	0.001420	0.001394	0.001369	0.001346	0.001324	0.001304	0.001285	0.001269	0.001256	0.001244	0.001236	0.001229	0.001225	0.001225	0.001226	0.001230	0.001236	0.001246	0.001257	0.001270	0.001286	0.001303	0.001323	0.001344	0.001366	0.001389	0.001413	0.001438	0.004749	0.004925	0.005090	0.005245	0.005389	
