Vstupni soubor: zlamal4_3.in
***kopie vstupniho souboru***

 2.472500
 0.713750
 1
 0.145000
 20.000000
 0.600000
 40
 1
 0.6 1.000000 0.200000
 0.500000
 0.000000
 0 30.000000
 0 0.600000 0.400000 2.400000
 1
 4 2000.000000 inter2.txt
*****************************
Ortoganalni souradnice intrados a extrados:
X_int	Y_int	X_ext	Y_ext
0.000000	0.000000	-0.125574	0.072500
0.039049	0.063722	-0.082558	0.142695
0.081379	0.125313	-0.035928	0.210542
0.126875	0.184605	0.014189	0.275856
0.175412	0.241434	0.067656	0.338458
0.226856	0.295645	0.124325	0.398175
0.281067	0.347089	0.184043	0.454845
0.337896	0.395626	0.246644	0.508312
0.397187	0.441122	0.311958	0.558429
0.458778	0.483452	0.379806	0.605059
0.522501	0.522501	0.450001	0.648075
0.588179	0.558162	0.522350	0.687358
0.655634	0.590336	0.596657	0.722800
0.724680	0.618936	0.672717	0.754305
0.795129	0.643883	0.750321	0.781786
0.866786	0.665109	0.829257	0.805168
0.939456	0.682556	0.909309	0.824387
1.012940	0.696175	0.990257	0.839390
1.087036	0.705930	1.071879	0.850136
1.161541	0.711794	1.153952	0.856595
1.236250	0.713750	1.236250	0.858750
1.310960	0.711794	1.318548	0.856595
1.385464	0.705930	1.400621	0.850136
1.459560	0.696175	1.482243	0.839390
1.533044	0.682556	1.563191	0.824387
1.605714	0.665109	1.643243	0.805168
1.677372	0.643883	1.722179	0.781786
1.747820	0.618936	1.799783	0.754305
1.816866	0.590336	1.875843	0.722800
1.884321	0.558162	1.950150	0.687358
1.949999	0.522501	2.022500	0.648075
2.013722	0.483452	2.092694	0.605059
2.075313	0.441122	2.160542	0.558429
2.134604	0.395626	2.225856	0.508312
2.191433	0.347089	2.288457	0.454845
2.245644	0.295645	2.348175	0.398175
2.297088	0.241434	2.404845	0.338458
2.345625	0.184605	2.458311	0.275856
2.391121	0.125313	2.508428	0.210542
2.433451	0.063722	2.555058	0.142695
2.472500	0.000000	2.598074	0.072500
Vlastni tiha klenby - jednotlive bloky:
X_p	Y_p	P
-0.043266	0.070339	0.227661
-0.000477	0.136230	0.227661
0.045702	0.199790	0.227661
0.095145	0.260847	0.227661
0.147715	0.319232	0.227661
0.203269	0.374786	0.227661
0.261654	0.427356	0.227661
0.322711	0.476799	0.227661
0.386271	0.522978	0.227661
0.452161	0.565768	0.227661
0.520200	0.605050	0.227661
0.590202	0.640718	0.227661
0.661975	0.672673	0.227661
0.735322	0.700828	0.227661
0.810042	0.725106	0.227661
0.885929	0.745440	0.227661
0.962778	0.761775	0.227662
1.040376	0.774065	0.227661
1.118510	0.782278	0.227661
1.196967	0.786389	0.227661
1.275532	0.786389	0.227661
1.353990	0.782278	0.227661
1.432125	0.774065	0.227661
1.509722	0.761775	0.227662
1.586570	0.745440	0.227661
1.662459	0.725106	0.227661
1.737178	0.700828	0.227661
1.810525	0.672673	0.227661
1.882298	0.640718	0.227661
1.952299	0.605050	0.227661
2.020339	0.565768	0.227661
2.086229	0.522978	0.227661
2.149790	0.476799	0.227661
2.210846	0.427356	0.227661
2.269231	0.374786	0.227661
2.324785	0.319232	0.227661
2.377355	0.260846	0.227661
2.426798	0.199790	0.227661
2.472977	0.136230	0.227662
2.515766	0.070339	0.227661
Tiha nadnasypu pusobici na bloky:
P	h_ver	X_p	Y_p
0.000000	0.070195	-0.104267	0.107269
0.000000	0.067847	-0.059466	0.176294
0.000000	0.065314	-0.011114	0.242881
0.000000	0.062602	0.040657	0.306846
0.000000	0.059718	0.095706	0.368017
0.000000	0.056670	0.153882	0.426223
0.000000	0.053467	0.215026	0.481307
0.000000	0.050117	0.278971	0.533117
0.000000	0.046630	0.345543	0.581511
0.000000	0.043015	0.414559	0.626357
0.000000	0.039283	0.485833	0.667530
0.000000	0.035442	0.559168	0.704919
0.000000	0.031505	0.634365	0.738419
0.000000	0.027481	0.711218	0.767939
0.000000	0.023382	0.789517	0.793397
0.000000	0.019219	0.869048	0.814721
0.000000	0.015003	0.949591	0.831853
0.000000	0.010746	1.030926	0.844744
0.000000	0.006459	1.112828	0.853358
0.000000	0.002155	1.195071	0.857672
0.000000	-0.002155	1.277429	0.857672
0.000000	-0.006459	1.359672	0.853358
0.000000	-0.010746	1.441574	0.844744
0.000000	-0.015003	1.522909	0.831853
0.000000	-0.019219	1.603452	0.814721
0.000000	-0.023382	1.682983	0.793397
0.000000	-0.027481	1.761282	0.767939
0.000000	-0.031505	1.838135	0.738420
0.000000	-0.035442	1.913332	0.704919
0.000000	-0.039283	1.986668	0.667530
0.000000	-0.043016	2.057940	0.626357
0.000000	-0.046630	2.126957	0.581511
0.000000	-0.050117	2.193529	0.533117
0.000000	-0.053467	2.257474	0.481307
0.000000	-0.056670	2.318619	0.426223
0.000000	-0.059718	2.376793	0.368017
0.000000	-0.062602	2.431843	0.306846
0.000000	-0.065314	2.483614	0.242880
0.000000	-0.067848	2.531968	0.176292
0.000000	-0.070195	2.576767	0.107270
Vnejsi zatizeni pusobici na bloky:
X_q	Y_q	Q
-0.125574	0.072500	0.000000
-0.082558	0.142695	0.000000
-0.035928	0.210542	0.000000
0.014189	0.275856	0.000000
0.067656	0.338458	0.000000
0.124325	0.398175	0.000000
0.184043	0.454845	0.000000
0.246644	0.508312	0.000000
0.311958	0.558429	0.000000
0.379806	0.605059	0.000000
0.450001	0.648075	0.000000
0.522350	0.687358	0.000000
0.600000	1.439616	1.000000
0.672717	0.754305	0.000000
0.750321	0.781786	0.000000
0.829257	0.805168	0.000000
0.909309	0.824387	0.000000
0.990257	0.839390	0.000000
1.071879	0.850136	0.000000
1.153952	0.856595	0.000000
1.236250	0.858750	0.000000
1.318548	0.856595	0.000000
1.400621	0.850136	0.000000
1.482243	0.839390	0.000000
1.563191	0.824387	0.000000
1.643243	0.805168	0.000000
1.722179	0.781786	0.000000
1.799783	0.754305	0.000000
1.875843	0.722800	0.000000
1.950150	0.687358	0.000000
2.022500	0.648075	0.000000
2.092694	0.605059	0.000000
2.160542	0.558429	0.000000
2.225856	0.508312	0.000000
2.288457	0.454845	0.000000
2.348175	0.398175	0.000000
2.404845	0.338458	0.000000
2.458311	0.275856	0.000000
2.508428	0.210542	0.000000
2.555058	0.142695	0.000000
Ortogonalni lokalni souradnice jednotlivych bloku:
a	alfa	b	beta
0.072500	2.617995	0.078531	1.021018
0.072500	2.565635	0.078531	0.968659
0.072500	2.513275	0.078531	0.916299
0.072500	2.460915	0.078531	0.863939
0.072500	2.408555	0.078531	0.811579
0.072500	2.356195	0.078531	0.759219
0.072500	2.303835	0.078531	0.706859
0.072500	2.251475	0.078531	0.654500
0.072500	2.199115	0.078531	0.602139
0.072500	2.146756	0.078531	0.549778
0.072500	2.094395	0.078531	0.497420
0.072500	2.042036	0.078531	0.445059
0.072500	1.989676	0.078531	0.392700
0.072500	1.937316	0.078531	0.340338
0.072500	1.884957	0.078531	0.287981
0.072500	1.832596	0.078531	0.235619
0.072500	1.780236	0.078531	0.183260
0.072500	1.727876	0.078531	0.130899
0.072500	1.675516	0.078531	0.078541
0.072500	1.623156	0.078531	0.026179
0.072500	1.570796	0.078531	-0.026179
0.072500	1.518436	0.078531	-0.078540
0.072500	1.466077	0.078531	-0.130900
0.072500	1.413716	0.078531	-0.183260
0.072500	1.361356	0.078531	-0.235619
0.072500	1.308997	0.078531	-0.287979
0.072500	1.256637	0.078531	-0.340341
0.072500	1.204276	0.078531	-0.392699
0.072500	1.151917	0.078531	-0.445058
0.072500	1.099557	0.078531	-0.497421
0.072500	1.047197	0.078531	-0.549780
0.072500	0.994838	0.078531	-0.602137
0.072500	0.942477	0.078531	-0.654499
0.072500	0.890118	0.078531	-0.706859
0.072500	0.837758	0.078531	-0.759219
0.072500	0.785397	0.078531	-0.811578
0.072500	0.733037	0.078531	-0.863940
0.072500	0.680678	0.078531	-0.916301
0.072500	0.628319	0.078531	-0.968656
0.072500	0.575958	0.078531	-1.021019
0.072500	0.523597	1.000000	-1.047199
Transformovane zatizeni vlastni tihou klenby:
Px	Py	Mp
0.000000	0.227661	0.004444
0.000000	0.227661	0.004844
0.000000	0.227661	0.005231
0.000000	0.227661	0.005603
0.000000	0.227661	0.005961
0.000000	0.227661	0.006301
0.000000	0.227661	0.006625
0.000000	0.227661	0.006930
0.000000	0.227661	0.007216
0.000000	0.227661	0.007483
0.000000	0.227661	0.007729
0.000000	0.227661	0.007954
0.000000	0.227661	0.008157
0.000000	0.227661	0.008338
0.000000	0.227661	0.008496
0.000000	0.227661	0.008630
0.000000	0.227662	0.008741
0.000000	0.227661	0.008828
0.000000	0.227661	0.008891
0.000000	0.227661	0.008929
0.000000	0.227661	0.008943
0.000000	0.227661	0.008933
0.000000	0.227661	0.008897
0.000000	0.227662	0.008838
0.000000	0.227661	0.008754
0.000000	0.227661	0.008647
0.000000	0.227661	0.008515
0.000000	0.227661	0.008360
0.000000	0.227661	0.008183
0.000000	0.227661	0.007983
0.000000	0.227661	0.007761
0.000000	0.227661	0.007518
0.000000	0.227661	0.007254
0.000000	0.227661	0.006970
0.000000	0.227661	0.006667
0.000000	0.227661	0.006346
0.000000	0.227661	0.006008
0.000000	0.227661	0.005653
0.000000	0.227662	0.005282
0.000000	0.227661	0.004897
0.000000	0.000000	0.000000
Transformovane zatizeni nadnasypem:
Px	Py	Mp
0.000000	0.000000	0.000000
0.000000	0.000000	0.000000
0.000000	0.000000	0.000000
0.000000	0.000000	0.000000
0.000000	0.000000	0.000000
0.000000	0.000000	0.000000
0.000000	0.000000	0.000000
0.000000	0.000000	0.000000
0.000000	0.000000	0.000000
0.000000	0.000000	0.000000
0.000000	0.000000	0.000000
0.000000	0.000000	0.000000
0.000000	0.000000	0.000000
0.000000	0.000000	0.000000
0.000000	0.000000	0.000000
0.000000	0.000000	0.000000
0.000000	0.000000	0.000000
0.000000	0.000000	0.000000
0.000000	0.000000	0.000000
0.000000	0.000000	0.000000
0.000000	0.000000	0.000000
0.000000	0.000000	0.000000
0.000000	0.000000	0.000000
0.000000	0.000000	0.000000
0.000000	0.000000	0.000000
0.000000	0.000000	0.000000
0.000000	0.000000	0.000000
0.000000	0.000000	0.000000
0.000000	0.000000	0.000000
0.000000	0.000000	0.000000
0.000000	0.000000	0.000000
0.000000	0.000000	0.000000
0.000000	0.000000	0.000000
0.000000	0.000000	0.000000
0.000000	0.000000	0.000000
0.000000	0.000000	0.000000
0.000000	0.000000	0.000000
0.000000	0.000000	0.000000
0.000000	0.000000	0.000000
0.000000	0.000000	0.000000
0.000000	0.000000	0.000000
Transformovane zatizeni vnejsich sil:
Qx	Qy	Mq
0.000000	0.000000	0.000000
0.000000	0.000000	0.000000
0.000000	0.000000	0.000000
0.000000	0.000000	0.000000
0.000000	0.000000	0.000000
0.000000	0.000000	0.000000
0.000000	0.000000	0.000000
0.000000	0.000000	0.000000
0.000000	0.000000	0.000000
0.000000	0.000000	0.000000
0.000000	0.000000	0.000000
0.000000	0.000000	0.000000
0.000000	1.000000	-0.026145
0.000000	0.000000	0.000000
0.000000	0.000000	0.000000
0.000000	0.000000	0.000000
0.000000	0.000000	0.000000
0.000000	0.000000	0.000000
0.000000	0.000000	0.000000
0.000000	0.000000	0.000000
0.000000	0.000000	0.000000
0.000000	0.000000	0.000000
0.000000	0.000000	0.000000
0.000000	0.000000	0.000000
0.000000	0.000000	0.000000
0.000000	0.000000	0.000000
0.000000	0.000000	0.000000
0.000000	0.000000	0.000000
0.000000	0.000000	0.000000
0.000000	0.000000	0.000000
0.000000	0.000000	0.000000
0.000000	0.000000	0.000000
0.000000	0.000000	0.000000
0.000000	0.000000	0.000000
0.000000	0.000000	0.000000
0.000000	0.000000	0.000000
0.000000	0.000000	0.000000
0.000000	0.000000	0.000000
0.000000	0.000000	0.000000
0.000000	0.000000	0.000000
0.000000	0.000000	0.000000

*** vysledky vypoctu ***
 icase = 0
         0 -> O.K.,
        -1 -> nelze splnit omezujici podminky,
        +1 -> cilova funkce je na polyedru neomezena.
 lambda = 4.667103
 pocet bloku N = 40
 Vektor lokalnich deformaci:
   5: fi 02 int = 1.959256
  26: fi 12 ext = 4.820224
  55: fi 27 int = 5.547068
  82: fi 40 ext = 2.686100
 Vektor indexu spary mezi bloky:
0		1		2		3		4		5		6		7		8		9		10		11		12		13		14		15		16		17		18		19		20		21		22		23		24		25		26		27		28		29		30		31		32		33		34		35		36		37		38		39		40		
 Vektor normalovych sil ve sparach (+ znaci tlak):
10.259805	10.095973	9.917378	9.725593	9.522193	9.308670	9.086398	8.857048	8.621904	8.382367	8.139734	7.895571	7.651083	5.734650	5.723215	5.718584	5.721311	5.731902	5.750230	5.776256	5.810446	5.852353	5.902279	5.959667	6.024248	6.095486	6.173018	6.256521	6.345025	6.437813	6.534162	6.633412	6.734433	6.836183	6.937768	7.037982	7.135826	7.230005	7.319449	7.402802	7.478833	
 Vektor vzdalenosti N od hornoho povrchu klenby:
0.136810	0.142359	0.145000	0.144726	0.141511	0.135303	0.126037	0.113622	0.097952	0.078900	0.056330	0.030087	0.000000	0.015126	0.031914	0.047656	0.062338	0.075946	0.088449	0.099815	0.110008	0.118990	0.126712	0.133136	0.138220	0.141920	0.144194	0.145000	0.144301	0.142054	0.138220	0.132752	0.125605	0.116728	0.106060	0.093539	0.079086	0.062615	0.044026	0.023200	0.000000	
 Vektor posouvajicich sil ve sparach:
-0.785793	-0.371732	0.023328	0.399076	0.755186	1.091532	1.408021	1.704717	1.981740	2.239338	2.477803	2.697569	2.899122	-1.274089	-1.188737	-1.107471	-1.029357	-0.953362	-0.878481	-0.803707	-0.727952	-0.650200	-0.569445	-0.484611	-0.394733	-0.298818	-0.195928	-0.085128	0.034475	0.163635	0.303170	0.453805	0.616168	0.790832	0.978370	1.179132	1.393524	1.621815	1.864158	2.120697	2.391374	
 Vektor e_min:
0.002565	0.002524	0.002479	0.002431	0.002381	0.002327	0.002272	0.002214	0.002155	0.002096	0.002035	0.001974	0.001913	0.001434	0.001431	0.001430	0.001430	0.001433	0.001438	0.001444	0.001453	0.001463	0.001476	0.001490	0.001506	0.001524	0.001543	0.001564	0.001586	0.001609	0.001634	0.001658	0.001684	0.001709	0.001734	0.001759	0.001784	0.001807	0.001830	0.001851	0.001870	

 * Iterace c. 1 * Delta = 0.207105 *
 icase = 0
         0 -> O.K.,
        -1 -> nelze splnit omezujici podminky,
        +1 -> cilova funkce je na polyedru neomezena.
 lambda = 4.459998
 pocet bloku N = 40
 Vektor lokalnich deformaci:
   5: fi 02 int = 1.944171
  26: fi 12 ext = 4.749577
  55: fi 27 int = 5.425096
  82: fi 40 ext = 2.619692
 Vektor indexu spary mezi bloky:
0		1		2		3		4		5		6		7		8		9		10		11		12		13		14		15		16		17		18		19		20		21		22		23		24		25		26		27		28		29		30		31		32		33		34		35		36		37		38		39		40		
 Vektor normalovych sil ve sparach (+ znaci tlak):
10.061546	9.898566	9.721470	9.531653	9.330784	9.120250	8.901536	8.676158	8.445600	8.210984	7.974091	7.735841	7.497670	5.662181	5.647840	5.640301	5.640684	5.648598	5.664603	5.689048	5.721495	5.762287	5.810750	5.867211	5.931003	6.001984	6.079474	6.162814	6.251872	6.345193	6.442670	6.542966	6.645208	6.748551	6.852019	6.954347	7.054521	7.151266	7.243385	7.329707	7.408875	
 Vektor vzdalenosti N od hornoho povrchu klenby:
0.133923	0.139666	0.142521	0.142487	0.139539	0.133634	0.124706	0.112672	0.097434	0.078874	0.056866	0.031262	0.001913	0.017081	0.033271	0.048467	0.062664	0.075835	0.087962	0.099012	0.108939	0.117704	0.125269	0.131581	0.136601	0.140277	0.142570	0.143436	0.142826	0.140707	0.137028	0.131749	0.124818	0.116181	0.105783	0.093553	0.079419	0.063292	0.045072	0.024643	0.001870	
 Vektor posouvajicich sil ve sparach:
-0.797636	-0.393945	-0.009176	0.356341	0.702383	1.028768	1.335476	1.622591	1.890265	2.138754	2.368399	2.579628	2.772993	-1.214720	-1.133241	-1.056014	-0.982047	-0.910362	-0.839900	-0.769634	-0.698497	-0.625435	-0.549432	-0.469416	-0.384390	-0.293374	-0.195371	-0.089459	0.025221	0.149549	0.284257	0.430112	0.587765	0.757822	0.940768	1.137121	1.347200	1.571282	1.809553	2.062206	2.329150	
 Vektor e_min:
0.002515	0.002475	0.002430	0.002383	0.002333	0.002280	0.002225	0.002169	0.002111	0.002053	0.001994	0.001934	0.001874	0.001416	0.001412	0.001410	0.001410	0.001412	0.001416	0.001422	0.001430	0.001441	0.001453	0.001467	0.001483	0.001500	0.001520	0.001541	0.001563	0.001586	0.001611	0.001636	0.001661	0.001687	0.001713	0.001739	0.001764	0.001788	0.001811	0.001832	0.001852	

 * Iterace c. 2 * Delta = -0.003457 *
 icase = 0
         0 -> O.K.,
        -1 -> nelze splnit omezujici podminky,
        +1 -> cilova funkce je na polyedru neomezena.
 lambda = 4.463455
 pocet bloku N = 40
 Vektor lokalnich deformaci:
   5: fi 02 int = 1.944462
  26: fi 12 ext = 4.750793
  55: fi 27 int = 5.427169
  82: fi 40 ext = 2.620839
 Vektor indexu spary mezi bloky:
0		1		2		3		4		5		6		7		8		9		10		11		12		13		14		15		16		17		18		19		20		21		22		23		24		25		26		27		28		29		30		31		32		33		34		35		36		37		38		39		40		
 Vektor normalovych sil ve sparach (+ znaci tlak):
10.064752	9.901729	9.724582	9.534752	9.333797	9.123262	8.904583	8.679104	8.448233	8.213668	7.976642	7.738330	7.500027	5.663305	5.648820	5.641512	5.641740	5.649915	5.666112	5.690278	5.722842	5.763432	5.812132	5.868514	5.932520	6.003307	6.080822	6.164334	6.253190	6.346671	6.443998	6.544078	6.646376	6.749949	6.853308	6.955648	7.055726	7.152459	7.244574	7.330807	7.409968	
 Vektor vzdalenosti N od hornoho povrchu klenby:
0.133981	0.139719	0.142570	0.142531	0.139578	0.133666	0.124731	0.112690	0.097444	0.078875	0.056854	0.031237	0.001874	0.017042	0.033241	0.048446	0.062649	0.075832	0.087967	0.099017	0.108952	0.117722	0.125289	0.131607	0.136622	0.140303	0.142593	0.143459	0.142853	0.140731	0.137052	0.131771	0.124836	0.116196	0.105793	0.093560	0.079422	0.063290	0.045066	0.024631	0.001852	
 Vektor posouvajicich sil ve sparach:
-0.797292	-0.393440	-0.008500	0.357195	0.703384	1.029932	1.336803	1.624062	1.891890	2.140508	2.370306	2.581668	2.775145	-1.215665	-1.134123	-1.056832	-0.982815	-0.911049	-0.840542	-0.770200	-0.698983	-0.625885	-0.549783	-0.469715	-0.384614	-0.293509	-0.195426	-0.089452	0.025309	0.149680	0.284469	0.430392	0.588115	0.758234	0.941276	1.137709	1.347830	1.571965	1.810315	2.063020	2.330013	
 Vektor e_min:
0.002516	0.002475	0.002431	0.002384	0.002333	0.002281	0.002226	0.002170	0.002112	0.002053	0.001994	0.001935	0.001875	0.001416	0.001412	0.001410	0.001410	0.001412	0.001416	0.001423	0.001431	0.001441	0.001453	0.001467	0.001483	0.001501	0.001520	0.001541	0.001563	0.001587	0.001611	0.001636	0.001662	0.001687	0.001713	0.001739	0.001764	0.001788	0.001811	0.001833	0.001852	
