Vstupni soubor: zlamal4_9.in
***kopie vstupniho souboru***

 2.472500
 0.713750
 1
 0.145000
 20.000000
 0.600000
 40
 1
 1.8 1.000000 0.200000
 0.500000
 0.000000
 0 30.000000
 0 0.600000 0.400000 2.400000
 1
 4 2000.000000 inter2.txt
*****************************
Ortoganalni souradnice intrados a extrados:
X_int	Y_int	X_ext	Y_ext
0.000000	0.000000	-0.125574	0.072500
0.039049	0.063722	-0.082558	0.142695
0.081379	0.125313	-0.035928	0.210542
0.126875	0.184605	0.014189	0.275856
0.175412	0.241434	0.067656	0.338458
0.226856	0.295645	0.124325	0.398175
0.281067	0.347089	0.184043	0.454845
0.337896	0.395626	0.246644	0.508312
0.397187	0.441122	0.311958	0.558429
0.458778	0.483452	0.379806	0.605059
0.522501	0.522501	0.450001	0.648075
0.588179	0.558162	0.522350	0.687358
0.655634	0.590336	0.596657	0.722800
0.724680	0.618936	0.672717	0.754305
0.795129	0.643883	0.750321	0.781786
0.866786	0.665109	0.829257	0.805168
0.939456	0.682556	0.909309	0.824387
1.012940	0.696175	0.990257	0.839390
1.087036	0.705930	1.071879	0.850136
1.161541	0.711794	1.153952	0.856595
1.236250	0.713750	1.236250	0.858750
1.310960	0.711794	1.318548	0.856595
1.385464	0.705930	1.400621	0.850136
1.459560	0.696175	1.482243	0.839390
1.533044	0.682556	1.563191	0.824387
1.605714	0.665109	1.643243	0.805168
1.677372	0.643883	1.722179	0.781786
1.747820	0.618936	1.799783	0.754305
1.816866	0.590336	1.875843	0.722800
1.884321	0.558162	1.950150	0.687358
1.949999	0.522501	2.022500	0.648075
2.013722	0.483452	2.092694	0.605059
2.075313	0.441122	2.160542	0.558429
2.134604	0.395626	2.225856	0.508312
2.191433	0.347089	2.288457	0.454845
2.245644	0.295645	2.348175	0.398175
2.297088	0.241434	2.404845	0.338458
2.345625	0.184605	2.458311	0.275856
2.391121	0.125313	2.508428	0.210542
2.433451	0.063722	2.555058	0.142695
2.472500	0.000000	2.598074	0.072500
Vlastni tiha klenby - jednotlive bloky:
X_p	Y_p	P
-0.043266	0.070339	0.227661
-0.000477	0.136230	0.227661
0.045702	0.199790	0.227661
0.095145	0.260847	0.227661
0.147715	0.319232	0.227661
0.203269	0.374786	0.227661
0.261654	0.427356	0.227661
0.322711	0.476799	0.227661
0.386271	0.522978	0.227661
0.452161	0.565768	0.227661
0.520200	0.605050	0.227661
0.590202	0.640718	0.227661
0.661975	0.672673	0.227661
0.735322	0.700828	0.227661
0.810042	0.725106	0.227661
0.885929	0.745440	0.227661
0.962778	0.761775	0.227662
1.040376	0.774065	0.227661
1.118510	0.782278	0.227661
1.196967	0.786389	0.227661
1.275532	0.786389	0.227661
1.353990	0.782278	0.227661
1.432125	0.774065	0.227661
1.509722	0.761775	0.227662
1.586570	0.745440	0.227661
1.662459	0.725106	0.227661
1.737178	0.700828	0.227661
1.810525	0.672673	0.227661
1.882298	0.640718	0.227661
1.952299	0.605050	0.227661
2.020339	0.565768	0.227661
2.086229	0.522978	0.227661
2.149790	0.476799	0.227661
2.210846	0.427356	0.227661
2.269231	0.374786	0.227661
2.324785	0.319232	0.227661
2.377355	0.260846	0.227661
2.426798	0.199790	0.227661
2.472977	0.136230	0.227662
2.515766	0.070339	0.227661
Tiha nadnasypu pusobici na bloky:
P	h_ver	X_p	Y_p
0.000000	0.070195	-0.104267	0.107269
0.000000	0.067847	-0.059466	0.176294
0.000000	0.065314	-0.011114	0.242881
0.000000	0.062602	0.040657	0.306846
0.000000	0.059718	0.095706	0.368017
0.000000	0.056670	0.153882	0.426223
0.000000	0.053467	0.215026	0.481307
0.000000	0.050117	0.278971	0.533117
0.000000	0.046630	0.345543	0.581511
0.000000	0.043015	0.414559	0.626357
0.000000	0.039283	0.485833	0.667530
0.000000	0.035442	0.559168	0.704919
0.000000	0.031505	0.634365	0.738419
0.000000	0.027481	0.711218	0.767939
0.000000	0.023382	0.789517	0.793397
0.000000	0.019219	0.869048	0.814721
0.000000	0.015003	0.949591	0.831853
0.000000	0.010746	1.030926	0.844744
0.000000	0.006459	1.112828	0.853358
0.000000	0.002155	1.195071	0.857672
0.000000	-0.002155	1.277429	0.857672
0.000000	-0.006459	1.359672	0.853358
0.000000	-0.010746	1.441574	0.844744
0.000000	-0.015003	1.522909	0.831853
0.000000	-0.019219	1.603452	0.814721
0.000000	-0.023382	1.682983	0.793397
0.000000	-0.027481	1.761282	0.767939
0.000000	-0.031505	1.838135	0.738420
0.000000	-0.035442	1.913332	0.704919
0.000000	-0.039283	1.986668	0.667530
0.000000	-0.043016	2.057940	0.626357
0.000000	-0.046630	2.126957	0.581511
0.000000	-0.050117	2.193529	0.533117
0.000000	-0.053467	2.257474	0.481307
0.000000	-0.056670	2.318619	0.426223
0.000000	-0.059718	2.376793	0.368017
0.000000	-0.062602	2.431843	0.306846
0.000000	-0.065314	2.483614	0.242880
0.000000	-0.067848	2.531968	0.176292
0.000000	-0.070195	2.576767	0.107270
Vnejsi zatizeni pusobici na bloky:
X_q	Y_q	Q
-0.125574	0.072500	0.000000
-0.082558	0.142695	0.000000
-0.035928	0.210542	0.000000
0.014189	0.275856	0.000000
0.067656	0.338458	0.000000
0.124325	0.398175	0.000000
0.184043	0.454845	0.000000
0.246644	0.508312	0.000000
0.311958	0.558429	0.000000
0.379806	0.605059	0.000000
0.450001	0.648075	0.000000
0.522350	0.687358	0.000000
0.596657	0.722800	0.000000
0.672717	0.754305	0.000000
0.750321	0.781786	0.000000
0.829257	0.805168	0.000000
0.909309	0.824387	0.000000
0.990257	0.839390	0.000000
1.071879	0.850136	0.000000
1.153952	0.856595	0.000000
1.236250	0.858750	0.000000
1.318548	0.856595	0.000000
1.400621	0.850136	0.000000
1.482243	0.839390	0.000000
1.563191	0.824387	0.000000
1.643243	0.805168	0.000000
1.722179	0.781786	0.000000
1.800000	-10.308593	1.000000
1.875843	0.722800	0.000000
1.950150	0.687358	0.000000
2.022500	0.648075	0.000000
2.092694	0.605059	0.000000
2.160542	0.558429	0.000000
2.225856	0.508312	0.000000
2.288457	0.454845	0.000000
2.348175	0.398175	0.000000
2.404845	0.338458	0.000000
2.458311	0.275856	0.000000
2.508428	0.210542	0.000000
2.555058	0.142695	0.000000
Ortogonalni lokalni souradnice jednotlivych bloku:
a	alfa	b	beta
0.072500	2.617995	0.078531	1.021018
0.072500	2.565635	0.078531	0.968659
0.072500	2.513275	0.078531	0.916299
0.072500	2.460915	0.078531	0.863939
0.072500	2.408555	0.078531	0.811579
0.072500	2.356195	0.078531	0.759219
0.072500	2.303835	0.078531	0.706859
0.072500	2.251475	0.078531	0.654500
0.072500	2.199115	0.078531	0.602139
0.072500	2.146756	0.078531	0.549778
0.072500	2.094395	0.078531	0.497420
0.072500	2.042036	0.078531	0.445059
0.072500	1.989676	0.078531	0.392700
0.072500	1.937316	0.078531	0.340338
0.072500	1.884957	0.078531	0.287981
0.072500	1.832596	0.078531	0.235619
0.072500	1.780236	0.078531	0.183260
0.072500	1.727876	0.078531	0.130899
0.072500	1.675516	0.078531	0.078541
0.072500	1.623156	0.078531	0.026179
0.072500	1.570796	0.078531	-0.026179
0.072500	1.518436	0.078531	-0.078540
0.072500	1.466077	0.078531	-0.130900
0.072500	1.413716	0.078531	-0.183260
0.072500	1.361356	0.078531	-0.235619
0.072500	1.308997	0.078531	-0.287979
0.072500	1.256637	0.078531	-0.340341
0.072500	1.204276	0.078531	-0.392699
0.072500	1.151917	0.078531	-0.445058
0.072500	1.099557	0.078531	-0.497421
0.072500	1.047197	0.078531	-0.549780
0.072500	0.994838	0.078531	-0.602137
0.072500	0.942477	0.078531	-0.654499
0.072500	0.890118	0.078531	-0.706859
0.072500	0.837758	0.078531	-0.759219
0.072500	0.785397	0.078531	-0.811578
0.072500	0.733037	0.078531	-0.863940
0.072500	0.680678	0.078531	-0.916301
0.072500	0.628319	0.078531	-0.968656
0.072500	0.575958	0.078531	-1.021019
0.072500	0.523597	1.000000	-1.047199
Transformovane zatizeni vlastni tihou klenby:
Px	Py	Mp
0.000000	0.227661	0.004444
0.000000	0.227661	0.004844
0.000000	0.227661	0.005231
0.000000	0.227661	0.005603
0.000000	0.227661	0.005961
0.000000	0.227661	0.006301
0.000000	0.227661	0.006625
0.000000	0.227661	0.006930
0.000000	0.227661	0.007216
0.000000	0.227661	0.007483
0.000000	0.227661	0.007729
0.000000	0.227661	0.007954
0.000000	0.227661	0.008157
0.000000	0.227661	0.008338
0.000000	0.227661	0.008496
0.000000	0.227661	0.008630
0.000000	0.227662	0.008741
0.000000	0.227661	0.008828
0.000000	0.227661	0.008891
0.000000	0.227661	0.008929
0.000000	0.227661	0.008943
0.000000	0.227661	0.008933
0.000000	0.227661	0.008897
0.000000	0.227662	0.008838
0.000000	0.227661	0.008754
0.000000	0.227661	0.008647
0.000000	0.227661	0.008515
0.000000	0.227661	0.008360
0.000000	0.227661	0.008183
0.000000	0.227661	0.007983
0.000000	0.227661	0.007761
0.000000	0.227661	0.007518
0.000000	0.227661	0.007254
0.000000	0.227661	0.006970
0.000000	0.227661	0.006667
0.000000	0.227661	0.006346
0.000000	0.227661	0.006008
0.000000	0.227661	0.005653
0.000000	0.227662	0.005282
0.000000	0.227661	0.004897
0.000000	0.000000	0.000000
Transformovane zatizeni nadnasypem:
Px	Py	Mp
0.000000	0.000000	0.000000
0.000000	0.000000	0.000000
0.000000	0.000000	0.000000
0.000000	0.000000	0.000000
0.000000	0.000000	0.000000
0.000000	0.000000	0.000000
0.000000	0.000000	0.000000
0.000000	0.000000	0.000000
0.000000	0.000000	0.000000
0.000000	0.000000	0.000000
0.000000	0.000000	0.000000
0.000000	0.000000	0.000000
0.000000	0.000000	0.000000
0.000000	0.000000	0.000000
0.000000	0.000000	0.000000
0.000000	0.000000	0.000000
0.000000	0.000000	0.000000
0.000000	0.000000	0.000000
0.000000	0.000000	0.000000
0.000000	0.000000	0.000000
0.000000	0.000000	0.000000
0.000000	0.000000	0.000000
0.000000	0.000000	0.000000
0.000000	0.000000	0.000000
0.000000	0.000000	0.000000
0.000000	0.000000	0.000000
0.000000	0.000000	0.000000
0.000000	0.000000	0.000000
0.000000	0.000000	0.000000
0.000000	0.000000	0.000000
0.000000	0.000000	0.000000
0.000000	0.000000	0.000000
0.000000	0.000000	0.000000
0.000000	0.000000	0.000000
0.000000	0.000000	0.000000
0.000000	0.000000	0.000000
0.000000	0.000000	0.000000
0.000000	0.000000	0.000000
0.000000	0.000000	0.000000
0.000000	0.000000	0.000000
0.000000	0.000000	0.000000
Transformovane zatizeni vnejsich sil:
Qx	Qy	Mq
0.000000	0.000000	0.000000
0.000000	0.000000	0.000000
0.000000	0.000000	0.000000
0.000000	0.000000	0.000000
0.000000	0.000000	0.000000
0.000000	0.000000	0.000000
0.000000	0.000000	0.000000
0.000000	0.000000	0.000000
0.000000	0.000000	0.000000
0.000000	0.000000	0.000000
0.000000	0.000000	0.000000
0.000000	0.000000	0.000000
0.000000	0.000000	0.000000
0.000000	0.000000	0.000000
0.000000	0.000000	0.000000
0.000000	0.000000	0.000000
0.000000	0.000000	0.000000
0.000000	0.000000	0.000000
0.000000	0.000000	0.000000
0.000000	0.000000	0.000000
0.000000	0.000000	0.000000
0.000000	0.000000	0.000000
0.000000	0.000000	0.000000
0.000000	0.000000	0.000000
0.000000	0.000000	0.000000
0.000000	0.000000	0.000000
0.000000	0.000000	0.000000
0.000000	1.000000	0.026198
0.000000	0.000000	0.000000
0.000000	0.000000	0.000000
0.000000	0.000000	0.000000
0.000000	0.000000	0.000000
0.000000	0.000000	0.000000
0.000000	0.000000	0.000000
0.000000	0.000000	0.000000
0.000000	0.000000	0.000000
0.000000	0.000000	0.000000
0.000000	0.000000	0.000000
0.000000	0.000000	0.000000
0.000000	0.000000	0.000000
0.000000	0.000000	0.000000

*** vysledky vypoctu ***
 icase = 0
         0 -> O.K.,
        -1 -> nelze splnit omezujici podminky,
        +1 -> cilova funkce je na polyedru neomezena.
 lambda = 4.474189
 pocet bloku N = 40
 Vektor lokalnich deformaci:
   2: fi 00 ext = 2.663055
  27: fi 13 int = 5.699680
  56: fi 27 ext = 4.869386
  75: fi 37 int = 1.832761
 Vektor indexu spary mezi bloky:
0		1		2		3		4		5		6		7		8		9		10		11		12		13		14		15		16		17		18		19		20		21		22		23		24		25		26		27		28		29		30		31		32		33		34		35		36		37		38		39		40		
 Vektor normalovych sil ve sparach (+ znaci tlak):
7.643764	7.572005	7.492405	7.406218	7.314818	7.219349	7.120832	7.020594	6.919716	6.818994	6.719454	6.622275	6.528362	6.438091	6.352580	6.272216	6.197568	6.129579	6.068169	6.013570	5.966573	5.926684	5.894855	5.870489	5.853413	5.843546	5.840633	5.844564	7.674513	7.901590	8.128361	8.353566	8.575891	8.793865	9.006274	9.211701	9.408731	9.595901	9.771884	9.935019	10.083912	
 Vektor vzdalenosti N od hornoho povrchu klenby:
0.000000	0.023559	0.044686	0.063518	0.080176	0.094759	0.107352	0.118033	0.126862	0.133894	0.139186	0.142774	0.144696	0.145000	0.143714	0.140881	0.136535	0.130713	0.123456	0.114805	0.104798	0.093484	0.080890	0.067065	0.052039	0.035841	0.018489	0.000000	0.029245	0.055009	0.077294	0.096227	0.111920	0.124481	0.134000	0.140554	0.144207	0.145000	0.142960	0.138093	0.130384	
 Vektor posouvajicich sil ve sparach:
-2.476414	-2.196944	-1.931472	-1.679956	-1.442393	-1.218552	-1.008244	-0.811122	-0.626746	-0.454669	-0.294335	-0.145095	-0.006285	0.122845	0.243095	0.355335	0.460417	0.559299	0.652922	0.742226	0.828284	0.912079	0.994585	1.076885	1.159954	1.244795	1.332376	1.423682	-2.567713	-2.365410	-2.145807	-1.908378	-1.652750	-1.378612	-1.085640	-0.773786	-0.442972	-0.093196	0.275311	0.662388	1.067579	
 Vektor e_min:
0.001911	0.001893	0.001873	0.001852	0.001829	0.001805	0.001780	0.001755	0.001730	0.001705	0.001680	0.001656	0.001632	0.001609	0.001588	0.001568	0.001549	0.001532	0.001517	0.001503	0.001492	0.001482	0.001474	0.001468	0.001463	0.001461	0.001460	0.001461	0.001919	0.001975	0.002032	0.002088	0.002144	0.002198	0.002252	0.002303	0.002352	0.002399	0.002443	0.002484	0.002521	

 * Iterace c. 1 * Delta = 0.179270 *
 icase = 0
         0 -> O.K.,
        -1 -> nelze splnit omezujici podminky,
        +1 -> cilova funkce je na polyedru neomezena.
 lambda = 4.294919
 pocet bloku N = 40
 Vektor lokalnich deformaci:
   2: fi 00 ext = 2.607496
  27: fi 13 int = 5.595503
  56: fi 27 ext = 4.814530
  75: fi 37 int = 1.826522
 Vektor indexu spary mezi bloky:
0		1		2		3		4		5		6		7		8		9		10		11		12		13		14		15		16		17		18		19		20		21		22		23		24		25		26		27		28		29		30		31		32		33		34		35		36		37		38		39		40		
 Vektor normalovych sil ve sparach (+ znaci tlak):
7.574090	7.499037	7.416439	7.327519	7.233464	7.135688	7.035116	6.932942	6.830256	6.728175	6.627421	6.529427	6.434582	6.344079	6.258301	6.178336	6.103830	6.036429	5.975814	5.922692	5.876695	5.839062	5.808546	5.786102	5.771387	5.764094	5.764179	5.771048	7.531052	7.753363	7.975317	8.196211	8.414650	8.629401	8.838743	9.041797	9.236767	9.422441	9.597308	9.759811	9.908575	
 Vektor vzdalenosti N od hornoho povrchu klenby:
0.001911	0.025042	0.045770	0.064231	0.080543	0.094806	0.107103	0.117509	0.126090	0.132901	0.137996	0.141412	0.143197	0.143391	0.142028	0.139151	0.134804	0.129018	0.121846	0.113320	0.103491	0.092404	0.080099	0.066609	0.051972	0.036225	0.019383	0.001461	0.029781	0.055010	0.076832	0.095360	0.110702	0.122959	0.132213	0.138534	0.141984	0.142601	0.140408	0.135410	0.127587	
 Vektor posouvajicich sil ve sparach:
-2.412985	-2.137290	-1.875686	-1.628253	-1.394845	-1.175348	-0.969471	-0.776897	-0.597168	-0.429820	-0.274259	-0.129870	0.004069	0.128277	0.243597	0.350894	0.451048	0.545042	0.633799	0.718328	0.799646	0.878754	0.956721	1.034531	1.113260	1.193884	1.277403	1.364781	-2.466631	-2.271976	-2.060215	-1.830956	-1.583644	-1.318037	-1.033770	-0.730755	-0.408868	-0.068197	0.291204	0.669126	1.065182	
 Vektor e_min:
0.001894	0.001875	0.001854	0.001832	0.001808	0.001784	0.001759	0.001733	0.001708	0.001682	0.001657	0.001632	0.001609	0.001586	0.001565	0.001545	0.001526	0.001509	0.001494	0.001481	0.001469	0.001460	0.001452	0.001446	0.001443	0.001441	0.001441	0.001443	0.001883	0.001938	0.001994	0.002049	0.002104	0.002157	0.002210	0.002260	0.002309	0.002356	0.002399	0.002440	0.002477	

 * Iterace c. 2 * Delta = -0.002433 *
 icase = 0
         0 -> O.K.,
        -1 -> nelze splnit omezujici podminky,
        +1 -> cilova funkce je na polyedru neomezena.
 lambda = 4.297352
 pocet bloku N = 40
 Vektor lokalnich deformaci:
   2: fi 00 ext = 2.608267
  27: fi 13 int = 5.596921
  56: fi 27 ext = 4.815281
  75: fi 37 int = 1.826627
 Vektor indexu spary mezi bloky:
0		1		2		3		4		5		6		7		8		9		10		11		12		13		14		15		16		17		18		19		20		21		22		23		24		25		26		27		28		29		30		31		32		33		34		35		36		37		38		39		40		
 Vektor normalovych sil ve sparach (+ znaci tlak):
7.574934	7.499965	7.417368	7.328454	7.234457	7.136585	7.036089	6.933803	6.831135	6.729109	6.628656	6.530420	6.435571	6.345160	6.259574	6.179188	6.105251	6.037559	5.976742	5.923510	5.877714	5.839809	5.809681	5.787338	5.772343	5.765102	5.765059	5.771791	7.532929	7.755289	7.977244	8.198356	8.416902	8.631537	8.841000	9.044001	9.239009	9.424722	9.599571	9.762142	9.910892	
 Vektor vzdalenosti N od hornoho povrchu klenby:
0.001894	0.025030	0.045763	0.064229	0.080544	0.094809	0.107110	0.117520	0.126105	0.132920	0.138013	0.141434	0.143222	0.143414	0.142048	0.139177	0.134825	0.129042	0.121869	0.113344	0.103514	0.092418	0.080107	0.066614	0.051973	0.036222	0.019371	0.001443	0.029776	0.055013	0.076842	0.095379	0.110727	0.122987	0.132245	0.138571	0.142025	0.142644	0.140455	0.135459	0.127639	
 Vektor posouvajicich sil ve sparach:
-2.413734	-2.137983	-1.876356	-1.628849	-1.395403	-1.175864	-0.969924	-0.777277	-0.597502	-0.430114	-0.274488	-0.130024	0.003941	0.128200	0.243613	0.350961	0.451189	0.545230	0.634028	0.718643	0.799996	0.879176	0.957212	1.035078	1.113850	1.194506	1.278088	1.365497	-2.468075	-2.273321	-2.061470	-1.832094	-1.584680	-1.318946	-1.034610	-0.731467	-0.409483	-0.068652	0.290884	0.668902	1.065087	
 Vektor e_min:
0.001894	0.001875	0.001854	0.001832	0.001809	0.001784	0.001759	0.001733	0.001708	0.001682	0.001657	0.001633	0.001609	0.001586	0.001565	0.001545	0.001526	0.001509	0.001494	0.001481	0.001469	0.001460	0.001452	0.001447	0.001443	0.001441	0.001441	0.001443	0.001883	0.001939	0.001994	0.002050	0.002104	0.002158	0.002210	0.002261	0.002310	0.002356	0.002400	0.002441	0.002478	
