Vstupni soubor: zlamal4_7.in
***kopie vstupniho souboru***

 2.472500
 0.713750
 1
 0.145000
 20.000000
 0.600000
 40
 1
 1.4 1.000000 0.200000
 0.500000
 0.000000
 0 30.000000
 0 0.600000 0.400000 2.400000
 1
 4 2000.000000 inter2.txt
*****************************
Ortoganalni souradnice intrados a extrados:
X_int	Y_int	X_ext	Y_ext
0.000000	0.000000	-0.125574	0.072500
0.039049	0.063722	-0.082558	0.142695
0.081379	0.125313	-0.035928	0.210542
0.126875	0.184605	0.014189	0.275856
0.175412	0.241434	0.067656	0.338458
0.226856	0.295645	0.124325	0.398175
0.281067	0.347089	0.184043	0.454845
0.337896	0.395626	0.246644	0.508312
0.397187	0.441122	0.311958	0.558429
0.458778	0.483452	0.379806	0.605059
0.522501	0.522501	0.450001	0.648075
0.588179	0.558162	0.522350	0.687358
0.655634	0.590336	0.596657	0.722800
0.724680	0.618936	0.672717	0.754305
0.795129	0.643883	0.750321	0.781786
0.866786	0.665109	0.829257	0.805168
0.939456	0.682556	0.909309	0.824387
1.012940	0.696175	0.990257	0.839390
1.087036	0.705930	1.071879	0.850136
1.161541	0.711794	1.153952	0.856595
1.236250	0.713750	1.236250	0.858750
1.310960	0.711794	1.318548	0.856595
1.385464	0.705930	1.400621	0.850136
1.459560	0.696175	1.482243	0.839390
1.533044	0.682556	1.563191	0.824387
1.605714	0.665109	1.643243	0.805168
1.677372	0.643883	1.722179	0.781786
1.747820	0.618936	1.799783	0.754305
1.816866	0.590336	1.875843	0.722800
1.884321	0.558162	1.950150	0.687358
1.949999	0.522501	2.022500	0.648075
2.013722	0.483452	2.092694	0.605059
2.075313	0.441122	2.160542	0.558429
2.134604	0.395626	2.225856	0.508312
2.191433	0.347089	2.288457	0.454845
2.245644	0.295645	2.348175	0.398175
2.297088	0.241434	2.404845	0.338458
2.345625	0.184605	2.458311	0.275856
2.391121	0.125313	2.508428	0.210542
2.433451	0.063722	2.555058	0.142695
2.472500	0.000000	2.598074	0.072500
Vlastni tiha klenby - jednotlive bloky:
X_p	Y_p	P
-0.043266	0.070339	0.227661
-0.000477	0.136230	0.227661
0.045702	0.199790	0.227661
0.095145	0.260847	0.227661
0.147715	0.319232	0.227661
0.203269	0.374786	0.227661
0.261654	0.427356	0.227661
0.322711	0.476799	0.227661
0.386271	0.522978	0.227661
0.452161	0.565768	0.227661
0.520200	0.605050	0.227661
0.590202	0.640718	0.227661
0.661975	0.672673	0.227661
0.735322	0.700828	0.227661
0.810042	0.725106	0.227661
0.885929	0.745440	0.227661
0.962778	0.761775	0.227662
1.040376	0.774065	0.227661
1.118510	0.782278	0.227661
1.196967	0.786389	0.227661
1.275532	0.786389	0.227661
1.353990	0.782278	0.227661
1.432125	0.774065	0.227661
1.509722	0.761775	0.227662
1.586570	0.745440	0.227661
1.662459	0.725106	0.227661
1.737178	0.700828	0.227661
1.810525	0.672673	0.227661
1.882298	0.640718	0.227661
1.952299	0.605050	0.227661
2.020339	0.565768	0.227661
2.086229	0.522978	0.227661
2.149790	0.476799	0.227661
2.210846	0.427356	0.227661
2.269231	0.374786	0.227661
2.324785	0.319232	0.227661
2.377355	0.260846	0.227661
2.426798	0.199790	0.227661
2.472977	0.136230	0.227662
2.515766	0.070339	0.227661
Tiha nadnasypu pusobici na bloky:
P	h_ver	X_p	Y_p
0.000000	0.070195	-0.104267	0.107269
0.000000	0.067847	-0.059466	0.176294
0.000000	0.065314	-0.011114	0.242881
0.000000	0.062602	0.040657	0.306846
0.000000	0.059718	0.095706	0.368017
0.000000	0.056670	0.153882	0.426223
0.000000	0.053467	0.215026	0.481307
0.000000	0.050117	0.278971	0.533117
0.000000	0.046630	0.345543	0.581511
0.000000	0.043015	0.414559	0.626357
0.000000	0.039283	0.485833	0.667530
0.000000	0.035442	0.559168	0.704919
0.000000	0.031505	0.634365	0.738419
0.000000	0.027481	0.711218	0.767939
0.000000	0.023382	0.789517	0.793397
0.000000	0.019219	0.869048	0.814721
0.000000	0.015003	0.949591	0.831853
0.000000	0.010746	1.030926	0.844744
0.000000	0.006459	1.112828	0.853358
0.000000	0.002155	1.195071	0.857672
0.000000	-0.002155	1.277429	0.857672
0.000000	-0.006459	1.359672	0.853358
0.000000	-0.010746	1.441574	0.844744
0.000000	-0.015003	1.522909	0.831853
0.000000	-0.019219	1.603452	0.814721
0.000000	-0.023382	1.682983	0.793397
0.000000	-0.027481	1.761282	0.767939
0.000000	-0.031505	1.838135	0.738420
0.000000	-0.035442	1.913332	0.704919
0.000000	-0.039283	1.986668	0.667530
0.000000	-0.043016	2.057940	0.626357
0.000000	-0.046630	2.126957	0.581511
0.000000	-0.050117	2.193529	0.533117
0.000000	-0.053467	2.257474	0.481307
0.000000	-0.056670	2.318619	0.426223
0.000000	-0.059718	2.376793	0.368017
0.000000	-0.062602	2.431843	0.306846
0.000000	-0.065314	2.483614	0.242880
0.000000	-0.067848	2.531968	0.176292
0.000000	-0.070195	2.576767	0.107270
Vnejsi zatizeni pusobici na bloky:
X_q	Y_q	Q
-0.125574	0.072500	0.000000
-0.082558	0.142695	0.000000
-0.035928	0.210542	0.000000
0.014189	0.275856	0.000000
0.067656	0.338458	0.000000
0.124325	0.398175	0.000000
0.184043	0.454845	0.000000
0.246644	0.508312	0.000000
0.311958	0.558429	0.000000
0.379806	0.605059	0.000000
0.450001	0.648075	0.000000
0.522350	0.687358	0.000000
0.596657	0.722800	0.000000
0.672717	0.754305	0.000000
0.750321	0.781786	0.000000
0.829257	0.805168	0.000000
0.909309	0.824387	0.000000
0.990257	0.839390	0.000000
1.071879	0.850136	0.000000
1.153952	0.856595	0.000000
1.236250	0.858750	0.000000
1.400000	0.850087	1.000000
1.400621	0.850136	0.000000
1.482243	0.839390	0.000000
1.563191	0.824387	0.000000
1.643243	0.805168	0.000000
1.722179	0.781786	0.000000
1.799783	0.754305	0.000000
1.875843	0.722800	0.000000
1.950150	0.687358	0.000000
2.022500	0.648075	0.000000
2.092694	0.605059	0.000000
2.160542	0.558429	0.000000
2.225856	0.508312	0.000000
2.288457	0.454845	0.000000
2.348175	0.398175	0.000000
2.404845	0.338458	0.000000
2.458311	0.275856	0.000000
2.508428	0.210542	0.000000
2.555058	0.142695	0.000000
Ortogonalni lokalni souradnice jednotlivych bloku:
a	alfa	b	beta
0.072500	2.617995	0.078531	1.021018
0.072500	2.565635	0.078531	0.968659
0.072500	2.513275	0.078531	0.916299
0.072500	2.460915	0.078531	0.863939
0.072500	2.408555	0.078531	0.811579
0.072500	2.356195	0.078531	0.759219
0.072500	2.303835	0.078531	0.706859
0.072500	2.251475	0.078531	0.654500
0.072500	2.199115	0.078531	0.602139
0.072500	2.146756	0.078531	0.549778
0.072500	2.094395	0.078531	0.497420
0.072500	2.042036	0.078531	0.445059
0.072500	1.989676	0.078531	0.392700
0.072500	1.937316	0.078531	0.340338
0.072500	1.884957	0.078531	0.287981
0.072500	1.832596	0.078531	0.235619
0.072500	1.780236	0.078531	0.183260
0.072500	1.727876	0.078531	0.130899
0.072500	1.675516	0.078531	0.078541
0.072500	1.623156	0.078531	0.026179
0.072500	1.570796	0.078531	-0.026179
0.072500	1.518436	0.078531	-0.078540
0.072500	1.466077	0.078531	-0.130900
0.072500	1.413716	0.078531	-0.183260
0.072500	1.361356	0.078531	-0.235619
0.072500	1.308997	0.078531	-0.287979
0.072500	1.256637	0.078531	-0.340341
0.072500	1.204276	0.078531	-0.392699
0.072500	1.151917	0.078531	-0.445058
0.072500	1.099557	0.078531	-0.497421
0.072500	1.047197	0.078531	-0.549780
0.072500	0.994838	0.078531	-0.602137
0.072500	0.942477	0.078531	-0.654499
0.072500	0.890118	0.078531	-0.706859
0.072500	0.837758	0.078531	-0.759219
0.072500	0.785397	0.078531	-0.811578
0.072500	0.733037	0.078531	-0.863940
0.072500	0.680678	0.078531	-0.916301
0.072500	0.628319	0.078531	-0.968656
0.072500	0.575958	0.078531	-1.021019
0.072500	0.523597	1.000000	-1.047199
Transformovane zatizeni vlastni tihou klenby:
Px	Py	Mp
0.000000	0.227661	0.004444
0.000000	0.227661	0.004844
0.000000	0.227661	0.005231
0.000000	0.227661	0.005603
0.000000	0.227661	0.005961
0.000000	0.227661	0.006301
0.000000	0.227661	0.006625
0.000000	0.227661	0.006930
0.000000	0.227661	0.007216
0.000000	0.227661	0.007483
0.000000	0.227661	0.007729
0.000000	0.227661	0.007954
0.000000	0.227661	0.008157
0.000000	0.227661	0.008338
0.000000	0.227661	0.008496
0.000000	0.227661	0.008630
0.000000	0.227662	0.008741
0.000000	0.227661	0.008828
0.000000	0.227661	0.008891
0.000000	0.227661	0.008929
0.000000	0.227661	0.008943
0.000000	0.227661	0.008933
0.000000	0.227661	0.008897
0.000000	0.227662	0.008838
0.000000	0.227661	0.008754
0.000000	0.227661	0.008647
0.000000	0.227661	0.008515
0.000000	0.227661	0.008360
0.000000	0.227661	0.008183
0.000000	0.227661	0.007983
0.000000	0.227661	0.007761
0.000000	0.227661	0.007518
0.000000	0.227661	0.007254
0.000000	0.227661	0.006970
0.000000	0.227661	0.006667
0.000000	0.227661	0.006346
0.000000	0.227661	0.006008
0.000000	0.227661	0.005653
0.000000	0.227662	0.005282
0.000000	0.227661	0.004897
0.000000	0.000000	0.000000
Transformovane zatizeni nadnasypem:
Px	Py	Mp
0.000000	0.000000	0.000000
0.000000	0.000000	0.000000
0.000000	0.000000	0.000000
0.000000	0.000000	0.000000
0.000000	0.000000	0.000000
0.000000	0.000000	0.000000
0.000000	0.000000	0.000000
0.000000	0.000000	0.000000
0.000000	0.000000	0.000000
0.000000	0.000000	0.000000
0.000000	0.000000	0.000000
0.000000	0.000000	0.000000
0.000000	0.000000	0.000000
0.000000	0.000000	0.000000
0.000000	0.000000	0.000000
0.000000	0.000000	0.000000
0.000000	0.000000	0.000000
0.000000	0.000000	0.000000
0.000000	0.000000	0.000000
0.000000	0.000000	0.000000
0.000000	0.000000	0.000000
0.000000	0.000000	0.000000
0.000000	0.000000	0.000000
0.000000	0.000000	0.000000
0.000000	0.000000	0.000000
0.000000	0.000000	0.000000
0.000000	0.000000	0.000000
0.000000	0.000000	0.000000
0.000000	0.000000	0.000000
0.000000	0.000000	0.000000
0.000000	0.000000	0.000000
0.000000	0.000000	0.000000
0.000000	0.000000	0.000000
0.000000	0.000000	0.000000
0.000000	0.000000	0.000000
0.000000	0.000000	0.000000
0.000000	0.000000	0.000000
0.000000	0.000000	0.000000
0.000000	0.000000	0.000000
0.000000	0.000000	0.000000
0.000000	0.000000	0.000000
Transformovane zatizeni vnejsich sil:
Qx	Qy	Mq
0.000000	0.000000	0.000000
0.000000	0.000000	0.000000
0.000000	0.000000	0.000000
0.000000	0.000000	0.000000
0.000000	0.000000	0.000000
0.000000	0.000000	0.000000
0.000000	0.000000	0.000000
0.000000	0.000000	0.000000
0.000000	0.000000	0.000000
0.000000	0.000000	0.000000
0.000000	0.000000	0.000000
0.000000	0.000000	0.000000
0.000000	0.000000	0.000000
0.000000	0.000000	0.000000
0.000000	0.000000	0.000000
0.000000	0.000000	0.000000
0.000000	0.000000	0.000000
0.000000	0.000000	0.000000
0.000000	0.000000	0.000000
0.000000	0.000000	0.000000
0.000000	0.000000	0.000000
0.000000	1.000000	0.085246
0.000000	0.000000	0.000000
0.000000	0.000000	0.000000
0.000000	0.000000	0.000000
0.000000	0.000000	0.000000
0.000000	0.000000	0.000000
0.000000	0.000000	0.000000
0.000000	0.000000	0.000000
0.000000	0.000000	0.000000
0.000000	0.000000	0.000000
0.000000	0.000000	0.000000
0.000000	0.000000	0.000000
0.000000	0.000000	0.000000
0.000000	0.000000	0.000000
0.000000	0.000000	0.000000
0.000000	0.000000	0.000000
0.000000	0.000000	0.000000
0.000000	0.000000	0.000000
0.000000	0.000000	0.000000
0.000000	0.000000	0.000000

*** vysledky vypoctu ***
 icase = 0
         0 -> O.K.,
        -1 -> nelze splnit omezujici podminky,
        +1 -> cilova funkce je na polyedru neomezena.
 lambda = 5.456656
 pocet bloku N = 40
 Vektor lokalnich deformaci:
   2: fi 00 ext = 4.226660
  23: fi 11 int = 9.174533
  46: fi 22 ext = 6.434566
  65: fi 32 int = 1.486694
 Vektor indexu spary mezi bloky:
0		1		2		3		4		5		6		7		8		9		10		11		12		13		14		15		16		17		18		19		20		21		22		23		24		25		26		27		28		29		30		31		32		33		34		35		36		37		38		39		40		
 Vektor normalovych sil ve sparach (+ znaci tlak):
9.762985	9.742867	9.708911	9.662340	9.604332	9.536040	9.458289	9.372463	9.279550	9.180233	9.075704	8.967192	8.855310	8.740786	8.624677	8.507436	8.389903	8.272924	8.156703	8.041585	7.928512	7.817197	8.279084	8.456215	8.633752	8.810716	8.986570	9.160713	9.331837	9.499099	9.661545	9.818201	9.968060	10.109711	10.242261	10.364321	10.474932	10.572700	10.656583	10.725265	10.777484	
 Vektor vzdalenosti N od hornoho povrchu klenby:
0.000000	0.026642	0.050244	0.070968	0.088950	0.104300	0.117109	0.127447	0.135370	0.140917	0.144123	0.145000	0.143558	0.139803	0.133725	0.125320	0.114565	0.101446	0.085942	0.068027	0.047677	0.024865	0.000000	0.027659	0.052199	0.073705	0.092254	0.107918	0.120766	0.130854	0.138231	0.142938	0.145000	0.144437	0.141250	0.135428	0.126942	0.115746	0.101773	0.084933	0.065113	
 Vektor posouvajicich sil ve sparach:
-3.518357	-3.126549	-2.746204	-2.377568	-2.020966	-1.676505	-1.344331	-1.024404	-0.716658	-0.420944	-0.137080	0.135257	0.396408	0.646765	0.886811	1.117087	1.338107	1.550521	1.754958	1.952067	2.142612	2.327286	-2.919974	-2.707521	-2.483941	-2.248589	-2.000924	-1.740409	-1.466533	-1.179003	-0.877415	-0.561492	-0.231051	0.113999	0.473797	0.848197	1.237117	1.640383	2.057637	2.488581	2.932624	
 Vektor e_min:
0.002441	0.002436	0.002427	0.002416	0.002401	0.002384	0.002365	0.002343	0.002320	0.002295	0.002269	0.002242	0.002214	0.002185	0.002156	0.002127	0.002097	0.002068	0.002039	0.002010	0.001982	0.001954	0.002070	0.002114	0.002158	0.002203	0.002247	0.002290	0.002333	0.002375	0.002415	0.002455	0.002492	0.002527	0.002561	0.002591	0.002619	0.002643	0.002664	0.002681	0.002694	

 * Iterace c. 1 * Delta = 0.415530 *
 icase = 0
         0 -> O.K.,
        -1 -> nelze splnit omezujici podminky,
        +1 -> cilova funkce je na polyedru neomezena.
 lambda = 5.041125
 pocet bloku N = 40
 Vektor lokalnich deformaci:
   2: fi 00 ext = 4.022720
  23: fi 11 int = 8.769829
  46: fi 22 ext = 6.228436
  65: fi 32 int = 1.481327
 Vektor indexu spary mezi bloky:
0		1		2		3		4		5		6		7		8		9		10		11		12		13		14		15		16		17		18		19		20		21		22		23		24		25		26		27		28		29		30		31		32		33		34		35		36		37		38		39		40		
 Vektor normalovych sil ve sparach (+ znaci tlak):
9.462841	9.432632	9.389523	9.334774	9.269359	9.194556	9.111383	9.020753	8.924132	8.822310	8.716119	8.606836	8.495151	8.382030	8.268223	8.154139	8.041201	7.928934	7.818814	7.710960	7.605823	7.503567	7.931170	8.097279	8.264803	8.432859	8.600809	8.767776	8.932989	9.095591	9.254234	9.408731	9.557008	9.698229	9.831533	9.955668	10.069251	10.171298	10.260386	10.335381	10.395048	
 Vektor vzdalenosti N od hornoho povrchu klenby:
0.002441	0.028296	0.051197	0.071301	0.088736	0.103609	0.116005	0.125994	0.133629	0.138949	0.141986	0.142758	0.141278	0.137551	0.131573	0.123344	0.112853	0.100091	0.085047	0.067709	0.048064	0.026099	0.002070	0.028765	0.052499	0.073329	0.091322	0.106532	0.119014	0.128817	0.135982	0.140535	0.142508	0.141912	0.138744	0.132992	0.124628	0.113606	0.099860	0.083304	0.063826	
 Vektor posouvajicich sil ve sparach:
-3.318963	-2.943164	-2.579263	-2.227574	-1.888315	-1.561601	-1.247442	-0.945820	-0.656560	-0.379571	-0.114477	0.139006	0.381296	0.612834	0.834158	1.045825	1.248469	1.442725	1.629307	1.808947	1.982364	2.150344	-2.699811	-2.505884	-2.301346	-2.085546	-1.857870	-1.617739	-1.364617	-1.098064	-0.817715	-0.523189	-0.214252	0.109277	0.447508	0.800464	1.168094	1.550174	1.946542	2.356905	2.780757	
 Vektor e_min:
0.002366	0.002358	0.002347	0.002334	0.002317	0.002299	0.002278	0.002255	0.002231	0.002206	0.002179	0.002152	0.002124	0.002095	0.002067	0.002039	0.002010	0.001982	0.001955	0.001928	0.001901	0.001876	0.001983	0.002024	0.002066	0.002108	0.002150	0.002192	0.002233	0.002274	0.002314	0.002352	0.002389	0.002425	0.002458	0.002489	0.002517	0.002543	0.002565	0.002584	0.002599	

 * Iterace c. 2 * Delta = -0.015535 *
 icase = 0
         0 -> O.K.,
        -1 -> nelze splnit omezujici podminky,
        +1 -> cilova funkce je na polyedru neomezena.
 lambda = 5.056661
 pocet bloku N = 40
 Vektor lokalnich deformaci:
   2: fi 00 ext = 4.030437
  23: fi 11 int = 8.785032
  46: fi 22 ext = 6.236164
  65: fi 32 int = 1.481568
 Vektor indexu spary mezi bloky:
0		1		2		3		4		5		6		7		8		9		10		11		12		13		14		15		16		17		18		19		20		21		22		23		24		25		26		27		28		29		30		31		32		33		34		35		36		37		38		39		40		
 Vektor normalovych sil ve sparach (+ znaci tlak):
9.473943	9.444068	9.401359	9.346847	9.281723	9.207023	9.123975	9.033724	8.937113	8.835486	8.729459	8.620171	8.508314	8.395092	8.281205	8.166972	8.053603	7.941554	7.831096	7.722850	7.617399	7.514953	7.944204	8.110471	8.278394	8.446700	8.615052	8.782301	8.947842	9.110501	9.269456	9.423584	9.571865	9.713502	9.846704	9.970737	10.084183	10.186089	10.275037	10.349799	10.409159	
 Vektor vzdalenosti N od hornoho povrchu klenby:
0.002366	0.028249	0.051176	0.071303	0.088757	0.103648	0.116059	0.126059	0.133703	0.139032	0.142073	0.142848	0.141370	0.137639	0.131658	0.123422	0.112919	0.100142	0.085081	0.067717	0.048041	0.026043	0.001983	0.028717	0.052481	0.073340	0.091353	0.106583	0.119082	0.128896	0.136069	0.140633	0.142611	0.142014	0.138847	0.133093	0.124727	0.113698	0.099945	0.083379	0.063889	
 Vektor posouvajicich sil ve sparach:
-3.326159	-2.949758	-2.585261	-2.232982	-1.893068	-1.565680	-1.250862	-0.948566	-0.658635	-0.380951	-0.115170	0.139011	0.381989	0.614218	0.836224	1.048586	1.251886	1.446833	1.634068	1.814327	1.988373	2.156974	-2.708060	-2.513440	-2.308198	-2.091703	-1.863296	-1.622392	-1.368525	-1.101212	-0.820054	-0.524757	-0.215010	0.109321	0.448343	0.802088	1.170469	1.553343	1.950512	2.361608	2.786236	
 Vektor e_min:
0.002368	0.002361	0.002350	0.002337	0.002320	0.002302	0.002281	0.002258	0.002234	0.002209	0.002182	0.002155	0.002127	0.002099	0.002070	0.002042	0.002013	0.001985	0.001958	0.001931	0.001904	0.001879	0.001986	0.002028	0.002070	0.002112	0.002154	0.002196	0.002237	0.002278	0.002317	0.002356	0.002393	0.002428	0.002462	0.002493	0.002521	0.002547	0.002569	0.002587	0.002602	

 * Iterace c. 3 * Delta = 0.000534 *
 icase = 0
         0 -> O.K.,
        -1 -> nelze splnit omezujici podminky,
        +1 -> cilova funkce je na polyedru neomezena.
 lambda = 5.056127
 pocet bloku N = 40
 Vektor lokalnich deformaci:
   2: fi 00 ext = 4.030122
  23: fi 11 int = 8.784421
  46: fi 22 ext = 6.235839
  65: fi 32 int = 1.481541
 Vektor indexu spary mezi bloky:
0		1		2		3		4		5		6		7		8		9		10		11		12		13		14		15		16		17		18		19		20		21		22		23		24		25		26		27		28		29		30		31		32		33		34		35		36		37		38		39		40		
 Vektor normalovych sil ve sparach (+ znaci tlak):
9.473544	9.443710	9.400970	9.346411	9.281189	9.206692	9.123686	9.033237	8.936900	8.834983	8.729026	8.619761	8.507836	8.394701	8.280609	8.166782	8.053295	7.941064	7.830763	7.722632	7.617364	7.514474	7.943732	8.109973	8.277848	8.446165	8.614444	8.781845	8.947240	9.109870	9.268939	9.423002	9.571371	9.712899	9.846144	9.970215	10.083733	10.185612	10.274525	10.349283	10.408664	
 Vektor vzdalenosti N od hornoho povrchu klenby:
0.002368	0.028251	0.051177	0.071303	0.088757	0.103645	0.116056	0.126056	0.133701	0.139030	0.142069	0.142845	0.141367	0.137636	0.131656	0.123416	0.112914	0.100141	0.085079	0.067718	0.048044	0.026043	0.001986	0.028719	0.052482	0.073340	0.091352	0.106581	0.119080	0.128894	0.136066	0.140629	0.142607	0.142011	0.138844	0.133090	0.124723	0.113695	0.099942	0.083377	0.063887	
 Vektor posouvajicich sil ve sparach:
-3.325889	-2.949546	-2.585055	-2.232783	-1.892906	-1.565541	-1.250747	-0.948458	-0.658561	-0.380898	-0.115122	0.139000	0.381961	0.614192	0.836159	1.048498	1.251787	1.446684	1.633909	1.814139	1.988182	2.156740	-2.707783	-2.513191	-2.307983	-2.091501	-1.863101	-1.622247	-1.368384	-1.101094	-0.819980	-0.524710	-0.214996	0.109303	0.448291	0.802024	1.170384	1.553237	1.950341	2.361447	2.786016	
 Vektor e_min:
0.002368	0.002361	0.002350	0.002337	0.002320	0.002302	0.002281	0.002258	0.002234	0.002209	0.002182	0.002155	0.002127	0.002099	0.002070	0.002042	0.002013	0.001985	0.001958	0.001931	0.001904	0.001879	0.001986	0.002027	0.002069	0.002112	0.002154	0.002195	0.002237	0.002277	0.002317	0.002356	0.002393	0.002428	0.002462	0.002493	0.002521	0.002546	0.002569	0.002587	0.002602	
