Vstupni soubor: zlamal4_5.in
***kopie vstupniho souboru***

 2.472500
 0.713750
 1
 0.145000
 20.000000
 0.600000
 40
 1
 1.0 1.000000 0.200000
 0.500000
 0.000000
 0 30.000000
 0 0.600000 0.400000 2.400000
 1
 4 2000.000000 inter2.txt
*****************************
Ortoganalni souradnice intrados a extrados:
X_int	Y_int	X_ext	Y_ext
0.000000	0.000000	-0.125574	0.072500
0.039049	0.063722	-0.082558	0.142695
0.081379	0.125313	-0.035928	0.210542
0.126875	0.184605	0.014189	0.275856
0.175412	0.241434	0.067656	0.338458
0.226856	0.295645	0.124325	0.398175
0.281067	0.347089	0.184043	0.454845
0.337896	0.395626	0.246644	0.508312
0.397187	0.441122	0.311958	0.558429
0.458778	0.483452	0.379806	0.605059
0.522501	0.522501	0.450001	0.648075
0.588179	0.558162	0.522350	0.687358
0.655634	0.590336	0.596657	0.722800
0.724680	0.618936	0.672717	0.754305
0.795129	0.643883	0.750321	0.781786
0.866786	0.665109	0.829257	0.805168
0.939456	0.682556	0.909309	0.824387
1.012940	0.696175	0.990257	0.839390
1.087036	0.705930	1.071879	0.850136
1.161541	0.711794	1.153952	0.856595
1.236250	0.713750	1.236250	0.858750
1.310960	0.711794	1.318548	0.856595
1.385464	0.705930	1.400621	0.850136
1.459560	0.696175	1.482243	0.839390
1.533044	0.682556	1.563191	0.824387
1.605714	0.665109	1.643243	0.805168
1.677372	0.643883	1.722179	0.781786
1.747820	0.618936	1.799783	0.754305
1.816866	0.590336	1.875843	0.722800
1.884321	0.558162	1.950150	0.687358
1.949999	0.522501	2.022500	0.648075
2.013722	0.483452	2.092694	0.605059
2.075313	0.441122	2.160542	0.558429
2.134604	0.395626	2.225856	0.508312
2.191433	0.347089	2.288457	0.454845
2.245644	0.295645	2.348175	0.398175
2.297088	0.241434	2.404845	0.338458
2.345625	0.184605	2.458311	0.275856
2.391121	0.125313	2.508428	0.210542
2.433451	0.063722	2.555058	0.142695
2.472500	0.000000	2.598074	0.072500
Vlastni tiha klenby - jednotlive bloky:
X_p	Y_p	P
-0.043266	0.070339	0.227661
-0.000477	0.136230	0.227661
0.045702	0.199790	0.227661
0.095145	0.260847	0.227661
0.147715	0.319232	0.227661
0.203269	0.374786	0.227661
0.261654	0.427356	0.227661
0.322711	0.476799	0.227661
0.386271	0.522978	0.227661
0.452161	0.565768	0.227661
0.520200	0.605050	0.227661
0.590202	0.640718	0.227661
0.661975	0.672673	0.227661
0.735322	0.700828	0.227661
0.810042	0.725106	0.227661
0.885929	0.745440	0.227661
0.962778	0.761775	0.227662
1.040376	0.774065	0.227661
1.118510	0.782278	0.227661
1.196967	0.786389	0.227661
1.275532	0.786389	0.227661
1.353990	0.782278	0.227661
1.432125	0.774065	0.227661
1.509722	0.761775	0.227662
1.586570	0.745440	0.227661
1.662459	0.725106	0.227661
1.737178	0.700828	0.227661
1.810525	0.672673	0.227661
1.882298	0.640718	0.227661
1.952299	0.605050	0.227661
2.020339	0.565768	0.227661
2.086229	0.522978	0.227661
2.149790	0.476799	0.227661
2.210846	0.427356	0.227661
2.269231	0.374786	0.227661
2.324785	0.319232	0.227661
2.377355	0.260846	0.227661
2.426798	0.199790	0.227661
2.472977	0.136230	0.227662
2.515766	0.070339	0.227661
Tiha nadnasypu pusobici na bloky:
P	h_ver	X_p	Y_p
0.000000	0.070195	-0.104267	0.107269
0.000000	0.067847	-0.059466	0.176294
0.000000	0.065314	-0.011114	0.242881
0.000000	0.062602	0.040657	0.306846
0.000000	0.059718	0.095706	0.368017
0.000000	0.056670	0.153882	0.426223
0.000000	0.053467	0.215026	0.481307
0.000000	0.050117	0.278971	0.533117
0.000000	0.046630	0.345543	0.581511
0.000000	0.043015	0.414559	0.626357
0.000000	0.039283	0.485833	0.667530
0.000000	0.035442	0.559168	0.704919
0.000000	0.031505	0.634365	0.738419
0.000000	0.027481	0.711218	0.767939
0.000000	0.023382	0.789517	0.793397
0.000000	0.019219	0.869048	0.814721
0.000000	0.015003	0.949591	0.831853
0.000000	0.010746	1.030926	0.844744
0.000000	0.006459	1.112828	0.853358
0.000000	0.002155	1.195071	0.857672
0.000000	-0.002155	1.277429	0.857672
0.000000	-0.006459	1.359672	0.853358
0.000000	-0.010746	1.441574	0.844744
0.000000	-0.015003	1.522909	0.831853
0.000000	-0.019219	1.603452	0.814721
0.000000	-0.023382	1.682983	0.793397
0.000000	-0.027481	1.761282	0.767939
0.000000	-0.031505	1.838135	0.738420
0.000000	-0.035442	1.913332	0.704919
0.000000	-0.039283	1.986668	0.667530
0.000000	-0.043016	2.057940	0.626357
0.000000	-0.046630	2.126957	0.581511
0.000000	-0.050117	2.193529	0.533117
0.000000	-0.053467	2.257474	0.481307
0.000000	-0.056670	2.318619	0.426223
0.000000	-0.059718	2.376793	0.368017
0.000000	-0.062602	2.431843	0.306846
0.000000	-0.065314	2.483614	0.242880
0.000000	-0.067848	2.531968	0.176292
0.000000	-0.070195	2.576767	0.107270
Vnejsi zatizeni pusobici na bloky:
X_q	Y_q	Q
-0.125574	0.072500	0.000000
-0.082558	0.142695	0.000000
-0.035928	0.210542	0.000000
0.014189	0.275856	0.000000
0.067656	0.338458	0.000000
0.124325	0.398175	0.000000
0.184043	0.454845	0.000000
0.246644	0.508312	0.000000
0.311958	0.558429	0.000000
0.379806	0.605059	0.000000
0.450001	0.648075	0.000000
0.522350	0.687358	0.000000
0.596657	0.722800	0.000000
0.672717	0.754305	0.000000
0.750321	0.781786	0.000000
0.829257	0.805168	0.000000
0.909309	0.824387	0.000000
1.000000	0.929412	1.000000
1.071879	0.850136	0.000000
1.153952	0.856595	0.000000
1.236250	0.858750	0.000000
1.318548	0.856595	0.000000
1.400621	0.850136	0.000000
1.482243	0.839390	0.000000
1.563191	0.824387	0.000000
1.643243	0.805168	0.000000
1.722179	0.781786	0.000000
1.799783	0.754305	0.000000
1.875843	0.722800	0.000000
1.950150	0.687358	0.000000
2.022500	0.648075	0.000000
2.092694	0.605059	0.000000
2.160542	0.558429	0.000000
2.225856	0.508312	0.000000
2.288457	0.454845	0.000000
2.348175	0.398175	0.000000
2.404845	0.338458	0.000000
2.458311	0.275856	0.000000
2.508428	0.210542	0.000000
2.555058	0.142695	0.000000
Ortogonalni lokalni souradnice jednotlivych bloku:
a	alfa	b	beta
0.072500	2.617995	0.078531	1.021018
0.072500	2.565635	0.078531	0.968659
0.072500	2.513275	0.078531	0.916299
0.072500	2.460915	0.078531	0.863939
0.072500	2.408555	0.078531	0.811579
0.072500	2.356195	0.078531	0.759219
0.072500	2.303835	0.078531	0.706859
0.072500	2.251475	0.078531	0.654500
0.072500	2.199115	0.078531	0.602139
0.072500	2.146756	0.078531	0.549778
0.072500	2.094395	0.078531	0.497420
0.072500	2.042036	0.078531	0.445059
0.072500	1.989676	0.078531	0.392700
0.072500	1.937316	0.078531	0.340338
0.072500	1.884957	0.078531	0.287981
0.072500	1.832596	0.078531	0.235619
0.072500	1.780236	0.078531	0.183260
0.072500	1.727876	0.078531	0.130899
0.072500	1.675516	0.078531	0.078541
0.072500	1.623156	0.078531	0.026179
0.072500	1.570796	0.078531	-0.026179
0.072500	1.518436	0.078531	-0.078540
0.072500	1.466077	0.078531	-0.130900
0.072500	1.413716	0.078531	-0.183260
0.072500	1.361356	0.078531	-0.235619
0.072500	1.308997	0.078531	-0.287979
0.072500	1.256637	0.078531	-0.340341
0.072500	1.204276	0.078531	-0.392699
0.072500	1.151917	0.078531	-0.445058
0.072500	1.099557	0.078531	-0.497421
0.072500	1.047197	0.078531	-0.549780
0.072500	0.994838	0.078531	-0.602137
0.072500	0.942477	0.078531	-0.654499
0.072500	0.890118	0.078531	-0.706859
0.072500	0.837758	0.078531	-0.759219
0.072500	0.785397	0.078531	-0.811578
0.072500	0.733037	0.078531	-0.863940
0.072500	0.680678	0.078531	-0.916301
0.072500	0.628319	0.078531	-0.968656
0.072500	0.575958	0.078531	-1.021019
0.072500	0.523597	1.000000	-1.047199
Transformovane zatizeni vlastni tihou klenby:
Px	Py	Mp
0.000000	0.227661	0.004444
0.000000	0.227661	0.004844
0.000000	0.227661	0.005231
0.000000	0.227661	0.005603
0.000000	0.227661	0.005961
0.000000	0.227661	0.006301
0.000000	0.227661	0.006625
0.000000	0.227661	0.006930
0.000000	0.227661	0.007216
0.000000	0.227661	0.007483
0.000000	0.227661	0.007729
0.000000	0.227661	0.007954
0.000000	0.227661	0.008157
0.000000	0.227661	0.008338
0.000000	0.227661	0.008496
0.000000	0.227661	0.008630
0.000000	0.227662	0.008741
0.000000	0.227661	0.008828
0.000000	0.227661	0.008891
0.000000	0.227661	0.008929
0.000000	0.227661	0.008943
0.000000	0.227661	0.008933
0.000000	0.227661	0.008897
0.000000	0.227662	0.008838
0.000000	0.227661	0.008754
0.000000	0.227661	0.008647
0.000000	0.227661	0.008515
0.000000	0.227661	0.008360
0.000000	0.227661	0.008183
0.000000	0.227661	0.007983
0.000000	0.227661	0.007761
0.000000	0.227661	0.007518
0.000000	0.227661	0.007254
0.000000	0.227661	0.006970
0.000000	0.227661	0.006667
0.000000	0.227661	0.006346
0.000000	0.227661	0.006008
0.000000	0.227661	0.005653
0.000000	0.227662	0.005282
0.000000	0.227661	0.004897
0.000000	0.000000	0.000000
Transformovane zatizeni nadnasypem:
Px	Py	Mp
0.000000	0.000000	0.000000
0.000000	0.000000	0.000000
0.000000	0.000000	0.000000
0.000000	0.000000	0.000000
0.000000	0.000000	0.000000
0.000000	0.000000	0.000000
0.000000	0.000000	0.000000
0.000000	0.000000	0.000000
0.000000	0.000000	0.000000
0.000000	0.000000	0.000000
0.000000	0.000000	0.000000
0.000000	0.000000	0.000000
0.000000	0.000000	0.000000
0.000000	0.000000	0.000000
0.000000	0.000000	0.000000
0.000000	0.000000	0.000000
0.000000	0.000000	0.000000
0.000000	0.000000	0.000000
0.000000	0.000000	0.000000
0.000000	0.000000	0.000000
0.000000	0.000000	0.000000
0.000000	0.000000	0.000000
0.000000	0.000000	0.000000
0.000000	0.000000	0.000000
0.000000	0.000000	0.000000
0.000000	0.000000	0.000000
0.000000	0.000000	0.000000
0.000000	0.000000	0.000000
0.000000	0.000000	0.000000
0.000000	0.000000	0.000000
0.000000	0.000000	0.000000
0.000000	0.000000	0.000000
0.000000	0.000000	0.000000
0.000000	0.000000	0.000000
0.000000	0.000000	0.000000
0.000000	0.000000	0.000000
0.000000	0.000000	0.000000
0.000000	0.000000	0.000000
0.000000	0.000000	0.000000
0.000000	0.000000	0.000000
0.000000	0.000000	0.000000
Transformovane zatizeni vnejsich sil:
Qx	Qy	Mq
0.000000	0.000000	0.000000
0.000000	0.000000	0.000000
0.000000	0.000000	0.000000
0.000000	0.000000	0.000000
0.000000	0.000000	0.000000
0.000000	0.000000	0.000000
0.000000	0.000000	0.000000
0.000000	0.000000	0.000000
0.000000	0.000000	0.000000
0.000000	0.000000	0.000000
0.000000	0.000000	0.000000
0.000000	0.000000	0.000000
0.000000	0.000000	0.000000
0.000000	0.000000	0.000000
0.000000	0.000000	0.000000
0.000000	0.000000	0.000000
0.000000	0.000000	0.000000
0.000000	1.000000	-0.001599
0.000000	0.000000	0.000000
0.000000	0.000000	0.000000
0.000000	0.000000	0.000000
0.000000	0.000000	0.000000
0.000000	0.000000	0.000000
0.000000	0.000000	0.000000
0.000000	0.000000	0.000000
0.000000	0.000000	0.000000
0.000000	0.000000	0.000000
0.000000	0.000000	0.000000
0.000000	0.000000	0.000000
0.000000	0.000000	0.000000
0.000000	0.000000	0.000000
0.000000	0.000000	0.000000
0.000000	0.000000	0.000000
0.000000	0.000000	0.000000
0.000000	0.000000	0.000000
0.000000	0.000000	0.000000
0.000000	0.000000	0.000000
0.000000	0.000000	0.000000
0.000000	0.000000	0.000000
0.000000	0.000000	0.000000
0.000000	0.000000	0.000000

*** vysledky vypoctu ***
 icase = 0
         0 -> O.K.,
        -1 -> nelze splnit omezujici podminky,
        +1 -> cilova funkce je na polyedru neomezena.
 lambda = 5.138506
 pocet bloku N = 40
 Vektor lokalnich deformaci:
  15: fi 07 int = 1.597636
  36: fi 17 ext = 5.932830
  59: fi 29 int = 8.305346
  82: fi 40 ext = 3.970152
 Vektor indexu spary mezi bloky:
0		1		2		3		4		5		6		7		8		9		10		11		12		13		14		15		16		17		18		19		20		21		22		23		24		25		26		27		28		29		30		31		32		33		34		35		36		37		38		39		40		
 Vektor normalovych sil ve sparach (+ znaci tlak):
10.546947	10.471602	10.380468	10.274869	10.156162	10.025578	9.884300	9.733732	9.575021	9.409226	9.237552	9.061380	8.881691	8.699151	8.515183	8.330405	8.145891	7.962540	7.243711	7.332283	7.424790	7.520560	7.619868	7.721851	7.826243	7.932285	8.039575	8.147793	8.255862	8.362872	8.468190	8.571110	8.670549	8.765350	8.854715	8.937459	9.012638	9.078981	9.135530	9.181026	9.214316	
 Vektor vzdalenosti N od hornoho povrchu klenby:
0.083588	0.100688	0.114895	0.126301	0.134976	0.140967	0.144305	0.145000	0.143049	0.138433	0.131127	0.121085	0.108255	0.092582	0.073994	0.052421	0.027782	0.000000	0.017680	0.040154	0.060440	0.078540	0.094455	0.108190	0.119752	0.129141	0.136362	0.141411	0.144293	0.145000	0.143523	0.139845	0.133943	0.125785	0.115327	0.102514	0.087275	0.069522	0.049149	0.026027	0.000000	
 Vektor posouvajicich sil ve sparach:
-2.484128	-2.052715	-1.635689	-1.233435	-0.846342	-0.474618	-0.118458	0.222079	0.547025	0.856465	1.150568	1.429611	1.693915	1.943871	2.179963	2.402735	2.612732	2.810630	-2.113257	-1.958630	-1.799856	-1.636142	-1.466731	-1.290773	-1.107562	-0.916365	-0.716499	-0.507293	-0.288128	-0.058522	0.182064	0.434085	0.697888	0.973764	1.262021	1.562720	1.875993	2.201852	2.540161	2.890828	3.253510	
 Vektor e_min:
0.002637	0.002618	0.002595	0.002569	0.002539	0.002506	0.002471	0.002433	0.002394	0.002352	0.002309	0.002265	0.002220	0.002175	0.002129	0.002083	0.002036	0.001991	0.001811	0.001833	0.001856	0.001880	0.001905	0.001930	0.001957	0.001983	0.002010	0.002037	0.002064	0.002091	0.002117	0.002143	0.002168	0.002191	0.002214	0.002234	0.002253	0.002270	0.002284	0.002295	0.002304	

 * Iterace c. 1 * Delta = 0.349793 *
 icase = 0
         0 -> O.K.,
        -1 -> nelze splnit omezujici podminky,
        +1 -> cilova funkce je na polyedru neomezena.
 lambda = 4.788713
 pocet bloku N = 40
 Vektor lokalnich deformaci:
  15: fi 07 int = 1.588914
  36: fi 17 ext = 5.774874
  59: fi 29 int = 7.992477
  82: fi 40 ext = 3.806517
 Vektor indexu spary mezi bloky:
0		1		2		3		4		5		6		7		8		9		10		11		12		13		14		15		16		17		18		19		20		21		22		23		24		25		26		27		28		29		30		31		32		33		34		35		36		37		38		39		40		
 Vektor normalovych sil ve sparach (+ znaci tlak):
10.220992	10.140607	10.045465	9.936764	9.815721	9.683877	9.542365	9.392223	9.235006	9.071712	8.903453	8.731686	8.556920	8.380571	8.203385	8.026520	7.850735	7.676699	7.004496	7.086102	7.171972	7.261936	7.355868	7.453260	7.554144	7.657047	7.762338	7.869065	7.976099	8.083353	8.189780	8.294039	8.395762	8.493774	8.586897	8.674328	8.754790	8.827228	8.890372	8.943233	8.984530	
 Vektor vzdalenosti N od hornoho povrchu klenby:
0.081562	0.098472	0.112535	0.123840	0.132457	0.138433	0.141798	0.142567	0.140736	0.136293	0.129214	0.119461	0.106995	0.091762	0.073704	0.052765	0.028882	0.001991	0.019171	0.040817	0.060402	0.077918	0.093360	0.106718	0.117990	0.127177	0.134264	0.139253	0.142139	0.142909	0.141551	0.138050	0.132378	0.124502	0.114380	0.101956	0.087163	0.069916	0.050110	0.027623	0.002304	
 Vektor posouvajicich sil ve sparach:
-2.380388	-1.966209	-1.566586	-1.181969	-0.812620	-0.458780	-0.120517	0.202116	0.509209	0.800898	1.077415	1.339057	1.586225	1.819333	2.038944	2.245578	2.439903	2.622574	-1.968139	-1.826199	-1.680496	-1.530205	-1.374454	-1.212448	-1.043391	-0.866524	-0.681118	-0.486471	-0.281944	-0.066960	0.159031	0.396458	0.645823	0.907418	1.181520	1.468337	1.767973	2.080457	2.405756	2.743781	3.094248	
 Vektor e_min:
0.002555	0.002535	0.002511	0.002484	0.002454	0.002421	0.002386	0.002348	0.002309	0.002268	0.002226	0.002183	0.002139	0.002095	0.002051	0.002007	0.001963	0.001919	0.001751	0.001772	0.001793	0.001815	0.001839	0.001863	0.001889	0.001914	0.001941	0.001967	0.001994	0.002021	0.002047	0.002073	0.002099	0.002123	0.002147	0.002169	0.002189	0.002207	0.002223	0.002236	0.002246	

 * Iterace c. 2 * Delta = -0.010867 *
 icase = 0
         0 -> O.K.,
        -1 -> nelze splnit omezujici podminky,
        +1 -> cilova funkce je na polyedru neomezena.
 lambda = 4.799580
 pocet bloku N = 40
 Vektor lokalnich deformaci:
  15: fi 07 int = 1.589197
  36: fi 17 ext = 5.779837
  59: fi 29 int = 8.002364
  82: fi 40 ext = 3.811724
 Vektor indexu spary mezi bloky:
0		1		2		3		4		5		6		7		8		9		10		11		12		13		14		15		16		17		18		19		20		21		22		23		24		25		26		27		28		29		30		31		32		33		34		35		36		37		38		39		40		
 Vektor normalovych sil ve sparach (+ znaci tlak):
10.230974	10.150745	10.055631	9.947072	9.826188	9.694279	9.552744	9.402519	9.245221	9.081812	8.913693	8.741574	8.566707	8.390053	8.212913	8.035899	7.859766	7.685274	7.011748	7.093499	7.179571	7.269922	7.363697	7.461354	7.562009	7.665512	7.770703	7.877351	7.984827	8.091812	8.197980	8.302567	8.404020	8.501895	8.595044	8.682265	8.762654	8.834838	8.897858	8.950461	8.991524	
 Vektor vzdalenosti N od hornoho povrchu klenby:
0.081643	0.098558	0.112624	0.123931	0.132549	0.138524	0.141887	0.142652	0.140817	0.136368	0.129278	0.119517	0.107035	0.091785	0.073710	0.052749	0.028840	0.001919	0.019115	0.040788	0.060396	0.077931	0.093390	0.106759	0.118045	0.127234	0.134330	0.139323	0.142207	0.142979	0.141619	0.138110	0.132432	0.124549	0.114417	0.101983	0.087177	0.069915	0.050092	0.027586	0.002246	
 Vektor posouvajicich sil ve sparach:
-2.383370	-1.968646	-1.568499	-1.183367	-0.813476	-0.459088	-0.120265	0.202897	0.510543	0.802756	1.079829	1.342001	1.589688	1.823307	2.043408	2.250548	2.445319	2.628456	-1.972613	-1.830309	-1.684212	-1.533494	-1.377339	-1.214922	-1.045443	-0.868131	-0.682283	-0.487191	-0.282248	-0.066837	0.159587	0.397499	0.647287	0.909320	1.183835	1.471087	1.771115	2.084006	2.409719	2.748123	3.098933	
 Vektor e_min:
0.002558	0.002538	0.002514	0.002487	0.002457	0.002424	0.002388	0.002351	0.002311	0.002270	0.002228	0.002185	0.002142	0.002098	0.002053	0.002009	0.001965	0.001921	0.001753	0.001773	0.001795	0.001817	0.001841	0.001865	0.001890	0.001916	0.001943	0.001969	0.001996	0.002023	0.002049	0.002076	0.002101	0.002125	0.002149	0.002171	0.002191	0.002209	0.002224	0.002238	0.002248	

 * Iterace c. 3 * Delta = 0.000333 *
 icase = 0
         0 -> O.K.,
        -1 -> nelze splnit omezujici podminky,
        +1 -> cilova funkce je na polyedru neomezena.
 lambda = 4.799247
 pocet bloku N = 40
 Vektor lokalnich deformaci:
  15: fi 07 int = 1.589216
  36: fi 17 ext = 5.779788
  59: fi 29 int = 8.002203
  82: fi 40 ext = 3.811632
 Vektor indexu spary mezi bloky:
0		1		2		3		4		5		6		7		8		9		10		11		12		13		14		15		16		17		18		19		20		21		22		23		24		25		26		27		28		29		30		31		32		33		34		35		36		37		38		39		40		
 Vektor normalovych sil ve sparach (+ znaci tlak):
10.230682	10.150452	10.055376	9.946749	9.825814	9.694022	9.552431	9.402349	9.245017	9.081525	8.913464	8.741192	8.566584	8.390017	8.212868	8.035507	7.859629	7.684990	7.011519	7.093198	7.179398	7.269569	7.363468	7.461166	7.561898	7.665125	7.770491	7.877159	7.984343	8.091717	8.197821	8.302183	8.403835	8.501776	8.594826	8.682118	8.762378	8.834648	8.897636	8.950247	8.991309	
 Vektor vzdalenosti N od hornoho povrchu klenby:
0.081640	0.098555	0.112621	0.123928	0.132546	0.138521	0.141885	0.142649	0.140815	0.136367	0.129277	0.119515	0.107035	0.091786	0.073711	0.052753	0.028845	0.001921	0.019119	0.040792	0.060396	0.077933	0.093390	0.106762	0.118044	0.127236	0.134329	0.139322	0.142207	0.142977	0.141620	0.138112	0.132433	0.124549	0.114418	0.101983	0.087177	0.069915	0.050094	0.027588	0.002248	
 Vektor posouvajicich sil ve sparach:
-2.383302	-1.968569	-1.568480	-1.183330	-0.813493	-0.459094	-0.120294	0.202853	0.510476	0.802690	1.079744	1.341908	1.589567	1.823180	2.043262	2.250371	2.445156	2.628276	-1.972492	-1.830166	-1.684100	-1.533391	-1.377257	-1.214841	-1.045381	-0.868098	-0.682267	-0.487180	-0.282250	-0.066821	0.159602	0.397470	0.647258	0.909257	1.183782	1.471004	1.771048	2.083917	2.409610	2.747988	3.098822	
 Vektor e_min:
0.002558	0.002538	0.002514	0.002487	0.002456	0.002423	0.002388	0.002351	0.002311	0.002270	0.002228	0.002185	0.002142	0.002097	0.002053	0.002009	0.001965	0.001921	0.001753	0.001773	0.001795	0.001817	0.001841	0.001865	0.001890	0.001916	0.001943	0.001969	0.001996	0.002023	0.002049	0.002076	0.002101	0.002125	0.002149	0.002171	0.002191	0.002209	0.002224	0.002238	0.002248	
