 icase = 0
         0 -> O.K.,
        -1 -> nelze splnit omezujici podminky,
        +1 -> cilova funkce je na polyedru neomezena.
 lambda = 5.447847
 pocet bloku N = 40
 Vektor lokalnich deformaci:
   2: fi 00 ext = 2.758852
  29: fi 14 int = 5.923372
  60: fi 29 ext = 5.471613
  79: fi 39 int = 2.307094
 Vektor indexu spary mezi bloky:
0		1		2		3		4		5		6		7		8		9		10		11		12		13		14		15		16		17		18		19		20		21		22		23		24		25		26		27		28		29		30		31		32		33		34		35		36		37		38		39		40		
 Vektor normalovych sil ve sparach (+ znaci tlak):
7.299091	7.218599	7.131211	7.038222	6.941071	6.840794	6.738576	6.635794	6.533274	6.432017	6.332871	6.237388	6.146165	6.059382	5.978530	5.903917	5.836148	5.775762	5.723079	5.678176	5.641779	5.613433	5.593727	5.582416	5.579507	5.584227	5.596598	5.616643	5.643638	5.676544	8.439025	8.726012	9.009099	9.286582	9.557189	9.819253	10.071356	10.311700	10.538883	10.751196	10.946972	
 Vektor vzdalenosti N od hornoho povrchu klenby:
0.000000	0.022808	0.043307	0.061633	0.077906	0.092226	0.104681	0.115350	0.124301	0.131591	0.137287	0.141427	0.144059	0.145238	0.145000	0.143395	0.140462	0.136248	0.130798	0.124158	0.116366	0.107473	0.097508	0.086516	0.074522	0.061549	0.047610	0.032713	0.016851	0.000000	0.002424	0.033591	0.060448	0.083243	0.102197	0.117498	0.129308	0.137761	0.142965	0.145000	0.143919	
 Vektor posouvajicich sil ve sparach:
-2.300328	-2.039141	-1.792389	-1.559973	-1.341815	-1.137687	-0.947297	-0.770258	-0.606084	-0.454261	-0.314186	-0.185155	-0.066429	0.042767	0.143309	0.236120	0.322093	0.402246	0.477569	0.549053	0.617819	0.684908	0.751311	0.818200	0.886550	0.957436	1.031845	1.110794	1.195280	1.286131	-3.333696	-3.078370	-2.801651	-2.503266	-2.182957	-1.840776	-1.476694	-1.090817	-0.683493	-0.254952	0.194212	

 * Iterace c. 1 * Delta = 0.197806 *
 icase = 0
         0 -> O.K.,
        -1 -> nelze splnit omezujici podminky,
        +1 -> cilova funkce je na polyedru neomezena.
 lambda = 5.250041
 pocet bloku N = 40
 Vektor lokalnich deformaci:
   2: fi 00 ext = 2.705721
  29: fi 14 int = 5.824365
  60: fi 29 ext = 5.413854
  79: fi 39 int = 2.295210
 Vektor indexu spary mezi bloky:
0		1		2		3		4		5		6		7		8		9		10		11		12		13		14		15		16		17		18		19		20		21		22		23		24		25		26		27		28		29		30		31		32		33		34		35		36		37		38		39		40		
 Vektor normalovych sil ve sparach (+ znaci tlak):
7.251361	7.168338	7.078637	6.983550	6.884220	6.782207	6.678391	6.573726	6.469668	6.367227	6.267502	6.170965	6.078927	5.991817	5.910699	5.835895	5.768328	5.708007	5.655427	5.611441	5.575528	5.548461	5.529909	5.519773	5.518153	5.524621	5.539296	5.561007	5.590088	5.625622	8.291660	8.572235	8.849347	9.121450	9.387281	9.644843	9.892818	10.129750	10.353880	10.563632	10.757383	
 Vektor vzdalenosti N od hornoho povrchu klenby:
0.001825	0.024269	0.044426	0.062430	0.078399	0.092431	0.104619	0.115038	0.123756	0.130837	0.136334	0.140301	0.142789	0.143845	0.143505	0.141832	0.138858	0.134644	0.129222	0.122648	0.114969	0.106213	0.096443	0.085681	0.073958	0.061296	0.047720	0.033213	0.017789	0.001419	0.003355	0.033900	0.060216	0.082535	0.101066	0.115990	0.127461	0.135608	0.140533	0.142312	0.140995	
 Vektor posouvajicich sil ve sparach:
-2.251637	-1.993047	-1.748978	-1.519376	-1.304174	-1.103047	-0.915775	-0.741925	-0.581052	-0.432586	-0.295910	-0.170331	-0.055130	0.050535	0.147547	0.236775	0.319181	0.395765	0.467540	0.535536	0.600807	0.664438	0.727511	0.791065	0.856181	0.923905	0.995269	1.071285	1.152898	1.240990	-3.210131	-2.962721	-2.694167	-2.404284	-2.092800	-1.759607	-1.404765	-1.028361	-0.630646	-0.211854	0.227455	

 * Iterace c. 2 * Delta = -0.002273 *
 icase = 0
         0 -> O.K.,
        -1 -> nelze splnit omezujici podminky,
        +1 -> cilova funkce je na polyedru neomezena.
 lambda = 5.252314
 pocet bloku N = 40
 Vektor lokalnich deformaci:
   2: fi 00 ext = 2.706353
  29: fi 14 int = 5.825552
  60: fi 29 ext = 5.414587
  79: fi 39 int = 2.295388
 Vektor indexu spary mezi bloky:
0		1		2		3		4		5		6		7		8		9		10		11		12		13		14		15		16		17		18		19		20		21		22		23		24		25		26		27		28		29		30		31		32		33		34		35		36		37		38		39		40		
 Vektor normalovych sil ve sparach (+ znaci tlak):
7.251796	7.168746	7.079113	6.984024	6.884774	6.782664	6.678865	6.574289	6.470238	6.367716	6.268205	6.171494	6.079172	5.992362	5.911246	5.836586	5.768817	5.708227	5.656140	5.611934	5.576408	5.549274	5.530213	5.520567	5.518651	5.525375	5.539955	5.561819	5.590534	5.626060	8.293025	8.573943	8.851096	9.123246	9.388968	9.646737	9.894824	10.131796	10.355932	10.565711	10.759485	
 Vektor vzdalenosti N od hornoho povrchu klenby:
0.001813	0.024259	0.044420	0.062427	0.078397	0.092434	0.104623	0.115043	0.123765	0.130848	0.136345	0.140317	0.142806	0.143859	0.143522	0.141845	0.138877	0.134663	0.129238	0.122665	0.114976	0.106228	0.096454	0.085688	0.073961	0.061304	0.047715	0.033215	0.017780	0.001406	0.003346	0.033904	0.060228	0.082552	0.101090	0.116018	0.127495	0.135646	0.140575	0.142359	0.141046	
 Vektor posouvajicich sil ve sparach:
-2.252064	-1.993456	-1.749341	-1.519748	-1.304476	-1.103352	-0.916034	-0.742150	-0.581263	-0.432775	-0.296073	-0.170460	-0.055234	0.050498	0.147514	0.236794	0.319215	0.395829	0.467642	0.535654	0.600965	0.664637	0.727715	0.791313	0.856455	0.924220	0.995597	1.071603	1.153236	1.241402	-3.211663	-2.964173	-2.695539	-2.405585	-2.093994	-1.760725	-1.405756	-1.029249	-0.631413	-0.212525	0.226918	
