Vstupni soubor: zlamal4_8.in
***kopie vstupniho souboru***

 2.472500
 0.713750
 1
 0.145000
 20.000000
 0.600000
 40
 1
 1.6 1.000000 0.200000
 0.500000
 0.000000
 0 30.000000
 0 0.600000 0.400000 2.400000
 1
 4 2000.000000 inter2.txt
*****************************
Ortoganalni souradnice intrados a extrados:
X_int	Y_int	X_ext	Y_ext
0.000000	0.000000	-0.125574	0.072500
0.039049	0.063722	-0.082558	0.142695
0.081379	0.125313	-0.035928	0.210542
0.126875	0.184605	0.014189	0.275856
0.175412	0.241434	0.067656	0.338458
0.226856	0.295645	0.124325	0.398175
0.281067	0.347089	0.184043	0.454845
0.337896	0.395626	0.246644	0.508312
0.397187	0.441122	0.311958	0.558429
0.458778	0.483452	0.379806	0.605059
0.522501	0.522501	0.450001	0.648075
0.588179	0.558162	0.522350	0.687358
0.655634	0.590336	0.596657	0.722800
0.724680	0.618936	0.672717	0.754305
0.795129	0.643883	0.750321	0.781786
0.866786	0.665109	0.829257	0.805168
0.939456	0.682556	0.909309	0.824387
1.012940	0.696175	0.990257	0.839390
1.087036	0.705930	1.071879	0.850136
1.161541	0.711794	1.153952	0.856595
1.236250	0.713750	1.236250	0.858750
1.310960	0.711794	1.318548	0.856595
1.385464	0.705930	1.400621	0.850136
1.459560	0.696175	1.482243	0.839390
1.533044	0.682556	1.563191	0.824387
1.605714	0.665109	1.643243	0.805168
1.677372	0.643883	1.722179	0.781786
1.747820	0.618936	1.799783	0.754305
1.816866	0.590336	1.875843	0.722800
1.884321	0.558162	1.950150	0.687358
1.949999	0.522501	2.022500	0.648075
2.013722	0.483452	2.092694	0.605059
2.075313	0.441122	2.160542	0.558429
2.134604	0.395626	2.225856	0.508312
2.191433	0.347089	2.288457	0.454845
2.245644	0.295645	2.348175	0.398175
2.297088	0.241434	2.404845	0.338458
2.345625	0.184605	2.458311	0.275856
2.391121	0.125313	2.508428	0.210542
2.433451	0.063722	2.555058	0.142695
2.472500	0.000000	2.598074	0.072500
Vlastni tiha klenby - jednotlive bloky:
X_p	Y_p	P
-0.043266	0.070339	0.227661
-0.000477	0.136230	0.227661
0.045702	0.199790	0.227661
0.095145	0.260847	0.227661
0.147715	0.319232	0.227661
0.203269	0.374786	0.227661
0.261654	0.427356	0.227661
0.322711	0.476799	0.227661
0.386271	0.522978	0.227661
0.452161	0.565768	0.227661
0.520200	0.605050	0.227661
0.590202	0.640718	0.227661
0.661975	0.672673	0.227661
0.735322	0.700828	0.227661
0.810042	0.725106	0.227661
0.885929	0.745440	0.227661
0.962778	0.761775	0.227662
1.040376	0.774065	0.227661
1.118510	0.782278	0.227661
1.196967	0.786389	0.227661
1.275532	0.786389	0.227661
1.353990	0.782278	0.227661
1.432125	0.774065	0.227661
1.509722	0.761775	0.227662
1.586570	0.745440	0.227661
1.662459	0.725106	0.227661
1.737178	0.700828	0.227661
1.810525	0.672673	0.227661
1.882298	0.640718	0.227661
1.952299	0.605050	0.227661
2.020339	0.565768	0.227661
2.086229	0.522978	0.227661
2.149790	0.476799	0.227661
2.210846	0.427356	0.227661
2.269231	0.374786	0.227661
2.324785	0.319232	0.227661
2.377355	0.260846	0.227661
2.426798	0.199790	0.227661
2.472977	0.136230	0.227662
2.515766	0.070339	0.227661
Tiha nadnasypu pusobici na bloky:
P	h_ver	X_p	Y_p
0.000000	0.070195	-0.104267	0.107269
0.000000	0.067847	-0.059466	0.176294
0.000000	0.065314	-0.011114	0.242881
0.000000	0.062602	0.040657	0.306846
0.000000	0.059718	0.095706	0.368017
0.000000	0.056670	0.153882	0.426223
0.000000	0.053467	0.215026	0.481307
0.000000	0.050117	0.278971	0.533117
0.000000	0.046630	0.345543	0.581511
0.000000	0.043015	0.414559	0.626357
0.000000	0.039283	0.485833	0.667530
0.000000	0.035442	0.559168	0.704919
0.000000	0.031505	0.634365	0.738419
0.000000	0.027481	0.711218	0.767939
0.000000	0.023382	0.789517	0.793397
0.000000	0.019219	0.869048	0.814721
0.000000	0.015003	0.949591	0.831853
0.000000	0.010746	1.030926	0.844744
0.000000	0.006459	1.112828	0.853358
0.000000	0.002155	1.195071	0.857672
0.000000	-0.002155	1.277429	0.857672
0.000000	-0.006459	1.359672	0.853358
0.000000	-0.010746	1.441574	0.844744
0.000000	-0.015003	1.522909	0.831853
0.000000	-0.019219	1.603452	0.814721
0.000000	-0.023382	1.682983	0.793397
0.000000	-0.027481	1.761282	0.767939
0.000000	-0.031505	1.838135	0.738420
0.000000	-0.035442	1.913332	0.704919
0.000000	-0.039283	1.986668	0.667530
0.000000	-0.043016	2.057940	0.626357
0.000000	-0.046630	2.126957	0.581511
0.000000	-0.050117	2.193529	0.533117
0.000000	-0.053467	2.257474	0.481307
0.000000	-0.056670	2.318619	0.426223
0.000000	-0.059718	2.376793	0.368017
0.000000	-0.062602	2.431843	0.306846
0.000000	-0.065314	2.483614	0.242880
0.000000	-0.067848	2.531968	0.176292
0.000000	-0.070195	2.576767	0.107270
Vnejsi zatizeni pusobici na bloky:
X_q	Y_q	Q
-0.125574	0.072500	0.000000
-0.082558	0.142695	0.000000
-0.035928	0.210542	0.000000
0.014189	0.275856	0.000000
0.067656	0.338458	0.000000
0.124325	0.398175	0.000000
0.184043	0.454845	0.000000
0.246644	0.508312	0.000000
0.311958	0.558429	0.000000
0.379806	0.605059	0.000000
0.450001	0.648075	0.000000
0.522350	0.687358	0.000000
0.596657	0.722800	0.000000
0.672717	0.754305	0.000000
0.750321	0.781786	0.000000
0.829257	0.805168	0.000000
0.909309	0.824387	0.000000
0.990257	0.839390	0.000000
1.071879	0.850136	0.000000
1.153952	0.856595	0.000000
1.236250	0.858750	0.000000
1.318548	0.856595	0.000000
1.400621	0.850136	0.000000
1.482243	0.839390	0.000000
1.600000	0.782590	1.000000
1.643243	0.805168	0.000000
1.722179	0.781786	0.000000
1.799783	0.754305	0.000000
1.875843	0.722800	0.000000
1.950150	0.687358	0.000000
2.022500	0.648075	0.000000
2.092694	0.605059	0.000000
2.160542	0.558429	0.000000
2.225856	0.508312	0.000000
2.288457	0.454845	0.000000
2.348175	0.398175	0.000000
2.404845	0.338458	0.000000
2.458311	0.275856	0.000000
2.508428	0.210542	0.000000
2.555058	0.142695	0.000000
Ortogonalni lokalni souradnice jednotlivych bloku:
a	alfa	b	beta
0.072500	2.617995	0.078531	1.021018
0.072500	2.565635	0.078531	0.968659
0.072500	2.513275	0.078531	0.916299
0.072500	2.460915	0.078531	0.863939
0.072500	2.408555	0.078531	0.811579
0.072500	2.356195	0.078531	0.759219
0.072500	2.303835	0.078531	0.706859
0.072500	2.251475	0.078531	0.654500
0.072500	2.199115	0.078531	0.602139
0.072500	2.146756	0.078531	0.549778
0.072500	2.094395	0.078531	0.497420
0.072500	2.042036	0.078531	0.445059
0.072500	1.989676	0.078531	0.392700
0.072500	1.937316	0.078531	0.340338
0.072500	1.884957	0.078531	0.287981
0.072500	1.832596	0.078531	0.235619
0.072500	1.780236	0.078531	0.183260
0.072500	1.727876	0.078531	0.130899
0.072500	1.675516	0.078531	0.078541
0.072500	1.623156	0.078531	0.026179
0.072500	1.570796	0.078531	-0.026179
0.072500	1.518436	0.078531	-0.078540
0.072500	1.466077	0.078531	-0.130900
0.072500	1.413716	0.078531	-0.183260
0.072500	1.361356	0.078531	-0.235619
0.072500	1.308997	0.078531	-0.287979
0.072500	1.256637	0.078531	-0.340341
0.072500	1.204276	0.078531	-0.392699
0.072500	1.151917	0.078531	-0.445058
0.072500	1.099557	0.078531	-0.497421
0.072500	1.047197	0.078531	-0.549780
0.072500	0.994838	0.078531	-0.602137
0.072500	0.942477	0.078531	-0.654499
0.072500	0.890118	0.078531	-0.706859
0.072500	0.837758	0.078531	-0.759219
0.072500	0.785397	0.078531	-0.811578
0.072500	0.733037	0.078531	-0.863940
0.072500	0.680678	0.078531	-0.916301
0.072500	0.628319	0.078531	-0.968656
0.072500	0.575958	0.078531	-1.021019
0.072500	0.523597	1.000000	-1.047199
Transformovane zatizeni vlastni tihou klenby:
Px	Py	Mp
0.000000	0.227661	0.004444
0.000000	0.227661	0.004844
0.000000	0.227661	0.005231
0.000000	0.227661	0.005603
0.000000	0.227661	0.005961
0.000000	0.227661	0.006301
0.000000	0.227661	0.006625
0.000000	0.227661	0.006930
0.000000	0.227661	0.007216
0.000000	0.227661	0.007483
0.000000	0.227661	0.007729
0.000000	0.227661	0.007954
0.000000	0.227661	0.008157
0.000000	0.227661	0.008338
0.000000	0.227661	0.008496
0.000000	0.227661	0.008630
0.000000	0.227662	0.008741
0.000000	0.227661	0.008828
0.000000	0.227661	0.008891
0.000000	0.227661	0.008929
0.000000	0.227661	0.008943
0.000000	0.227661	0.008933
0.000000	0.227661	0.008897
0.000000	0.227662	0.008838
0.000000	0.227661	0.008754
0.000000	0.227661	0.008647
0.000000	0.227661	0.008515
0.000000	0.227661	0.008360
0.000000	0.227661	0.008183
0.000000	0.227661	0.007983
0.000000	0.227661	0.007761
0.000000	0.227661	0.007518
0.000000	0.227661	0.007254
0.000000	0.227661	0.006970
0.000000	0.227661	0.006667
0.000000	0.227661	0.006346
0.000000	0.227661	0.006008
0.000000	0.227661	0.005653
0.000000	0.227662	0.005282
0.000000	0.227661	0.004897
0.000000	0.000000	0.000000
Transformovane zatizeni nadnasypem:
Px	Py	Mp
0.000000	0.000000	0.000000
0.000000	0.000000	0.000000
0.000000	0.000000	0.000000
0.000000	0.000000	0.000000
0.000000	0.000000	0.000000
0.000000	0.000000	0.000000
0.000000	0.000000	0.000000
0.000000	0.000000	0.000000
0.000000	0.000000	0.000000
0.000000	0.000000	0.000000
0.000000	0.000000	0.000000
0.000000	0.000000	0.000000
0.000000	0.000000	0.000000
0.000000	0.000000	0.000000
0.000000	0.000000	0.000000
0.000000	0.000000	0.000000
0.000000	0.000000	0.000000
0.000000	0.000000	0.000000
0.000000	0.000000	0.000000
0.000000	0.000000	0.000000
0.000000	0.000000	0.000000
0.000000	0.000000	0.000000
0.000000	0.000000	0.000000
0.000000	0.000000	0.000000
0.000000	0.000000	0.000000
0.000000	0.000000	0.000000
0.000000	0.000000	0.000000
0.000000	0.000000	0.000000
0.000000	0.000000	0.000000
0.000000	0.000000	0.000000
0.000000	0.000000	0.000000
0.000000	0.000000	0.000000
0.000000	0.000000	0.000000
0.000000	0.000000	0.000000
0.000000	0.000000	0.000000
0.000000	0.000000	0.000000
0.000000	0.000000	0.000000
0.000000	0.000000	0.000000
0.000000	0.000000	0.000000
0.000000	0.000000	0.000000
0.000000	0.000000	0.000000
Transformovane zatizeni vnejsich sil:
Qx	Qy	Mq
0.000000	0.000000	0.000000
0.000000	0.000000	0.000000
0.000000	0.000000	0.000000
0.000000	0.000000	0.000000
0.000000	0.000000	0.000000
0.000000	0.000000	0.000000
0.000000	0.000000	0.000000
0.000000	0.000000	0.000000
0.000000	0.000000	0.000000
0.000000	0.000000	0.000000
0.000000	0.000000	0.000000
0.000000	0.000000	0.000000
0.000000	0.000000	0.000000
0.000000	0.000000	0.000000
0.000000	0.000000	0.000000
0.000000	0.000000	0.000000
0.000000	0.000000	0.000000
0.000000	0.000000	0.000000
0.000000	0.000000	0.000000
0.000000	0.000000	0.000000
0.000000	0.000000	0.000000
0.000000	0.000000	0.000000
0.000000	0.000000	0.000000
0.000000	0.000000	0.000000
0.000000	1.000000	0.051883
0.000000	0.000000	0.000000
0.000000	0.000000	0.000000
0.000000	0.000000	0.000000
0.000000	0.000000	0.000000
0.000000	0.000000	0.000000
0.000000	0.000000	0.000000
0.000000	0.000000	0.000000
0.000000	0.000000	0.000000
0.000000	0.000000	0.000000
0.000000	0.000000	0.000000
0.000000	0.000000	0.000000
0.000000	0.000000	0.000000
0.000000	0.000000	0.000000
0.000000	0.000000	0.000000
0.000000	0.000000	0.000000
0.000000	0.000000	0.000000

*** vysledky vypoctu ***
 icase = 0
         0 -> O.K.,
        -1 -> nelze splnit omezujici podminky,
        +1 -> cilova funkce je na polyedru neomezena.
 lambda = 4.898006
 pocet bloku N = 40
 Vektor lokalnich deformaci:
   2: fi 00 ext = 3.450270
  25: fi 12 int = 7.584895
  50: fi 24 ext = 5.683510
  71: fi 35 int = 1.548880
 Vektor indexu spary mezi bloky:
0		1		2		3		4		5		6		7		8		9		10		11		12		13		14		15		16		17		18		19		20		21		22		23		24		25		26		27		28		29		30		31		32		33		34		35		36		37		38		39		40		
 Vektor normalovych sil ve sparach (+ znaci tlak):
8.544324	8.494913	8.435106	8.366122	8.289365	8.205787	8.116541	8.022843	7.925624	7.826015	7.724596	7.623037	7.521806	7.421482	7.323308	7.227563	7.134956	7.046437	6.962075	6.881982	6.807066	6.737120	6.672768	6.613790	6.560384	7.779533	7.982132	8.185740	8.389215	8.591169	8.790859	8.987212	9.178985	9.364723	9.543361	9.713500	9.873940	10.023195	10.160095	10.283094	10.390897	
 Vektor vzdalenosti N od hornoho povrchu klenby:
0.000000	0.025136	0.047552	0.067395	0.084789	0.099836	0.112620	0.123215	0.131676	0.138047	0.142378	0.144686	0.145000	0.143347	0.139737	0.134194	0.126729	0.117358	0.106098	0.092969	0.077989	0.061181	0.042562	0.022163	0.000000	0.007207	0.034804	0.059102	0.080197	0.098182	0.113143	0.125161	0.134303	0.140629	0.144183	0.145000	0.143095	0.138470	0.131105	0.120964	0.107987	
 Vektor posouvajicich sil ve sparach:
-2.927010	-2.599800	-2.285470	-1.984138	-1.695907	-1.420725	-1.158508	-0.909069	-0.672112	-0.447311	-0.234292	-0.032529	0.158497	0.339392	0.510820	0.673501	0.828146	0.975582	1.116620	1.252073	1.382881	1.509905	1.634000	1.756137	1.877177	-2.733074	-2.538715	-2.330028	-2.106362	-1.867302	-1.612285	-1.340915	-1.052904	-0.748024	-0.426040	-0.086983	0.269164	0.642303	1.032171	1.438528	1.860874	
 Vektor e_min:
0.002136	0.002124	0.002109	0.002092	0.002072	0.002051	0.002029	0.002006	0.001981	0.001956	0.001931	0.001906	0.001880	0.001855	0.001831	0.001807	0.001784	0.001762	0.001741	0.001720	0.001702	0.001684	0.001668	0.001653	0.001640	0.001945	0.001996	0.002046	0.002097	0.002148	0.002198	0.002247	0.002295	0.002341	0.002386	0.002428	0.002468	0.002506	0.002540	0.002571	0.002598	

 * Iterace c. 1 * Delta = 0.262044 *
 icase = 0
         0 -> O.K.,
        -1 -> nelze splnit omezujici podminky,
        +1 -> cilova funkce je na polyedru neomezena.
 lambda = 4.635962
 pocet bloku N = 40
 Vektor lokalnich deformaci:
   2: fi 00 ext = 3.347054
  25: fi 12 int = 7.381701
  50: fi 24 ext = 5.579395
  71: fi 35 int = 1.544754
 Vektor indexu spary mezi bloky:
0		1		2		3		4		5		6		7		8		9		10		11		12		13		14		15		16		17		18		19		20		21		22		23		24		25		26		27		28		29		30		31		32		33		34		35		36		37		38		39		40		
 Vektor normalovych sil ve sparach (+ znaci tlak):
8.400619	8.345678	8.280787	8.207175	8.126188	8.038748	7.946141	7.849631	7.750030	7.648260	7.545683	7.443081	7.341309	7.241268	7.143490	7.048635	6.957612	6.870961	6.788904	6.711974	6.640464	6.574499	6.514302	6.459983	6.411654	7.568795	7.764358	7.961197	8.158627	8.355457	8.550429	8.742885	8.931053	9.114321	9.290969	9.459804	9.619592	9.769104	9.906682	10.031175	10.141125	
 Vektor vzdalenosti N od hornoho povrchu klenby:
0.002136	0.026695	0.048585	0.067949	0.084909	0.099564	0.111999	0.122283	0.130471	0.136616	0.140749	0.142911	0.143120	0.141405	0.137786	0.132284	0.124916	0.115707	0.104671	0.091840	0.077236	0.060884	0.042819	0.023059	0.001640	0.008462	0.035357	0.059056	0.079640	0.097194	0.111791	0.123501	0.132389	0.138503	0.141888	0.142572	0.140567	0.135873	0.128470	0.118321	0.105363	
 Vektor posouvajicich sil ve sparach:
-2.817636	-2.498113	-2.191730	-1.898620	-1.618834	-1.352287	-1.098917	-0.858445	-0.630658	-0.415145	-0.211439	-0.019100	0.162508	0.333960	0.495939	0.649227	0.794540	0.932723	1.064637	1.191126	1.313116	1.431515	1.547213	1.661175	1.774318	-2.590455	-2.407296	-2.210190	-1.998472	-1.771587	-1.529039	-1.270373	-0.995257	-0.703399	-0.394619	-0.068788	0.274055	0.633838	1.010455	1.403551	1.812785	
 Vektor e_min:
0.002100	0.002086	0.002070	0.002052	0.002032	0.002010	0.001987	0.001962	0.001937	0.001912	0.001886	0.001861	0.001835	0.001810	0.001786	0.001762	0.001739	0.001718	0.001697	0.001678	0.001660	0.001644	0.001629	0.001615	0.001603	0.001892	0.001941	0.001990	0.002040	0.002089	0.002138	0.002186	0.002233	0.002279	0.002323	0.002365	0.002405	0.002442	0.002477	0.002508	0.002535	

 * Iterace c. 2 * Delta = -0.005465 *
 icase = 0
         0 -> O.K.,
        -1 -> nelze splnit omezujici podminky,
        +1 -> cilova funkce je na polyedru neomezena.
 lambda = 4.641427
 pocet bloku N = 40
 Vektor lokalnich deformaci:
   2: fi 00 ext = 3.349309
  25: fi 12 int = 7.386093
  50: fi 24 ext = 5.581604
  71: fi 35 int = 1.544813
 Vektor indexu spary mezi bloky:
0		1		2		3		4		5		6		7		8		9		10		11		12		13		14		15		16		17		18		19		20		21		22		23		24		25		26		27		28		29		30		31		32		33		34		35		36		37		38		39		40		
 Vektor normalovych sil ve sparach (+ znaci tlak):
8.403529	8.348660	8.283899	8.210395	8.129470	8.042194	7.949620	7.853058	7.753500	7.651893	7.549274	7.446507	7.344816	7.244912	7.147102	7.052241	6.961114	6.874379	6.792594	6.715376	6.643835	6.577758	6.517575	6.463115	6.414545	7.573193	7.768860	7.965848	8.163406	8.360240	8.555305	8.747794	8.936200	9.119383	9.296154	9.464988	9.624806	9.774245	9.911867	10.036336	10.146263	
 Vektor vzdalenosti N od hornoho povrchu klenby:
0.002100	0.026670	0.048571	0.067945	0.084913	0.099575	0.112017	0.122306	0.130501	0.136649	0.140787	0.142952	0.143165	0.141448	0.137829	0.132326	0.124957	0.115742	0.104704	0.091864	0.077252	0.060890	0.042812	0.023040	0.001603	0.008437	0.035347	0.059060	0.079657	0.097219	0.111826	0.123544	0.132438	0.138558	0.141947	0.142635	0.140632	0.135941	0.128540	0.118391	0.105435	
 Vektor posouvajicich sil ve sparach:
-2.819798	-2.500115	-2.193563	-1.900271	-1.620312	-1.353615	-1.100061	-0.859426	-0.631450	-0.415717	-0.211844	-0.019310	0.162473	0.334099	0.496269	0.649737	0.795262	0.933627	1.065704	1.192388	1.314559	1.433092	1.548984	1.663104	1.776403	-2.593491	-2.410119	-2.212778	-2.000812	-1.773700	-1.530869	-1.271958	-0.996578	-0.704436	-0.395390	-0.069291	0.273804	0.633895	1.010724	1.404118	1.813629	
 Vektor e_min:
0.002101	0.002087	0.002071	0.002053	0.002032	0.002011	0.001987	0.001963	0.001938	0.001913	0.001887	0.001862	0.001836	0.001811	0.001787	0.001763	0.001740	0.001719	0.001698	0.001679	0.001661	0.001644	0.001629	0.001616	0.001604	0.001893	0.001942	0.001991	0.002041	0.002090	0.002139	0.002187	0.002234	0.002280	0.002324	0.002366	0.002406	0.002444	0.002478	0.002509	0.002537	
