Vstupni soubor: zlamal2_9.in
***kopie vstupniho souboru***

 2.472500
 0.713750
 1
 0.145000
 20.000000
 0.600000
 40
 1
 1.8 1.000000 0.200000
 0.500000
 0.000000
 0 30.000000
 0 0.600000 0.400000 2.400000
 1
 2 2000.000000 inter.txt
*****************************
Ortoganalni souradnice intrados a extrados:
X_int	Y_int	X_ext	Y_ext
0.000000	0.000000	-0.125574	0.072500
0.039049	0.063722	-0.082558	0.142695
0.081379	0.125313	-0.035928	0.210542
0.126875	0.184605	0.014189	0.275856
0.175412	0.241434	0.067656	0.338458
0.226856	0.295645	0.124325	0.398175
0.281067	0.347089	0.184043	0.454845
0.337896	0.395626	0.246644	0.508312
0.397187	0.441122	0.311958	0.558429
0.458778	0.483452	0.379806	0.605059
0.522501	0.522501	0.450001	0.648075
0.588179	0.558162	0.522350	0.687358
0.655634	0.590336	0.596657	0.722800
0.724680	0.618936	0.672717	0.754305
0.795129	0.643883	0.750321	0.781786
0.866786	0.665109	0.829257	0.805168
0.939456	0.682556	0.909309	0.824387
1.012940	0.696175	0.990257	0.839390
1.087036	0.705930	1.071879	0.850136
1.161541	0.711794	1.153952	0.856595
1.236250	0.713750	1.236250	0.858750
1.310960	0.711794	1.318548	0.856595
1.385464	0.705930	1.400621	0.850136
1.459560	0.696175	1.482243	0.839390
1.533044	0.682556	1.563191	0.824387
1.605714	0.665109	1.643243	0.805168
1.677372	0.643883	1.722179	0.781786
1.747820	0.618936	1.799783	0.754305
1.816866	0.590336	1.875843	0.722800
1.884321	0.558162	1.950150	0.687358
1.949999	0.522501	2.022500	0.648075
2.013722	0.483452	2.092694	0.605059
2.075313	0.441122	2.160542	0.558429
2.134604	0.395626	2.225856	0.508312
2.191433	0.347089	2.288457	0.454845
2.245644	0.295645	2.348175	0.398175
2.297088	0.241434	2.404845	0.338458
2.345625	0.184605	2.458311	0.275856
2.391121	0.125313	2.508428	0.210542
2.433451	0.063722	2.555058	0.142695
2.472500	0.000000	2.598074	0.072500
Vlastni tiha klenby - jednotlive bloky:
X_p	Y_p	P
-0.043266	0.070339	0.227661
-0.000477	0.136230	0.227661
0.045702	0.199790	0.227661
0.095145	0.260847	0.227661
0.147715	0.319232	0.227661
0.203269	0.374786	0.227661
0.261654	0.427356	0.227661
0.322711	0.476799	0.227661
0.386271	0.522978	0.227661
0.452161	0.565768	0.227661
0.520200	0.605050	0.227661
0.590202	0.640718	0.227661
0.661975	0.672673	0.227661
0.735322	0.700828	0.227661
0.810042	0.725106	0.227661
0.885929	0.745440	0.227661
0.962778	0.761775	0.227662
1.040376	0.774065	0.227661
1.118510	0.782278	0.227661
1.196967	0.786389	0.227661
1.275532	0.786389	0.227661
1.353990	0.782278	0.227661
1.432125	0.774065	0.227661
1.509722	0.761775	0.227662
1.586570	0.745440	0.227661
1.662459	0.725106	0.227661
1.737178	0.700828	0.227661
1.810525	0.672673	0.227661
1.882298	0.640718	0.227661
1.952299	0.605050	0.227661
2.020339	0.565768	0.227661
2.086229	0.522978	0.227661
2.149790	0.476799	0.227661
2.210846	0.427356	0.227661
2.269231	0.374786	0.227661
2.324785	0.319232	0.227661
2.377355	0.260846	0.227661
2.426798	0.199790	0.227661
2.472977	0.136230	0.227662
2.515766	0.070339	0.227661
Tiha nadnasypu pusobici na bloky:
P	h_ver	X_p	Y_p
0.000000	0.070195	-0.104267	0.107269
0.000000	0.067847	-0.059466	0.176294
0.000000	0.065314	-0.011114	0.242881
0.000000	0.062602	0.040657	0.306846
0.000000	0.059718	0.095706	0.368017
0.000000	0.056670	0.153882	0.426223
0.000000	0.053467	0.215026	0.481307
0.000000	0.050117	0.278971	0.533117
0.000000	0.046630	0.345543	0.581511
0.000000	0.043015	0.414559	0.626357
0.000000	0.039283	0.485833	0.667530
0.000000	0.035442	0.559168	0.704919
0.000000	0.031505	0.634365	0.738419
0.000000	0.027481	0.711218	0.767939
0.000000	0.023382	0.789517	0.793397
0.000000	0.019219	0.869048	0.814721
0.000000	0.015003	0.949591	0.831853
0.000000	0.010746	1.030926	0.844744
0.000000	0.006459	1.112828	0.853358
0.000000	0.002155	1.195071	0.857672
0.000000	-0.002155	1.277429	0.857672
0.000000	-0.006459	1.359672	0.853358
0.000000	-0.010746	1.441574	0.844744
0.000000	-0.015003	1.522909	0.831853
0.000000	-0.019219	1.603452	0.814721
0.000000	-0.023382	1.682983	0.793397
0.000000	-0.027481	1.761282	0.767939
0.000000	-0.031505	1.838135	0.738420
0.000000	-0.035442	1.913332	0.704919
0.000000	-0.039283	1.986668	0.667530
0.000000	-0.043016	2.057940	0.626357
0.000000	-0.046630	2.126957	0.581511
0.000000	-0.050117	2.193529	0.533117
0.000000	-0.053467	2.257474	0.481307
0.000000	-0.056670	2.318619	0.426223
0.000000	-0.059718	2.376793	0.368017
0.000000	-0.062602	2.431843	0.306846
0.000000	-0.065314	2.483614	0.242880
0.000000	-0.067848	2.531968	0.176292
0.000000	-0.070195	2.576767	0.107270
Vnejsi zatizeni pusobici na bloky:
X_q	Y_q	Q
-0.125574	0.072500	0.000000
-0.082558	0.142695	0.000000
-0.035928	0.210542	0.000000
0.014189	0.275856	0.000000
0.067656	0.338458	0.000000
0.124325	0.398175	0.000000
0.184043	0.454845	0.000000
0.246644	0.508312	0.000000
0.311958	0.558429	0.000000
0.379806	0.605059	0.000000
0.450001	0.648075	0.000000
0.522350	0.687358	0.000000
0.596657	0.722800	0.000000
0.672717	0.754305	0.000000
0.750321	0.781786	0.000000
0.829257	0.805168	0.000000
0.909309	0.824387	0.000000
0.990257	0.839390	0.000000
1.071879	0.850136	0.000000
1.153952	0.856595	0.000000
1.236250	0.858750	0.000000
1.318548	0.856595	0.000000
1.400621	0.850136	0.000000
1.482243	0.839390	0.000000
1.563191	0.824387	0.000000
1.643243	0.805168	0.000000
1.722179	0.781786	0.000000
1.800000	-10.308593	1.000000
1.875843	0.722800	0.000000
1.950150	0.687358	0.000000
2.022500	0.648075	0.000000
2.092694	0.605059	0.000000
2.160542	0.558429	0.000000
2.225856	0.508312	0.000000
2.288457	0.454845	0.000000
2.348175	0.398175	0.000000
2.404845	0.338458	0.000000
2.458311	0.275856	0.000000
2.508428	0.210542	0.000000
2.555058	0.142695	0.000000
Ortogonalni lokalni souradnice jednotlivych bloku:
a	alfa	b	beta
0.072500	2.617995	0.078531	1.021018
0.072500	2.565635	0.078531	0.968659
0.072500	2.513275	0.078531	0.916299
0.072500	2.460915	0.078531	0.863939
0.072500	2.408555	0.078531	0.811579
0.072500	2.356195	0.078531	0.759219
0.072500	2.303835	0.078531	0.706859
0.072500	2.251475	0.078531	0.654500
0.072500	2.199115	0.078531	0.602139
0.072500	2.146756	0.078531	0.549778
0.072500	2.094395	0.078531	0.497420
0.072500	2.042036	0.078531	0.445059
0.072500	1.989676	0.078531	0.392700
0.072500	1.937316	0.078531	0.340338
0.072500	1.884957	0.078531	0.287981
0.072500	1.832596	0.078531	0.235619
0.072500	1.780236	0.078531	0.183260
0.072500	1.727876	0.078531	0.130899
0.072500	1.675516	0.078531	0.078541
0.072500	1.623156	0.078531	0.026179
0.072500	1.570796	0.078531	-0.026179
0.072500	1.518436	0.078531	-0.078540
0.072500	1.466077	0.078531	-0.130900
0.072500	1.413716	0.078531	-0.183260
0.072500	1.361356	0.078531	-0.235619
0.072500	1.308997	0.078531	-0.287979
0.072500	1.256637	0.078531	-0.340341
0.072500	1.204276	0.078531	-0.392699
0.072500	1.151917	0.078531	-0.445058
0.072500	1.099557	0.078531	-0.497421
0.072500	1.047197	0.078531	-0.549780
0.072500	0.994838	0.078531	-0.602137
0.072500	0.942477	0.078531	-0.654499
0.072500	0.890118	0.078531	-0.706859
0.072500	0.837758	0.078531	-0.759219
0.072500	0.785397	0.078531	-0.811578
0.072500	0.733037	0.078531	-0.863940
0.072500	0.680678	0.078531	-0.916301
0.072500	0.628319	0.078531	-0.968656
0.072500	0.575958	0.078531	-1.021019
0.072500	0.523597	1.000000	-1.047199
Transformovane zatizeni vlastni tihou klenby:
Px	Py	Mp
0.000000	0.227661	0.004444
0.000000	0.227661	0.004844
0.000000	0.227661	0.005231
0.000000	0.227661	0.005603
0.000000	0.227661	0.005961
0.000000	0.227661	0.006301
0.000000	0.227661	0.006625
0.000000	0.227661	0.006930
0.000000	0.227661	0.007216
0.000000	0.227661	0.007483
0.000000	0.227661	0.007729
0.000000	0.227661	0.007954
0.000000	0.227661	0.008157
0.000000	0.227661	0.008338
0.000000	0.227661	0.008496
0.000000	0.227661	0.008630
0.000000	0.227662	0.008741
0.000000	0.227661	0.008828
0.000000	0.227661	0.008891
0.000000	0.227661	0.008929
0.000000	0.227661	0.008943
0.000000	0.227661	0.008933
0.000000	0.227661	0.008897
0.000000	0.227662	0.008838
0.000000	0.227661	0.008754
0.000000	0.227661	0.008647
0.000000	0.227661	0.008515
0.000000	0.227661	0.008360
0.000000	0.227661	0.008183
0.000000	0.227661	0.007983
0.000000	0.227661	0.007761
0.000000	0.227661	0.007518
0.000000	0.227661	0.007254
0.000000	0.227661	0.006970
0.000000	0.227661	0.006667
0.000000	0.227661	0.006346
0.000000	0.227661	0.006008
0.000000	0.227661	0.005653
0.000000	0.227662	0.005282
0.000000	0.227661	0.004897
0.000000	0.000000	0.000000
Transformovane zatizeni nadnasypem:
Px	Py	Mp
0.000000	0.000000	0.000000
0.000000	0.000000	0.000000
0.000000	0.000000	0.000000
0.000000	0.000000	0.000000
0.000000	0.000000	0.000000
0.000000	0.000000	0.000000
0.000000	0.000000	0.000000
0.000000	0.000000	0.000000
0.000000	0.000000	0.000000
0.000000	0.000000	0.000000
0.000000	0.000000	0.000000
0.000000	0.000000	0.000000
0.000000	0.000000	0.000000
0.000000	0.000000	0.000000
0.000000	0.000000	0.000000
0.000000	0.000000	0.000000
0.000000	0.000000	0.000000
0.000000	0.000000	0.000000
0.000000	0.000000	0.000000
0.000000	0.000000	0.000000
0.000000	0.000000	0.000000
0.000000	0.000000	0.000000
0.000000	0.000000	0.000000
0.000000	0.000000	0.000000
0.000000	0.000000	0.000000
0.000000	0.000000	0.000000
0.000000	0.000000	0.000000
0.000000	0.000000	0.000000
0.000000	0.000000	0.000000
0.000000	0.000000	0.000000
0.000000	0.000000	0.000000
0.000000	0.000000	0.000000
0.000000	0.000000	0.000000
0.000000	0.000000	0.000000
0.000000	0.000000	0.000000
0.000000	0.000000	0.000000
0.000000	0.000000	0.000000
0.000000	0.000000	0.000000
0.000000	0.000000	0.000000
0.000000	0.000000	0.000000
0.000000	0.000000	0.000000
Transformovane zatizeni vnejsich sil:
Qx	Qy	Mq
0.000000	0.000000	0.000000
0.000000	0.000000	0.000000
0.000000	0.000000	0.000000
0.000000	0.000000	0.000000
0.000000	0.000000	0.000000
0.000000	0.000000	0.000000
0.000000	0.000000	0.000000
0.000000	0.000000	0.000000
0.000000	0.000000	0.000000
0.000000	0.000000	0.000000
0.000000	0.000000	0.000000
0.000000	0.000000	0.000000
0.000000	0.000000	0.000000
0.000000	0.000000	0.000000
0.000000	0.000000	0.000000
0.000000	0.000000	0.000000
0.000000	0.000000	0.000000
0.000000	0.000000	0.000000
0.000000	0.000000	0.000000
0.000000	0.000000	0.000000
0.000000	0.000000	0.000000
0.000000	0.000000	0.000000
0.000000	0.000000	0.000000
0.000000	0.000000	0.000000
0.000000	0.000000	0.000000
0.000000	0.000000	0.000000
0.000000	0.000000	0.000000
0.000000	1.000000	0.026198
0.000000	0.000000	0.000000
0.000000	0.000000	0.000000
0.000000	0.000000	0.000000
0.000000	0.000000	0.000000
0.000000	0.000000	0.000000
0.000000	0.000000	0.000000
0.000000	0.000000	0.000000
0.000000	0.000000	0.000000
0.000000	0.000000	0.000000
0.000000	0.000000	0.000000
0.000000	0.000000	0.000000
0.000000	0.000000	0.000000
0.000000	0.000000	0.000000

*** vysledky vypoctu ***
 icase = 0
         0 -> O.K.,
        -1 -> nelze splnit omezujici podminky,
        +1 -> cilova funkce je na polyedru neomezena.
 lambda = 4.474189
 pocet bloku N = 40
 Vektor lokalnich deformaci:
   2: fi 00 ext = 2.663055
  27: fi 13 int = 5.699680
  56: fi 27 ext = 4.869386
  75: fi 37 int = 1.832761
 Vektor indexu spary mezi bloky:
0		1		2		3		4		5		6		7		8		9		10		11		12		13		14		15		16		17		18		19		20		21		22		23		24		25		26		27		28		29		30		31		32		33		34		35		36		37		38		39		40		
 Vektor normalovych sil ve sparach (+ znaci tlak):
7.643764	7.572005	7.492405	7.406218	7.314818	7.219349	7.120832	7.020594	6.919716	6.818994	6.719454	6.622275	6.528362	6.438091	6.352580	6.272216	6.197568	6.129579	6.068169	6.013570	5.966573	5.926684	5.894855	5.870489	5.853413	5.843546	5.840633	5.844564	7.674513	7.901590	8.128361	8.353566	8.575891	8.793865	9.006274	9.211701	9.408731	9.595901	9.771884	9.935019	10.083912	
 Vektor vzdalenosti N od hornoho povrchu klenby:
0.000000	0.023559	0.044686	0.063518	0.080176	0.094759	0.107352	0.118033	0.126862	0.133894	0.139186	0.142774	0.144696	0.145000	0.143714	0.140881	0.136535	0.130713	0.123456	0.114805	0.104798	0.093484	0.080890	0.067065	0.052039	0.035841	0.018489	0.000000	0.029245	0.055009	0.077294	0.096227	0.111920	0.124481	0.134000	0.140554	0.144207	0.145000	0.142960	0.138093	0.130384	
 Vektor posouvajicich sil ve sparach:
-2.476414	-2.196944	-1.931472	-1.679956	-1.442393	-1.218552	-1.008244	-0.811122	-0.626746	-0.454669	-0.294335	-0.145095	-0.006285	0.122845	0.243095	0.355335	0.460417	0.559299	0.652922	0.742226	0.828284	0.912079	0.994585	1.076885	1.159954	1.244795	1.332376	1.423682	-2.567713	-2.365410	-2.145807	-1.908378	-1.652750	-1.378612	-1.085640	-0.773786	-0.442972	-0.093196	0.275311	0.662388	1.067579	
 Vektor d_crush:
0.003822	0.003786	0.003746	0.003703	0.003657	0.003610	0.003560	0.003510	0.003460	0.003409	0.003360	0.003311	0.003264	0.003219	0.003176	0.003136	0.003099	0.003065	0.003034	0.003007	0.002983	0.002963	0.002947	0.002935	0.002927	0.002922	0.002920	0.002922	0.003837	0.003951	0.004064	0.004177	0.004288	0.004397	0.004503	0.004606	0.004704	0.004798	0.004886	0.004968	0.005042	

 * Iterace c. 1 * Delta = 0.176770 *
 icase = 0
         0 -> O.K.,
        -1 -> nelze splnit omezujici podminky,
        +1 -> cilova funkce je na polyedru neomezena.
 lambda = 4.297419
 pocet bloku N = 40
 Vektor lokalnich deformaci:
   2: fi 00 ext = 2.553356
  27: fi 13 int = 5.494075
  56: fi 27 ext = 4.761044
  75: fi 37 int = 1.820324
 Vektor indexu spary mezi bloky:
0		1		2		3		4		5		6		7		8		9		10		11		12		13		14		15		16		17		18		19		20		21		22		23		24		25		26		27		28		29		30		31		32		33		34		35		36		37		38		39		40		
 Vektor normalovych sil ve sparach (+ znaci tlak):
7.574977	7.500003	7.417483	7.328508	7.234460	7.136610	7.036018	6.933990	6.831329	6.729143	6.628627	6.530605	6.435985	6.345295	6.259451	6.179128	6.105133	6.037471	5.976746	5.923537	5.878018	5.839664	5.809811	5.786998	5.772575	5.764962	5.765227	5.771863	7.532981	7.755192	7.977451	8.198363	8.416736	8.631494	8.841042	9.043984	9.239065	9.424839	9.599676	9.762213	9.910967	
 Vektor vzdalenosti N od hornoho povrchu klenby:
0.001894	0.025030	0.045763	0.064229	0.080544	0.094811	0.107111	0.117522	0.126104	0.132919	0.138013	0.141431	0.143218	0.143414	0.142054	0.139182	0.134829	0.129043	0.121868	0.113344	0.103513	0.092422	0.080107	0.066612	0.051976	0.036219	0.019373	0.001443	0.029776	0.055012	0.076843	0.095376	0.110726	0.122987	0.132245	0.138572	0.142025	0.142645	0.140455	0.135459	0.127639	
 Vektor posouvajicich sil ve sparach:
-2.413729	-2.138000	-1.876374	-1.628855	-1.395419	-1.175859	-0.969943	-0.777293	-0.597488	-0.430090	-0.274489	-0.130057	0.003952	0.128211	0.243595	0.350964	0.451209	0.545241	0.634064	0.718644	0.800009	0.879202	0.957205	1.035093	1.113870	1.194535	1.278107	1.365545	-2.468118	-2.273349	-2.061515	-1.832119	-1.584723	-1.318964	-1.034617	-0.731467	-0.409476	-0.068645	0.290870	0.668899	1.065087	
 Vektor d_crush:
0.003787	0.003750	0.003709	0.003664	0.003617	0.003568	0.003518	0.003467	0.003416	0.003365	0.003314	0.003265	0.003218	0.003173	0.003130	0.003090	0.003053	0.003019	0.002988	0.002962	0.002939	0.002920	0.002905	0.002893	0.002886	0.002882	0.002883	0.002886	0.003766	0.003878	0.003989	0.004099	0.004208	0.004316	0.004421	0.004522	0.004620	0.004712	0.004800	0.004881	0.004955	

 * Iterace c. 2 * Delta = 0.000016 *
 icase = 0
         0 -> O.K.,
        -1 -> nelze splnit omezujici podminky,
        +1 -> cilova funkce je na polyedru neomezena.
 lambda = 4.297403
 pocet bloku N = 40
 Vektor lokalnich deformaci:
   2: fi 00 ext = 2.554858
  27: fi 13 int = 5.496863
  56: fi 27 ext = 4.762543
  75: fi 37 int = 1.820537
 Vektor indexu spary mezi bloky:
0		1		2		3		4		5		6		7		8		9		10		11		12		13		14		15		16		17		18		19		20		21		22		23		24		25		26		27		28		29		30		31		32		33		34		35		36		37		38		39		40		
 Vektor normalovych sil ve sparach (+ znaci tlak):
7.575025	7.500011	7.417389	7.328520	7.234532	7.136640	7.036185	6.934032	6.831303	6.729254	6.628775	6.530499	6.435808	6.345398	6.259643	6.179432	6.105085	6.037547	5.977003	5.923536	5.878214	5.839714	5.809751	5.787338	5.772286	5.765122	5.765204	5.771686	7.532876	7.755142	7.977560	8.198390	8.416940	8.631357	8.840985	9.044088	9.239083	9.424885	9.599632	9.762212	9.910974	
 Vektor vzdalenosti N od hornoho povrchu klenby:
0.001894	0.025030	0.045763	0.064229	0.080545	0.094811	0.107112	0.117524	0.126109	0.132922	0.138015	0.141436	0.143224	0.143414	0.142054	0.139183	0.134832	0.129047	0.121870	0.113348	0.103511	0.092426	0.080109	0.066617	0.051978	0.036223	0.019376	0.001443	0.029778	0.055013	0.076842	0.095379	0.110728	0.122988	0.132246	0.138571	0.142024	0.142644	0.140454	0.135458	0.127637	
 Vektor posouvajicich sil ve sparach:
-2.413791	-2.138041	-1.876404	-1.628899	-1.395439	-1.175876	-0.969975	-0.777297	-0.597519	-0.430114	-0.274521	-0.130072	0.003923	0.128202	0.243614	0.350979	0.451195	0.545232	0.634049	0.718649	0.800038	0.879212	0.957219	1.035102	1.113890	1.194553	1.278112	1.365547	-2.468100	-2.273307	-2.061466	-1.832068	-1.584674	-1.318946	-1.034570	-0.731430	-0.409412	-0.068612	0.290915	0.668954	1.065116	
 Vektor d_crush:
0.003788	0.003750	0.003709	0.003664	0.003617	0.003568	0.003518	0.003467	0.003416	0.003365	0.003314	0.003265	0.003218	0.003173	0.003130	0.003090	0.003053	0.003019	0.002989	0.002962	0.002939	0.002920	0.002905	0.002894	0.002886	0.002883	0.002883	0.002886	0.003766	0.003878	0.003989	0.004099	0.004208	0.004316	0.004420	0.004522	0.004620	0.004712	0.004800	0.004881	0.004955	
