Vstupni soubor: zlamal2_10.in
***kopie vstupniho souboru***

 2.472500
 0.713750
 1
 0.145000
 20.000000
 0.600000
 40
 1
 2.0 1.000000 0.200000
 0.500000
 0.000000
 0 30.000000
 0 0.600000 0.400000 2.400000
 1
 2 2000.000000 inter.txt
*****************************
Ortoganalni souradnice intrados a extrados:
X_int	Y_int	X_ext	Y_ext
0.000000	0.000000	-0.125574	0.072500
0.039049	0.063722	-0.082558	0.142695
0.081379	0.125313	-0.035928	0.210542
0.126875	0.184605	0.014189	0.275856
0.175412	0.241434	0.067656	0.338458
0.226856	0.295645	0.124325	0.398175
0.281067	0.347089	0.184043	0.454845
0.337896	0.395626	0.246644	0.508312
0.397187	0.441122	0.311958	0.558429
0.458778	0.483452	0.379806	0.605059
0.522501	0.522501	0.450001	0.648075
0.588179	0.558162	0.522350	0.687358
0.655634	0.590336	0.596657	0.722800
0.724680	0.618936	0.672717	0.754305
0.795129	0.643883	0.750321	0.781786
0.866786	0.665109	0.829257	0.805168
0.939456	0.682556	0.909309	0.824387
1.012940	0.696175	0.990257	0.839390
1.087036	0.705930	1.071879	0.850136
1.161541	0.711794	1.153952	0.856595
1.236250	0.713750	1.236250	0.858750
1.310960	0.711794	1.318548	0.856595
1.385464	0.705930	1.400621	0.850136
1.459560	0.696175	1.482243	0.839390
1.533044	0.682556	1.563191	0.824387
1.605714	0.665109	1.643243	0.805168
1.677372	0.643883	1.722179	0.781786
1.747820	0.618936	1.799783	0.754305
1.816866	0.590336	1.875843	0.722800
1.884321	0.558162	1.950150	0.687358
1.949999	0.522501	2.022500	0.648075
2.013722	0.483452	2.092694	0.605059
2.075313	0.441122	2.160542	0.558429
2.134604	0.395626	2.225856	0.508312
2.191433	0.347089	2.288457	0.454845
2.245644	0.295645	2.348175	0.398175
2.297088	0.241434	2.404845	0.338458
2.345625	0.184605	2.458311	0.275856
2.391121	0.125313	2.508428	0.210542
2.433451	0.063722	2.555058	0.142695
2.472500	0.000000	2.598074	0.072500
Vlastni tiha klenby - jednotlive bloky:
X_p	Y_p	P
-0.043266	0.070339	0.227661
-0.000477	0.136230	0.227661
0.045702	0.199790	0.227661
0.095145	0.260847	0.227661
0.147715	0.319232	0.227661
0.203269	0.374786	0.227661
0.261654	0.427356	0.227661
0.322711	0.476799	0.227661
0.386271	0.522978	0.227661
0.452161	0.565768	0.227661
0.520200	0.605050	0.227661
0.590202	0.640718	0.227661
0.661975	0.672673	0.227661
0.735322	0.700828	0.227661
0.810042	0.725106	0.227661
0.885929	0.745440	0.227661
0.962778	0.761775	0.227662
1.040376	0.774065	0.227661
1.118510	0.782278	0.227661
1.196967	0.786389	0.227661
1.275532	0.786389	0.227661
1.353990	0.782278	0.227661
1.432125	0.774065	0.227661
1.509722	0.761775	0.227662
1.586570	0.745440	0.227661
1.662459	0.725106	0.227661
1.737178	0.700828	0.227661
1.810525	0.672673	0.227661
1.882298	0.640718	0.227661
1.952299	0.605050	0.227661
2.020339	0.565768	0.227661
2.086229	0.522978	0.227661
2.149790	0.476799	0.227661
2.210846	0.427356	0.227661
2.269231	0.374786	0.227661
2.324785	0.319232	0.227661
2.377355	0.260846	0.227661
2.426798	0.199790	0.227661
2.472977	0.136230	0.227662
2.515766	0.070339	0.227661
Tiha nadnasypu pusobici na bloky:
P	h_ver	X_p	Y_p
0.000000	0.070195	-0.104267	0.107269
0.000000	0.067847	-0.059466	0.176294
0.000000	0.065314	-0.011114	0.242881
0.000000	0.062602	0.040657	0.306846
0.000000	0.059718	0.095706	0.368017
0.000000	0.056670	0.153882	0.426223
0.000000	0.053467	0.215026	0.481307
0.000000	0.050117	0.278971	0.533117
0.000000	0.046630	0.345543	0.581511
0.000000	0.043015	0.414559	0.626357
0.000000	0.039283	0.485833	0.667530
0.000000	0.035442	0.559168	0.704919
0.000000	0.031505	0.634365	0.738419
0.000000	0.027481	0.711218	0.767939
0.000000	0.023382	0.789517	0.793397
0.000000	0.019219	0.869048	0.814721
0.000000	0.015003	0.949591	0.831853
0.000000	0.010746	1.030926	0.844744
0.000000	0.006459	1.112828	0.853358
0.000000	0.002155	1.195071	0.857672
0.000000	-0.002155	1.277429	0.857672
0.000000	-0.006459	1.359672	0.853358
0.000000	-0.010746	1.441574	0.844744
0.000000	-0.015003	1.522909	0.831853
0.000000	-0.019219	1.603452	0.814721
0.000000	-0.023382	1.682983	0.793397
0.000000	-0.027481	1.761282	0.767939
0.000000	-0.031505	1.838135	0.738420
0.000000	-0.035442	1.913332	0.704919
0.000000	-0.039283	1.986668	0.667530
0.000000	-0.043016	2.057940	0.626357
0.000000	-0.046630	2.126957	0.581511
0.000000	-0.050117	2.193529	0.533117
0.000000	-0.053467	2.257474	0.481307
0.000000	-0.056670	2.318619	0.426223
0.000000	-0.059718	2.376793	0.368017
0.000000	-0.062602	2.431843	0.306846
0.000000	-0.065314	2.483614	0.242880
0.000000	-0.067848	2.531968	0.176292
0.000000	-0.070195	2.576767	0.107270
Vnejsi zatizeni pusobici na bloky:
X_q	Y_q	Q
-0.125574	0.072500	0.000000
-0.082558	0.142695	0.000000
-0.035928	0.210542	0.000000
0.014189	0.275856	0.000000
0.067656	0.338458	0.000000
0.124325	0.398175	0.000000
0.184043	0.454845	0.000000
0.246644	0.508312	0.000000
0.311958	0.558429	0.000000
0.379806	0.605059	0.000000
0.450001	0.648075	0.000000
0.522350	0.687358	0.000000
0.596657	0.722800	0.000000
0.672717	0.754305	0.000000
0.750321	0.781786	0.000000
0.829257	0.805168	0.000000
0.909309	0.824387	0.000000
0.990257	0.839390	0.000000
1.071879	0.850136	0.000000
1.153952	0.856595	0.000000
1.236250	0.858750	0.000000
1.318548	0.856595	0.000000
1.400621	0.850136	0.000000
1.482243	0.839390	0.000000
1.563191	0.824387	0.000000
1.643243	0.805168	0.000000
1.722179	0.781786	0.000000
1.799783	0.754305	0.000000
1.875843	0.722800	0.000000
2.000000	0.630345	1.000000
2.022500	0.648075	0.000000
2.092694	0.605059	0.000000
2.160542	0.558429	0.000000
2.225856	0.508312	0.000000
2.288457	0.454845	0.000000
2.348175	0.398175	0.000000
2.404845	0.338458	0.000000
2.458311	0.275856	0.000000
2.508428	0.210542	0.000000
2.555058	0.142695	0.000000
Ortogonalni lokalni souradnice jednotlivych bloku:
a	alfa	b	beta
0.072500	2.617995	0.078531	1.021018
0.072500	2.565635	0.078531	0.968659
0.072500	2.513275	0.078531	0.916299
0.072500	2.460915	0.078531	0.863939
0.072500	2.408555	0.078531	0.811579
0.072500	2.356195	0.078531	0.759219
0.072500	2.303835	0.078531	0.706859
0.072500	2.251475	0.078531	0.654500
0.072500	2.199115	0.078531	0.602139
0.072500	2.146756	0.078531	0.549778
0.072500	2.094395	0.078531	0.497420
0.072500	2.042036	0.078531	0.445059
0.072500	1.989676	0.078531	0.392700
0.072500	1.937316	0.078531	0.340338
0.072500	1.884957	0.078531	0.287981
0.072500	1.832596	0.078531	0.235619
0.072500	1.780236	0.078531	0.183260
0.072500	1.727876	0.078531	0.130899
0.072500	1.675516	0.078531	0.078541
0.072500	1.623156	0.078531	0.026179
0.072500	1.570796	0.078531	-0.026179
0.072500	1.518436	0.078531	-0.078540
0.072500	1.466077	0.078531	-0.130900
0.072500	1.413716	0.078531	-0.183260
0.072500	1.361356	0.078531	-0.235619
0.072500	1.308997	0.078531	-0.287979
0.072500	1.256637	0.078531	-0.340341
0.072500	1.204276	0.078531	-0.392699
0.072500	1.151917	0.078531	-0.445058
0.072500	1.099557	0.078531	-0.497421
0.072500	1.047197	0.078531	-0.549780
0.072500	0.994838	0.078531	-0.602137
0.072500	0.942477	0.078531	-0.654499
0.072500	0.890118	0.078531	-0.706859
0.072500	0.837758	0.078531	-0.759219
0.072500	0.785397	0.078531	-0.811578
0.072500	0.733037	0.078531	-0.863940
0.072500	0.680678	0.078531	-0.916301
0.072500	0.628319	0.078531	-0.968656
0.072500	0.575958	0.078531	-1.021019
0.072500	0.523597	1.000000	-1.047199
Transformovane zatizeni vlastni tihou klenby:
Px	Py	Mp
0.000000	0.227661	0.004444
0.000000	0.227661	0.004844
0.000000	0.227661	0.005231
0.000000	0.227661	0.005603
0.000000	0.227661	0.005961
0.000000	0.227661	0.006301
0.000000	0.227661	0.006625
0.000000	0.227661	0.006930
0.000000	0.227661	0.007216
0.000000	0.227661	0.007483
0.000000	0.227661	0.007729
0.000000	0.227661	0.007954
0.000000	0.227661	0.008157
0.000000	0.227661	0.008338
0.000000	0.227661	0.008496
0.000000	0.227661	0.008630
0.000000	0.227662	0.008741
0.000000	0.227661	0.008828
0.000000	0.227661	0.008891
0.000000	0.227661	0.008929
0.000000	0.227661	0.008943
0.000000	0.227661	0.008933
0.000000	0.227661	0.008897
0.000000	0.227662	0.008838
0.000000	0.227661	0.008754
0.000000	0.227661	0.008647
0.000000	0.227661	0.008515
0.000000	0.227661	0.008360
0.000000	0.227661	0.008183
0.000000	0.227661	0.007983
0.000000	0.227661	0.007761
0.000000	0.227661	0.007518
0.000000	0.227661	0.007254
0.000000	0.227661	0.006970
0.000000	0.227661	0.006667
0.000000	0.227661	0.006346
0.000000	0.227661	0.006008
0.000000	0.227661	0.005653
0.000000	0.227662	0.005282
0.000000	0.227661	0.004897
0.000000	0.000000	0.000000
Transformovane zatizeni nadnasypem:
Px	Py	Mp
0.000000	0.000000	0.000000
0.000000	0.000000	0.000000
0.000000	0.000000	0.000000
0.000000	0.000000	0.000000
0.000000	0.000000	0.000000
0.000000	0.000000	0.000000
0.000000	0.000000	0.000000
0.000000	0.000000	0.000000
0.000000	0.000000	0.000000
0.000000	0.000000	0.000000
0.000000	0.000000	0.000000
0.000000	0.000000	0.000000
0.000000	0.000000	0.000000
0.000000	0.000000	0.000000
0.000000	0.000000	0.000000
0.000000	0.000000	0.000000
0.000000	0.000000	0.000000
0.000000	0.000000	0.000000
0.000000	0.000000	0.000000
0.000000	0.000000	0.000000
0.000000	0.000000	0.000000
0.000000	0.000000	0.000000
0.000000	0.000000	0.000000
0.000000	0.000000	0.000000
0.000000	0.000000	0.000000
0.000000	0.000000	0.000000
0.000000	0.000000	0.000000
0.000000	0.000000	0.000000
0.000000	0.000000	0.000000
0.000000	0.000000	0.000000
0.000000	0.000000	0.000000
0.000000	0.000000	0.000000
0.000000	0.000000	0.000000
0.000000	0.000000	0.000000
0.000000	0.000000	0.000000
0.000000	0.000000	0.000000
0.000000	0.000000	0.000000
0.000000	0.000000	0.000000
0.000000	0.000000	0.000000
0.000000	0.000000	0.000000
0.000000	0.000000	0.000000
Transformovane zatizeni vnejsich sil:
Qx	Qy	Mq
0.000000	0.000000	0.000000
0.000000	0.000000	0.000000
0.000000	0.000000	0.000000
0.000000	0.000000	0.000000
0.000000	0.000000	0.000000
0.000000	0.000000	0.000000
0.000000	0.000000	0.000000
0.000000	0.000000	0.000000
0.000000	0.000000	0.000000
0.000000	0.000000	0.000000
0.000000	0.000000	0.000000
0.000000	0.000000	0.000000
0.000000	0.000000	0.000000
0.000000	0.000000	0.000000
0.000000	0.000000	0.000000
0.000000	0.000000	0.000000
0.000000	0.000000	0.000000
0.000000	0.000000	0.000000
0.000000	0.000000	0.000000
0.000000	0.000000	0.000000
0.000000	0.000000	0.000000
0.000000	0.000000	0.000000
0.000000	0.000000	0.000000
0.000000	0.000000	0.000000
0.000000	0.000000	0.000000
0.000000	0.000000	0.000000
0.000000	0.000000	0.000000
0.000000	0.000000	0.000000
0.000000	0.000000	0.000000
0.000000	1.000000	0.082765
0.000000	0.000000	0.000000
0.000000	0.000000	0.000000
0.000000	0.000000	0.000000
0.000000	0.000000	0.000000
0.000000	0.000000	0.000000
0.000000	0.000000	0.000000
0.000000	0.000000	0.000000
0.000000	0.000000	0.000000
0.000000	0.000000	0.000000
0.000000	0.000000	0.000000
0.000000	0.000000	0.000000

*** vysledky vypoctu ***
 icase = 0
         0 -> O.K.,
        -1 -> nelze splnit omezujici podminky,
        +1 -> cilova funkce je na polyedru neomezena.
 lambda = 5.447847
 pocet bloku N = 40
 Vektor lokalnich deformaci:
   2: fi 00 ext = 2.758852
  29: fi 14 int = 5.923372
  60: fi 29 ext = 5.471613
  79: fi 39 int = 2.307094
 Vektor indexu spary mezi bloky:
0		1		2		3		4		5		6		7		8		9		10		11		12		13		14		15		16		17		18		19		20		21		22		23		24		25		26		27		28		29		30		31		32		33		34		35		36		37		38		39		40		
 Vektor normalovych sil ve sparach (+ znaci tlak):
7.299091	7.218599	7.131211	7.038222	6.941071	6.840794	6.738576	6.635794	6.533274	6.432017	6.332871	6.237388	6.146165	6.059382	5.978530	5.903917	5.836148	5.775762	5.723079	5.678176	5.641779	5.613433	5.593727	5.582416	5.579507	5.584227	5.596598	5.616643	5.643638	5.676544	8.439025	8.726012	9.009099	9.286582	9.557189	9.819253	10.071356	10.311700	10.538883	10.751196	10.946972	
 Vektor vzdalenosti N od hornoho povrchu klenby:
0.000000	0.022808	0.043307	0.061633	0.077906	0.092226	0.104681	0.115350	0.124301	0.131591	0.137287	0.141427	0.144059	0.145238	0.145000	0.143395	0.140462	0.136248	0.130798	0.124158	0.116366	0.107473	0.097508	0.086516	0.074522	0.061549	0.047610	0.032713	0.016851	0.000000	0.002424	0.033591	0.060448	0.083243	0.102197	0.117498	0.129308	0.137761	0.142965	0.145000	0.143919	
 Vektor posouvajicich sil ve sparach:
-2.300328	-2.039141	-1.792389	-1.559973	-1.341815	-1.137687	-0.947297	-0.770258	-0.606084	-0.454261	-0.314186	-0.185155	-0.066429	0.042767	0.143309	0.236120	0.322093	0.402246	0.477569	0.549053	0.617819	0.684908	0.751311	0.818200	0.886550	0.957436	1.031845	1.110794	1.195280	1.286131	-3.333696	-3.078370	-2.801651	-2.503266	-2.182957	-1.840776	-1.476694	-1.090817	-0.683493	-0.254952	0.194212	
 Vektor d_crush:
0.003650	0.003609	0.003566	0.003519	0.003471	0.003420	0.003369	0.003318	0.003267	0.003216	0.003166	0.003119	0.003073	0.003030	0.002989	0.002952	0.002918	0.002888	0.002862	0.002839	0.002821	0.002807	0.002797	0.002791	0.002790	0.002792	0.002798	0.002808	0.002822	0.002838	0.004220	0.004363	0.004505	0.004643	0.004779	0.004910	0.005036	0.005156	0.005269	0.005376	0.005473	

 * Iterace c. 1 * Delta = 0.195508 *
 icase = 0
         0 -> O.K.,
        -1 -> nelze splnit omezujici podminky,
        +1 -> cilova funkce je na polyedru neomezena.
 lambda = 5.252339
 pocet bloku N = 40
 Vektor lokalnich deformaci:
   2: fi 00 ext = 2.653635
  29: fi 14 int = 5.727398
  60: fi 29 ext = 5.357099
  79: fi 39 int = 2.283337
 Vektor indexu spary mezi bloky:
0		1		2		3		4		5		6		7		8		9		10		11		12		13		14		15		16		17		18		19		20		21		22		23		24		25		26		27		28		29		30		31		32		33		34		35		36		37		38		39		40		
 Vektor normalovych sil ve sparach (+ znaci tlak):
7.251794	7.168819	7.079095	6.984009	6.884835	6.782697	6.678890	6.574359	6.470326	6.367562	6.268013	6.171331	6.079196	5.992231	5.911345	5.836544	5.768474	5.708320	5.656152	5.612001	5.576310	5.548902	5.530382	5.520736	5.518811	5.525320	5.539817	5.561438	5.590728	5.625949	8.293187	8.574019	8.851024	9.123237	9.389025	9.646668	9.894835	10.131728	10.355916	10.565713	10.759539	
 Vektor vzdalenosti N od hornoho povrchu klenby:
0.001813	0.024261	0.044420	0.062427	0.078397	0.092434	0.104624	0.115044	0.123766	0.130849	0.136346	0.140319	0.142808	0.143859	0.143522	0.141849	0.138882	0.134660	0.129238	0.122665	0.114979	0.106232	0.096455	0.085687	0.073966	0.061299	0.047717	0.033211	0.017785	0.001406	0.003350	0.033904	0.060225	0.082553	0.101090	0.116020	0.127495	0.135647	0.140576	0.142359	0.141046	
 Vektor posouvajicich sil ve sparach:
-2.252098	-1.993451	-1.749368	-1.519727	-1.304477	-1.103345	-0.916025	-0.742172	-0.581267	-0.432765	-0.296049	-0.170451	-0.055219	0.050481	0.147502	0.236779	0.319205	0.395838	0.467635	0.535655	0.600978	0.664649	0.727728	0.791312	0.856465	0.924232	0.995608	1.071638	1.153247	1.241408	-3.211657	-2.964180	-2.695585	-2.405554	-2.094003	-1.760699	-1.405773	-1.029234	-0.631424	-0.212533	0.226915	
 Vektor d_crush:
0.003626	0.003584	0.003540	0.003492	0.003442	0.003391	0.003339	0.003287	0.003235	0.003184	0.003134	0.003086	0.003040	0.002996	0.002956	0.002918	0.002884	0.002854	0.002828	0.002806	0.002788	0.002774	0.002765	0.002760	0.002759	0.002763	0.002770	0.002781	0.002795	0.002813	0.004147	0.004287	0.004426	0.004562	0.004695	0.004823	0.004947	0.005066	0.005178	0.005283	0.005380	

 * Iterace c. 2 * Delta = 0.000343 *
 icase = 0
         0 -> O.K.,
        -1 -> nelze splnit omezujici podminky,
        +1 -> cilova funkce je na polyedru neomezena.
 lambda = 5.251996
 pocet bloku N = 40
 Vektor lokalnich deformaci:
   2: fi 00 ext = 2.654861
  29: fi 14 int = 5.729645
  60: fi 29 ext = 5.358471
  79: fi 39 int = 2.283687
 Vektor indexu spary mezi bloky:
0		1		2		3		4		5		6		7		8		9		10		11		12		13		14		15		16		17		18		19		20		21		22		23		24		25		26		27		28		29		30		31		32		33		34		35		36		37		38		39		40		
 Vektor normalovych sil ve sparach (+ znaci tlak):
7.251657	7.168638	7.078954	6.983836	6.884648	6.782528	6.678595	6.574204	6.470213	6.367722	6.267552	6.171241	6.079362	5.992376	5.910655	5.836358	5.768643	5.708279	5.655813	5.611953	5.576222	5.548756	5.530281	5.520083	5.518643	5.525084	5.539508	5.561638	5.590409	5.625693	8.292792	8.573422	8.850634	9.122957	9.388690	9.646379	9.894597	10.131466	10.355567	10.565390	10.759197	
 Vektor vzdalenosti N od hornoho povrchu klenby:
0.001813	0.024259	0.044419	0.062424	0.078396	0.092429	0.104619	0.115039	0.123760	0.130840	0.136343	0.140311	0.142795	0.143846	0.143522	0.141839	0.138869	0.134653	0.129234	0.122656	0.114969	0.106220	0.096445	0.085683	0.073959	0.061298	0.047716	0.033211	0.017780	0.001406	0.003349	0.033903	0.060225	0.082552	0.101090	0.116019	0.127494	0.135646	0.140575	0.142359	0.141045	
 Vektor posouvajicich sil ve sparach:
-2.251949	-1.993359	-1.749247	-1.519643	-1.304371	-1.103245	-0.915944	-0.742094	-0.581209	-0.432709	-0.296042	-0.170450	-0.055205	0.050509	0.147502	0.236768	0.319199	0.395808	0.467605	0.535612	0.600914	0.664577	0.727654	0.791235	0.856382	0.924119	0.995508	1.071508	1.153117	1.241299	-3.211508	-2.964025	-2.695415	-2.405447	-2.093889	-1.760629	-1.405710	-1.029220	-0.631385	-0.212519	0.226891	
 Vektor d_crush:
0.003626	0.003584	0.003539	0.003492	0.003442	0.003391	0.003339	0.003287	0.003235	0.003184	0.003134	0.003086	0.003040	0.002996	0.002955	0.002918	0.002884	0.002854	0.002828	0.002806	0.002788	0.002774	0.002765	0.002760	0.002759	0.002763	0.002770	0.002781	0.002795	0.002813	0.004146	0.004287	0.004425	0.004561	0.004694	0.004823	0.004947	0.005066	0.005178	0.005283	0.005380	
