Vstupni soubor: zlamal2_8.in
***kopie vstupniho souboru***

 2.472500
 0.713750
 1
 0.145000
 20.000000
 0.600000
 40
 1
 1.6 1.000000 0.200000
 0.500000
 0.000000
 0 30.000000
 0 0.600000 0.400000 2.400000
 1
 2 2000.000000 inter.txt
*****************************
Ortoganalni souradnice intrados a extrados:
X_int	Y_int	X_ext	Y_ext
0.000000	0.000000	-0.125574	0.072500
0.039049	0.063722	-0.082558	0.142695
0.081379	0.125313	-0.035928	0.210542
0.126875	0.184605	0.014189	0.275856
0.175412	0.241434	0.067656	0.338458
0.226856	0.295645	0.124325	0.398175
0.281067	0.347089	0.184043	0.454845
0.337896	0.395626	0.246644	0.508312
0.397187	0.441122	0.311958	0.558429
0.458778	0.483452	0.379806	0.605059
0.522501	0.522501	0.450001	0.648075
0.588179	0.558162	0.522350	0.687358
0.655634	0.590336	0.596657	0.722800
0.724680	0.618936	0.672717	0.754305
0.795129	0.643883	0.750321	0.781786
0.866786	0.665109	0.829257	0.805168
0.939456	0.682556	0.909309	0.824387
1.012940	0.696175	0.990257	0.839390
1.087036	0.705930	1.071879	0.850136
1.161541	0.711794	1.153952	0.856595
1.236250	0.713750	1.236250	0.858750
1.310960	0.711794	1.318548	0.856595
1.385464	0.705930	1.400621	0.850136
1.459560	0.696175	1.482243	0.839390
1.533044	0.682556	1.563191	0.824387
1.605714	0.665109	1.643243	0.805168
1.677372	0.643883	1.722179	0.781786
1.747820	0.618936	1.799783	0.754305
1.816866	0.590336	1.875843	0.722800
1.884321	0.558162	1.950150	0.687358
1.949999	0.522501	2.022500	0.648075
2.013722	0.483452	2.092694	0.605059
2.075313	0.441122	2.160542	0.558429
2.134604	0.395626	2.225856	0.508312
2.191433	0.347089	2.288457	0.454845
2.245644	0.295645	2.348175	0.398175
2.297088	0.241434	2.404845	0.338458
2.345625	0.184605	2.458311	0.275856
2.391121	0.125313	2.508428	0.210542
2.433451	0.063722	2.555058	0.142695
2.472500	0.000000	2.598074	0.072500
Vlastni tiha klenby - jednotlive bloky:
X_p	Y_p	P
-0.043266	0.070339	0.227661
-0.000477	0.136230	0.227661
0.045702	0.199790	0.227661
0.095145	0.260847	0.227661
0.147715	0.319232	0.227661
0.203269	0.374786	0.227661
0.261654	0.427356	0.227661
0.322711	0.476799	0.227661
0.386271	0.522978	0.227661
0.452161	0.565768	0.227661
0.520200	0.605050	0.227661
0.590202	0.640718	0.227661
0.661975	0.672673	0.227661
0.735322	0.700828	0.227661
0.810042	0.725106	0.227661
0.885929	0.745440	0.227661
0.962778	0.761775	0.227662
1.040376	0.774065	0.227661
1.118510	0.782278	0.227661
1.196967	0.786389	0.227661
1.275532	0.786389	0.227661
1.353990	0.782278	0.227661
1.432125	0.774065	0.227661
1.509722	0.761775	0.227662
1.586570	0.745440	0.227661
1.662459	0.725106	0.227661
1.737178	0.700828	0.227661
1.810525	0.672673	0.227661
1.882298	0.640718	0.227661
1.952299	0.605050	0.227661
2.020339	0.565768	0.227661
2.086229	0.522978	0.227661
2.149790	0.476799	0.227661
2.210846	0.427356	0.227661
2.269231	0.374786	0.227661
2.324785	0.319232	0.227661
2.377355	0.260846	0.227661
2.426798	0.199790	0.227661
2.472977	0.136230	0.227662
2.515766	0.070339	0.227661
Tiha nadnasypu pusobici na bloky:
P	h_ver	X_p	Y_p
0.000000	0.070195	-0.104267	0.107269
0.000000	0.067847	-0.059466	0.176294
0.000000	0.065314	-0.011114	0.242881
0.000000	0.062602	0.040657	0.306846
0.000000	0.059718	0.095706	0.368017
0.000000	0.056670	0.153882	0.426223
0.000000	0.053467	0.215026	0.481307
0.000000	0.050117	0.278971	0.533117
0.000000	0.046630	0.345543	0.581511
0.000000	0.043015	0.414559	0.626357
0.000000	0.039283	0.485833	0.667530
0.000000	0.035442	0.559168	0.704919
0.000000	0.031505	0.634365	0.738419
0.000000	0.027481	0.711218	0.767939
0.000000	0.023382	0.789517	0.793397
0.000000	0.019219	0.869048	0.814721
0.000000	0.015003	0.949591	0.831853
0.000000	0.010746	1.030926	0.844744
0.000000	0.006459	1.112828	0.853358
0.000000	0.002155	1.195071	0.857672
0.000000	-0.002155	1.277429	0.857672
0.000000	-0.006459	1.359672	0.853358
0.000000	-0.010746	1.441574	0.844744
0.000000	-0.015003	1.522909	0.831853
0.000000	-0.019219	1.603452	0.814721
0.000000	-0.023382	1.682983	0.793397
0.000000	-0.027481	1.761282	0.767939
0.000000	-0.031505	1.838135	0.738420
0.000000	-0.035442	1.913332	0.704919
0.000000	-0.039283	1.986668	0.667530
0.000000	-0.043016	2.057940	0.626357
0.000000	-0.046630	2.126957	0.581511
0.000000	-0.050117	2.193529	0.533117
0.000000	-0.053467	2.257474	0.481307
0.000000	-0.056670	2.318619	0.426223
0.000000	-0.059718	2.376793	0.368017
0.000000	-0.062602	2.431843	0.306846
0.000000	-0.065314	2.483614	0.242880
0.000000	-0.067848	2.531968	0.176292
0.000000	-0.070195	2.576767	0.107270
Vnejsi zatizeni pusobici na bloky:
X_q	Y_q	Q
-0.125574	0.072500	0.000000
-0.082558	0.142695	0.000000
-0.035928	0.210542	0.000000
0.014189	0.275856	0.000000
0.067656	0.338458	0.000000
0.124325	0.398175	0.000000
0.184043	0.454845	0.000000
0.246644	0.508312	0.000000
0.311958	0.558429	0.000000
0.379806	0.605059	0.000000
0.450001	0.648075	0.000000
0.522350	0.687358	0.000000
0.596657	0.722800	0.000000
0.672717	0.754305	0.000000
0.750321	0.781786	0.000000
0.829257	0.805168	0.000000
0.909309	0.824387	0.000000
0.990257	0.839390	0.000000
1.071879	0.850136	0.000000
1.153952	0.856595	0.000000
1.236250	0.858750	0.000000
1.318548	0.856595	0.000000
1.400621	0.850136	0.000000
1.482243	0.839390	0.000000
1.600000	0.782590	1.000000
1.643243	0.805168	0.000000
1.722179	0.781786	0.000000
1.799783	0.754305	0.000000
1.875843	0.722800	0.000000
1.950150	0.687358	0.000000
2.022500	0.648075	0.000000
2.092694	0.605059	0.000000
2.160542	0.558429	0.000000
2.225856	0.508312	0.000000
2.288457	0.454845	0.000000
2.348175	0.398175	0.000000
2.404845	0.338458	0.000000
2.458311	0.275856	0.000000
2.508428	0.210542	0.000000
2.555058	0.142695	0.000000
Ortogonalni lokalni souradnice jednotlivych bloku:
a	alfa	b	beta
0.072500	2.617995	0.078531	1.021018
0.072500	2.565635	0.078531	0.968659
0.072500	2.513275	0.078531	0.916299
0.072500	2.460915	0.078531	0.863939
0.072500	2.408555	0.078531	0.811579
0.072500	2.356195	0.078531	0.759219
0.072500	2.303835	0.078531	0.706859
0.072500	2.251475	0.078531	0.654500
0.072500	2.199115	0.078531	0.602139
0.072500	2.146756	0.078531	0.549778
0.072500	2.094395	0.078531	0.497420
0.072500	2.042036	0.078531	0.445059
0.072500	1.989676	0.078531	0.392700
0.072500	1.937316	0.078531	0.340338
0.072500	1.884957	0.078531	0.287981
0.072500	1.832596	0.078531	0.235619
0.072500	1.780236	0.078531	0.183260
0.072500	1.727876	0.078531	0.130899
0.072500	1.675516	0.078531	0.078541
0.072500	1.623156	0.078531	0.026179
0.072500	1.570796	0.078531	-0.026179
0.072500	1.518436	0.078531	-0.078540
0.072500	1.466077	0.078531	-0.130900
0.072500	1.413716	0.078531	-0.183260
0.072500	1.361356	0.078531	-0.235619
0.072500	1.308997	0.078531	-0.287979
0.072500	1.256637	0.078531	-0.340341
0.072500	1.204276	0.078531	-0.392699
0.072500	1.151917	0.078531	-0.445058
0.072500	1.099557	0.078531	-0.497421
0.072500	1.047197	0.078531	-0.549780
0.072500	0.994838	0.078531	-0.602137
0.072500	0.942477	0.078531	-0.654499
0.072500	0.890118	0.078531	-0.706859
0.072500	0.837758	0.078531	-0.759219
0.072500	0.785397	0.078531	-0.811578
0.072500	0.733037	0.078531	-0.863940
0.072500	0.680678	0.078531	-0.916301
0.072500	0.628319	0.078531	-0.968656
0.072500	0.575958	0.078531	-1.021019
0.072500	0.523597	1.000000	-1.047199
Transformovane zatizeni vlastni tihou klenby:
Px	Py	Mp
0.000000	0.227661	0.004444
0.000000	0.227661	0.004844
0.000000	0.227661	0.005231
0.000000	0.227661	0.005603
0.000000	0.227661	0.005961
0.000000	0.227661	0.006301
0.000000	0.227661	0.006625
0.000000	0.227661	0.006930
0.000000	0.227661	0.007216
0.000000	0.227661	0.007483
0.000000	0.227661	0.007729
0.000000	0.227661	0.007954
0.000000	0.227661	0.008157
0.000000	0.227661	0.008338
0.000000	0.227661	0.008496
0.000000	0.227661	0.008630
0.000000	0.227662	0.008741
0.000000	0.227661	0.008828
0.000000	0.227661	0.008891
0.000000	0.227661	0.008929
0.000000	0.227661	0.008943
0.000000	0.227661	0.008933
0.000000	0.227661	0.008897
0.000000	0.227662	0.008838
0.000000	0.227661	0.008754
0.000000	0.227661	0.008647
0.000000	0.227661	0.008515
0.000000	0.227661	0.008360
0.000000	0.227661	0.008183
0.000000	0.227661	0.007983
0.000000	0.227661	0.007761
0.000000	0.227661	0.007518
0.000000	0.227661	0.007254
0.000000	0.227661	0.006970
0.000000	0.227661	0.006667
0.000000	0.227661	0.006346
0.000000	0.227661	0.006008
0.000000	0.227661	0.005653
0.000000	0.227662	0.005282
0.000000	0.227661	0.004897
0.000000	0.000000	0.000000
Transformovane zatizeni nadnasypem:
Px	Py	Mp
0.000000	0.000000	0.000000
0.000000	0.000000	0.000000
0.000000	0.000000	0.000000
0.000000	0.000000	0.000000
0.000000	0.000000	0.000000
0.000000	0.000000	0.000000
0.000000	0.000000	0.000000
0.000000	0.000000	0.000000
0.000000	0.000000	0.000000
0.000000	0.000000	0.000000
0.000000	0.000000	0.000000
0.000000	0.000000	0.000000
0.000000	0.000000	0.000000
0.000000	0.000000	0.000000
0.000000	0.000000	0.000000
0.000000	0.000000	0.000000
0.000000	0.000000	0.000000
0.000000	0.000000	0.000000
0.000000	0.000000	0.000000
0.000000	0.000000	0.000000
0.000000	0.000000	0.000000
0.000000	0.000000	0.000000
0.000000	0.000000	0.000000
0.000000	0.000000	0.000000
0.000000	0.000000	0.000000
0.000000	0.000000	0.000000
0.000000	0.000000	0.000000
0.000000	0.000000	0.000000
0.000000	0.000000	0.000000
0.000000	0.000000	0.000000
0.000000	0.000000	0.000000
0.000000	0.000000	0.000000
0.000000	0.000000	0.000000
0.000000	0.000000	0.000000
0.000000	0.000000	0.000000
0.000000	0.000000	0.000000
0.000000	0.000000	0.000000
0.000000	0.000000	0.000000
0.000000	0.000000	0.000000
0.000000	0.000000	0.000000
0.000000	0.000000	0.000000
Transformovane zatizeni vnejsich sil:
Qx	Qy	Mq
0.000000	0.000000	0.000000
0.000000	0.000000	0.000000
0.000000	0.000000	0.000000
0.000000	0.000000	0.000000
0.000000	0.000000	0.000000
0.000000	0.000000	0.000000
0.000000	0.000000	0.000000
0.000000	0.000000	0.000000
0.000000	0.000000	0.000000
0.000000	0.000000	0.000000
0.000000	0.000000	0.000000
0.000000	0.000000	0.000000
0.000000	0.000000	0.000000
0.000000	0.000000	0.000000
0.000000	0.000000	0.000000
0.000000	0.000000	0.000000
0.000000	0.000000	0.000000
0.000000	0.000000	0.000000
0.000000	0.000000	0.000000
0.000000	0.000000	0.000000
0.000000	0.000000	0.000000
0.000000	0.000000	0.000000
0.000000	0.000000	0.000000
0.000000	0.000000	0.000000
0.000000	1.000000	0.051883
0.000000	0.000000	0.000000
0.000000	0.000000	0.000000
0.000000	0.000000	0.000000
0.000000	0.000000	0.000000
0.000000	0.000000	0.000000
0.000000	0.000000	0.000000
0.000000	0.000000	0.000000
0.000000	0.000000	0.000000
0.000000	0.000000	0.000000
0.000000	0.000000	0.000000
0.000000	0.000000	0.000000
0.000000	0.000000	0.000000
0.000000	0.000000	0.000000
0.000000	0.000000	0.000000
0.000000	0.000000	0.000000
0.000000	0.000000	0.000000

*** vysledky vypoctu ***
 icase = 0
         0 -> O.K.,
        -1 -> nelze splnit omezujici podminky,
        +1 -> cilova funkce je na polyedru neomezena.
 lambda = 4.898006
 pocet bloku N = 40
 Vektor lokalnich deformaci:
   2: fi 00 ext = 3.450270
  25: fi 12 int = 7.584895
  50: fi 24 ext = 5.683510
  71: fi 35 int = 1.548880
 Vektor indexu spary mezi bloky:
0		1		2		3		4		5		6		7		8		9		10		11		12		13		14		15		16		17		18		19		20		21		22		23		24		25		26		27		28		29		30		31		32		33		34		35		36		37		38		39		40		
 Vektor normalovych sil ve sparach (+ znaci tlak):
8.544324	8.494913	8.435106	8.366122	8.289365	8.205787	8.116541	8.022843	7.925624	7.826015	7.724596	7.623037	7.521806	7.421482	7.323308	7.227563	7.134956	7.046437	6.962075	6.881982	6.807066	6.737120	6.672768	6.613790	6.560384	7.779533	7.982132	8.185740	8.389215	8.591169	8.790859	8.987212	9.178985	9.364723	9.543361	9.713500	9.873940	10.023195	10.160095	10.283094	10.390897	
 Vektor vzdalenosti N od hornoho povrchu klenby:
0.000000	0.025136	0.047552	0.067395	0.084789	0.099836	0.112620	0.123215	0.131676	0.138047	0.142378	0.144686	0.145000	0.143347	0.139737	0.134194	0.126729	0.117358	0.106098	0.092969	0.077989	0.061181	0.042562	0.022163	0.000000	0.007207	0.034804	0.059102	0.080197	0.098182	0.113143	0.125161	0.134303	0.140629	0.144183	0.145000	0.143095	0.138470	0.131105	0.120964	0.107987	
 Vektor posouvajicich sil ve sparach:
-2.927010	-2.599800	-2.285470	-1.984138	-1.695907	-1.420725	-1.158508	-0.909069	-0.672112	-0.447311	-0.234292	-0.032529	0.158497	0.339392	0.510820	0.673501	0.828146	0.975582	1.116620	1.252073	1.382881	1.509905	1.634000	1.756137	1.877177	-2.733074	-2.538715	-2.330028	-2.106362	-1.867302	-1.612285	-1.340915	-1.052904	-0.748024	-0.426040	-0.086983	0.269164	0.642303	1.032171	1.438528	1.860874	
 Vektor d_crush:
0.004272	0.004247	0.004218	0.004183	0.004145	0.004103	0.004058	0.004011	0.003963	0.003913	0.003862	0.003812	0.003761	0.003711	0.003662	0.003614	0.003567	0.003523	0.003481	0.003441	0.003404	0.003369	0.003336	0.003307	0.003280	0.003890	0.003991	0.004093	0.004195	0.004296	0.004395	0.004494	0.004589	0.004682	0.004772	0.004857	0.004937	0.005012	0.005080	0.005142	0.005195	

 * Iterace c. 1 * Delta = 0.256433 *
 icase = 0
         0 -> O.K.,
        -1 -> nelze splnit omezujici podminky,
        +1 -> cilova funkce je na polyedru neomezena.
 lambda = 4.641573
 pocet bloku N = 40
 Vektor lokalnich deformaci:
   2: fi 00 ext = 3.248221
  25: fi 12 int = 7.187342
  50: fi 24 ext = 5.479754
  71: fi 35 int = 1.540634
 Vektor indexu spary mezi bloky:
0		1		2		3		4		5		6		7		8		9		10		11		12		13		14		15		16		17		18		19		20		21		22		23		24		25		26		27		28		29		30		31		32		33		34		35		36		37		38		39		40		
 Vektor normalovych sil ve sparach (+ znaci tlak):
8.403608	8.348712	8.283906	8.210543	8.129580	8.042217	7.949505	7.853219	7.753555	7.652054	7.549429	7.446748	7.344979	7.244712	7.146938	7.052568	6.961467	6.874699	6.792578	6.715429	6.643927	6.578055	6.517604	6.463051	6.414649	7.573155	7.768844	7.965930	8.163623	8.360266	8.555710	8.748049	8.936463	9.119494	9.296211	9.465180	9.624973	9.774410	9.912032	10.036466	10.146385	
 Vektor vzdalenosti N od hornoho povrchu klenby:
0.002100	0.026670	0.048571	0.067946	0.084914	0.099578	0.112019	0.122309	0.130504	0.136652	0.140791	0.142952	0.143165	0.141454	0.137832	0.132326	0.124958	0.115741	0.104704	0.091868	0.077254	0.060894	0.042813	0.023037	0.001603	0.008436	0.035345	0.059059	0.079657	0.097221	0.111828	0.123545	0.132440	0.138559	0.141949	0.142635	0.140634	0.135942	0.128541	0.118393	0.105436	
 Vektor posouvajicich sil ve sparach:
-2.819844	-2.500176	-2.193623	-1.900346	-1.620353	-1.353671	-1.100070	-0.859463	-0.631457	-0.415726	-0.211853	-0.019313	0.162478	0.334119	0.496281	0.649762	0.795269	0.933664	1.065737	1.192417	1.314589	1.433162	1.549038	1.663168	1.776451	-2.593564	-2.410196	-2.212838	-2.000859	-1.773729	-1.530901	-1.271992	-0.996590	-0.704465	-0.395396	-0.069327	0.273836	0.633894	1.010747	1.404163	1.813665	
 Vektor d_crush:
0.004202	0.004174	0.004142	0.004105	0.004065	0.004021	0.003975	0.003927	0.003877	0.003826	0.003775	0.003723	0.003672	0.003622	0.003573	0.003526	0.003481	0.003437	0.003396	0.003358	0.003322	0.003289	0.003259	0.003232	0.003207	0.003787	0.003884	0.003983	0.004082	0.004180	0.004278	0.004374	0.004468	0.004560	0.004648	0.004733	0.004812	0.004887	0.004956	0.005018	0.005073	

 * Iterace c. 2 * Delta = -0.000008 *
 icase = 0
         0 -> O.K.,
        -1 -> nelze splnit omezujici podminky,
        +1 -> cilova funkce je na polyedru neomezena.
 lambda = 4.641581
 pocet bloku N = 40
 Vektor lokalnich deformaci:
   2: fi 00 ext = 3.252611
  25: fi 12 int = 7.195887
  50: fi 24 ext = 5.484158
  71: fi 35 int = 1.540881
 Vektor indexu spary mezi bloky:
0		1		2		3		4		5		6		7		8		9		10		11		12		13		14		15		16		17		18		19		20		21		22		23		24		25		26		27		28		29		30		31		32		33		34		35		36		37		38		39		40		
 Vektor normalovych sil ve sparach (+ znaci tlak):
8.403632	8.348783	8.283964	8.210473	8.129558	8.042152	7.949639	7.853176	7.753335	7.651907	7.549434	7.446868	7.345080	7.244750	7.147123	7.052248	6.961240	6.874465	6.792507	6.715701	6.644170	6.577677	6.517551	6.463156	6.414896	7.573280	7.768723	7.966288	8.163285	8.360314	8.555640	8.747867	8.936320	9.119525	9.296330	9.465200	9.625021	9.774449	9.912018	10.036465	10.146367	
 Vektor vzdalenosti N od hornoho povrchu klenby:
0.002101	0.026671	0.048572	0.067945	0.084914	0.099576	0.112018	0.122308	0.130503	0.136650	0.140790	0.142952	0.143164	0.141452	0.137831	0.132330	0.124958	0.115744	0.104701	0.091862	0.077250	0.060890	0.042811	0.023036	0.001604	0.008435	0.035344	0.059059	0.079657	0.097220	0.111826	0.123544	0.132438	0.138557	0.141947	0.142634	0.140632	0.135940	0.128539	0.118391	0.105434	
 Vektor posouvajicich sil ve sparach:
-2.819867	-2.500164	-2.193607	-1.900312	-1.620359	-1.353642	-1.100090	-0.859453	-0.631464	-0.415736	-0.211859	-0.019320	0.162481	0.334102	0.496293	0.649781	0.795287	0.933660	1.065754	1.192431	1.314596	1.433176	1.549060	1.663180	1.776474	-2.593571	-2.410176	-2.212820	-2.000862	-1.773712	-1.530914	-1.271977	-0.996592	-0.704448	-0.395412	-0.069299	0.273820	0.633921	1.010757	1.404163	1.813651	
 Vektor d_crush:
0.004202	0.004174	0.004142	0.004105	0.004065	0.004021	0.003975	0.003927	0.003877	0.003826	0.003775	0.003723	0.003673	0.003622	0.003574	0.003526	0.003481	0.003437	0.003396	0.003358	0.003322	0.003289	0.003259	0.003232	0.003207	0.003787	0.003884	0.003983	0.004082	0.004180	0.004278	0.004374	0.004468	0.004560	0.004648	0.004733	0.004813	0.004887	0.004956	0.005018	0.005073	
