 icase = 0
         0 -> O.K.,
        -1 -> nelze splnit omezujici podminky,
        +1 -> cilova funkce je na polyedru neomezena.
 lambda = 5.447847
 pocet bloku N = 40
 Vektor lokalnich deformaci:
   2: fi 00 ext = 2.758852
  29: fi 14 int = 5.923372
  60: fi 29 ext = 5.471613
  79: fi 39 int = 2.307094
 Vektor indexu spary mezi bloky:
0		1		2		3		4		5		6		7		8		9		10		11		12		13		14		15		16		17		18		19		20		21		22		23		24		25		26		27		28		29		30		31		32		33		34		35		36		37		38		39		40		
 Vektor normalovych sil ve sparach (+ znaci tlak):
7.299091	7.218599	7.131211	7.038222	6.941071	6.840794	6.738576	6.635794	6.533274	6.432017	6.332871	6.237388	6.146165	6.059382	5.978530	5.903917	5.836148	5.775762	5.723079	5.678176	5.641779	5.613433	5.593727	5.582416	5.579507	5.584227	5.596598	5.616643	5.643638	5.676544	8.439025	8.726012	9.009099	9.286582	9.557189	9.819253	10.071356	10.311700	10.538883	10.751196	10.946972	
 Vektor vzdalenosti N od hornoho povrchu klenby:
0.000000	0.022808	0.043307	0.061633	0.077906	0.092226	0.104681	0.115350	0.124301	0.131591	0.137287	0.141427	0.144059	0.145238	0.145000	0.143395	0.140462	0.136248	0.130798	0.124158	0.116366	0.107473	0.097508	0.086516	0.074522	0.061549	0.047610	0.032713	0.016851	0.000000	0.002424	0.033591	0.060448	0.083243	0.102197	0.117498	0.129308	0.137761	0.142965	0.145000	0.143919	
 Vektor posouvajicich sil ve sparach:
-2.300328	-2.039141	-1.792389	-1.559973	-1.341815	-1.137687	-0.947297	-0.770258	-0.606084	-0.454261	-0.314186	-0.185155	-0.066429	0.042767	0.143309	0.236120	0.322093	0.402246	0.477569	0.549053	0.617819	0.684908	0.751311	0.818200	0.886550	0.957436	1.031845	1.110794	1.195280	1.286131	-3.333696	-3.078370	-2.801651	-2.503266	-2.182957	-1.840776	-1.476694	-1.090817	-0.683493	-0.254952	0.194212	

 * Iterace c. 1 * Delta = 0.195508 *
 icase = 0
         0 -> O.K.,
        -1 -> nelze splnit omezujici podminky,
        +1 -> cilova funkce je na polyedru neomezena.
 lambda = 5.252339
 pocet bloku N = 40
 Vektor lokalnich deformaci:
   2: fi 00 ext = 2.653635
  29: fi 14 int = 5.727398
  60: fi 29 ext = 5.357099
  79: fi 39 int = 2.283337
 Vektor indexu spary mezi bloky:
0		1		2		3		4		5		6		7		8		9		10		11		12		13		14		15		16		17		18		19		20		21		22		23		24		25		26		27		28		29		30		31		32		33		34		35		36		37		38		39		40		
 Vektor normalovych sil ve sparach (+ znaci tlak):
7.251794	7.168819	7.079095	6.984009	6.884835	6.782697	6.678890	6.574359	6.470326	6.367562	6.268013	6.171331	6.079196	5.992231	5.911345	5.836544	5.768474	5.708320	5.656152	5.612001	5.576310	5.548902	5.530382	5.520736	5.518811	5.525320	5.539817	5.561438	5.590728	5.625949	8.293187	8.574019	8.851024	9.123237	9.389025	9.646668	9.894835	10.131728	10.355916	10.565713	10.759539	
 Vektor vzdalenosti N od hornoho povrchu klenby:
0.001813	0.024261	0.044420	0.062427	0.078397	0.092434	0.104624	0.115044	0.123766	0.130849	0.136346	0.140319	0.142808	0.143859	0.143522	0.141849	0.138882	0.134660	0.129238	0.122665	0.114979	0.106232	0.096455	0.085687	0.073966	0.061299	0.047717	0.033211	0.017785	0.001406	0.003350	0.033904	0.060225	0.082553	0.101090	0.116020	0.127495	0.135647	0.140576	0.142359	0.141046	
 Vektor posouvajicich sil ve sparach:
-2.252098	-1.993451	-1.749368	-1.519727	-1.304477	-1.103345	-0.916025	-0.742172	-0.581267	-0.432765	-0.296049	-0.170451	-0.055219	0.050481	0.147502	0.236779	0.319205	0.395838	0.467635	0.535655	0.600978	0.664649	0.727728	0.791312	0.856465	0.924232	0.995608	1.071638	1.153247	1.241408	-3.211657	-2.964180	-2.695585	-2.405554	-2.094003	-1.760699	-1.405773	-1.029234	-0.631424	-0.212533	0.226915	

 * Iterace c. 2 * Delta = 0.000343 *
 icase = 0
         0 -> O.K.,
        -1 -> nelze splnit omezujici podminky,
        +1 -> cilova funkce je na polyedru neomezena.
 lambda = 5.251996
 pocet bloku N = 40
 Vektor lokalnich deformaci:
   2: fi 00 ext = 2.654861
  29: fi 14 int = 5.729645
  60: fi 29 ext = 5.358471
  79: fi 39 int = 2.283687
 Vektor indexu spary mezi bloky:
0		1		2		3		4		5		6		7		8		9		10		11		12		13		14		15		16		17		18		19		20		21		22		23		24		25		26		27		28		29		30		31		32		33		34		35		36		37		38		39		40		
 Vektor normalovych sil ve sparach (+ znaci tlak):
7.251657	7.168638	7.078954	6.983836	6.884648	6.782528	6.678595	6.574204	6.470213	6.367722	6.267552	6.171241	6.079362	5.992376	5.910655	5.836358	5.768643	5.708279	5.655813	5.611953	5.576222	5.548756	5.530281	5.520083	5.518643	5.525084	5.539508	5.561638	5.590409	5.625693	8.292792	8.573422	8.850634	9.122957	9.388690	9.646379	9.894597	10.131466	10.355567	10.565390	10.759197	
 Vektor vzdalenosti N od hornoho povrchu klenby:
0.001813	0.024259	0.044419	0.062424	0.078396	0.092429	0.104619	0.115039	0.123760	0.130840	0.136343	0.140311	0.142795	0.143846	0.143522	0.141839	0.138869	0.134653	0.129234	0.122656	0.114969	0.106220	0.096445	0.085683	0.073959	0.061298	0.047716	0.033211	0.017780	0.001406	0.003349	0.033903	0.060225	0.082552	0.101090	0.116019	0.127494	0.135646	0.140575	0.142359	0.141045	
 Vektor posouvajicich sil ve sparach:
-2.251949	-1.993359	-1.749247	-1.519643	-1.304371	-1.103245	-0.915944	-0.742094	-0.581209	-0.432709	-0.296042	-0.170450	-0.055205	0.050509	0.147502	0.236768	0.319199	0.395808	0.467605	0.535612	0.600914	0.664577	0.727654	0.791235	0.856382	0.924119	0.995508	1.071508	1.153117	1.241299	-3.211508	-2.964025	-2.695415	-2.405447	-2.093889	-1.760629	-1.405710	-1.029220	-0.631385	-0.212519	0.226891	
