 icase = 0
         0 -> O.K.,
        -1 -> nelze splnit omezujici podminky,
        +1 -> cilova funkce je na polyedru neomezena.
 lambda = 7.309733
 pocet bloku N = 40
 Vektor lokalnich deformaci:
   2: fi 00 ext = 2.898558
  31: fi 15 int = 6.006729
  66: fi 32 ext = 6.777914
  81: fi 40 int = 3.669743
 Vektor indexu spary mezi bloky:
0		1		2		3		4		5		6		7		8		9		10		11		12		13		14		15		16		17		18		19		20		21		22		23		24		25		26		27		28		29		30		31		32		33		34		35		36		37		38		39		40		
 Vektor normalovych sil ve sparach (+ znaci tlak):
6.934293	6.844165	6.748122	6.647565	6.543786	6.438249	6.331686	6.225609	6.121058	6.018777	5.919813	5.825657	5.736897	5.653664	5.577691	5.508780	5.447717	5.395229	5.351539	5.316696	5.291255	5.274665	5.268072	5.270563	5.282272	5.302256	5.330832	5.367801	5.412413	5.463603	5.521028	5.584195	5.651947	10.323697	10.689012	11.042767	11.383084	11.708165	12.016231	12.305365	12.573694	
 Vektor vzdalenosti N od hornoho povrchu klenby:
0.000000	0.021837	0.041502	0.059134	0.074851	0.088758	0.100945	0.111498	0.120492	0.127987	0.134067	0.138769	0.142157	0.144296	0.145218	0.145000	0.143674	0.141303	0.137918	0.133576	0.128319	0.122190	0.115200	0.107402	0.098797	0.089400	0.079210	0.068211	0.056389	0.043704	0.030117	0.015574	0.000000	0.009058	0.041742	0.069487	0.092658	0.111561	0.126453	0.137544	0.145000	
 Vektor posouvajicich sil ve sparach:
-2.106211	-1.864387	-1.637462	-1.425295	-1.227792	-1.044591	-0.875416	-0.719775	-0.577139	-0.446911	-0.328476	-0.221034	-0.123814	-0.035957	0.043481	0.115429	0.180882	0.240899	0.296545	0.348830	0.398955	0.448001	0.497007	0.547204	0.599595	0.655308	0.715374	0.780843	0.852778	0.931985	1.019480	1.116131	1.222672	-4.340901	-3.963779	-3.559925	-3.129464	-2.672682	-2.190075	-1.682156	-1.149704	

 * Iterace c. 1 * Delta = 0.282789 *
 icase = 0
         0 -> O.K.,
        -1 -> nelze splnit omezujici podminky,
        +1 -> cilova funkce je na polyedru neomezena.
 lambda = 7.026944
 pocet bloku N = 40
 Vektor lokalnich deformaci:
   2: fi 00 ext = 3.006380
  29: fi 14 int = 5.867485
  66: fi 32 ext = 6.458945
  81: fi 40 int = 3.597840
 Vektor indexu spary mezi bloky:
0		1		2		3		4		5		6		7		8		9		10		11		12		13		14		15		16		17		18		19		20		21		22		23		24		25		26		27		28		29		30		31		32		33		34		35		36		37		38		39		40		
 Vektor normalovych sil ve sparach (+ znaci tlak):
6.900936	6.808698	6.710842	6.608562	6.502917	6.395867	6.287657	6.180147	6.074423	5.971081	5.871391	5.776327	5.686413	5.603145	5.526079	5.457135	5.396378	5.343647	5.299876	5.265508	5.239799	5.224345	5.218487	5.221441	5.234129	5.255232	5.285083	5.323193	5.369413	5.422328	5.481589	5.546119	5.616187	10.111945	10.467990	10.813240	11.145675	11.463473	11.764850	12.048046	12.311160	
 Vektor vzdalenosti N od hornoho povrchu klenby:
0.001725	0.023229	0.042579	0.059910	0.075337	0.088966	0.100890	0.111191	0.119946	0.127224	0.133090	0.137606	0.140829	0.142812	0.143619	0.143296	0.141892	0.139469	0.136081	0.131751	0.126557	0.120502	0.113639	0.105997	0.097579	0.088405	0.078476	0.067767	0.056266	0.043927	0.030715	0.016557	0.001404	0.009616	0.041602	0.068729	0.091347	0.109751	0.124187	0.134859	0.141924	
 Vektor posouvajicich sil ve sparach:
-2.066569	-1.826534	-1.601557	-1.391428	-1.195976	-1.014938	-0.848017	-0.694735	-0.554486	-0.426792	-0.310861	-0.205961	-0.111362	-0.026141	0.050598	0.119869	0.182603	0.239903	0.292845	0.342456	0.389869	0.436240	0.482649	0.530246	0.580127	0.633337	0.690982	0.754108	0.823736	0.900748	0.986142	1.080729	1.185369	-4.160279	-3.794548	-3.402451	-2.984203	-2.540058	-2.070466	-1.575878	-1.057027	

 * Iterace c. 2 * Delta = -0.000123 *
 icase = 0
         0 -> O.K.,
        -1 -> nelze splnit omezujici podminky,
        +1 -> cilova funkce je na polyedru neomezena.
 lambda = 7.027067
 pocet bloku N = 40
 Vektor lokalnich deformaci:
   2: fi 00 ext = 3.008493
  29: fi 14 int = 5.871082
  66: fi 32 ext = 6.461969
  81: fi 40 int = 3.599380
 Vektor indexu spary mezi bloky:
0		1		2		3		4		5		6		7		8		9		10		11		12		13		14		15		16		17		18		19		20		21		22		23		24		25		26		27		28		29		30		31		32		33		34		35		36		37		38		39		40		
 Vektor normalovych sil ve sparach (+ znaci tlak):
6.901023	6.808767	6.710880	6.608507	6.503054	6.395854	6.287916	6.180290	6.074601	5.971174	5.871729	5.776350	5.686314	5.603364	5.526527	5.456974	5.396297	5.343601	5.300004	5.265472	5.240113	5.224512	5.218356	5.221408	5.233707	5.255215	5.285283	5.323664	5.369309	5.422071	5.481761	5.546176	5.616093	10.112016	10.468072	10.813307	11.145733	11.463618	11.764998	12.048193	12.311273	
 Vektor vzdalenosti N od hornoho povrchu klenby:
0.001725	0.023230	0.042581	0.059909	0.075339	0.088969	0.100894	0.111196	0.119952	0.127226	0.133093	0.137611	0.140838	0.142816	0.143618	0.143304	0.141895	0.139472	0.136078	0.131761	0.126556	0.120507	0.113641	0.105996	0.097586	0.088414	0.078478	0.067770	0.056263	0.043927	0.030713	0.016559	0.001404	0.009615	0.041601	0.068727	0.091346	0.109750	0.124186	0.134857	0.141922	
 Vektor posouvajicich sil ve sparach:
-2.066634	-1.826615	-1.601564	-1.391427	-1.196031	-1.015021	-0.848070	-0.694735	-0.554501	-0.426806	-0.310858	-0.205984	-0.111372	-0.026169	0.050595	0.119839	0.182623	0.239934	0.292838	0.342475	0.389887	0.436258	0.482705	0.530281	0.580143	0.633355	0.690998	0.754184	0.823764	0.900788	0.986170	1.080769	1.185386	-4.160312	-3.794562	-3.402469	-2.984222	-2.540075	-2.070437	-1.575891	-1.056993	
