Vstupni soubor: zlamal2_12.in
***kopie vstupniho souboru***

 2.472500
 0.713750
 1
 0.145000
 20.000000
 0.600000
 40
 1
 2.4 1.000000 0.200000
 0.500000
 0.000000
 0 30.000000
 0 0.600000 0.400000 2.400000
 1
 2 2000.000000 inter.txt
*****************************
Ortoganalni souradnice intrados a extrados:
X_int	Y_int	X_ext	Y_ext
0.000000	0.000000	-0.125574	0.072500
0.039049	0.063722	-0.082558	0.142695
0.081379	0.125313	-0.035928	0.210542
0.126875	0.184605	0.014189	0.275856
0.175412	0.241434	0.067656	0.338458
0.226856	0.295645	0.124325	0.398175
0.281067	0.347089	0.184043	0.454845
0.337896	0.395626	0.246644	0.508312
0.397187	0.441122	0.311958	0.558429
0.458778	0.483452	0.379806	0.605059
0.522501	0.522501	0.450001	0.648075
0.588179	0.558162	0.522350	0.687358
0.655634	0.590336	0.596657	0.722800
0.724680	0.618936	0.672717	0.754305
0.795129	0.643883	0.750321	0.781786
0.866786	0.665109	0.829257	0.805168
0.939456	0.682556	0.909309	0.824387
1.012940	0.696175	0.990257	0.839390
1.087036	0.705930	1.071879	0.850136
1.161541	0.711794	1.153952	0.856595
1.236250	0.713750	1.236250	0.858750
1.310960	0.711794	1.318548	0.856595
1.385464	0.705930	1.400621	0.850136
1.459560	0.696175	1.482243	0.839390
1.533044	0.682556	1.563191	0.824387
1.605714	0.665109	1.643243	0.805168
1.677372	0.643883	1.722179	0.781786
1.747820	0.618936	1.799783	0.754305
1.816866	0.590336	1.875843	0.722800
1.884321	0.558162	1.950150	0.687358
1.949999	0.522501	2.022500	0.648075
2.013722	0.483452	2.092694	0.605059
2.075313	0.441122	2.160542	0.558429
2.134604	0.395626	2.225856	0.508312
2.191433	0.347089	2.288457	0.454845
2.245644	0.295645	2.348175	0.398175
2.297088	0.241434	2.404845	0.338458
2.345625	0.184605	2.458311	0.275856
2.391121	0.125313	2.508428	0.210542
2.433451	0.063722	2.555058	0.142695
2.472500	0.000000	2.598074	0.072500
Vlastni tiha klenby - jednotlive bloky:
X_p	Y_p	P
-0.043266	0.070339	0.227661
-0.000477	0.136230	0.227661
0.045702	0.199790	0.227661
0.095145	0.260847	0.227661
0.147715	0.319232	0.227661
0.203269	0.374786	0.227661
0.261654	0.427356	0.227661
0.322711	0.476799	0.227661
0.386271	0.522978	0.227661
0.452161	0.565768	0.227661
0.520200	0.605050	0.227661
0.590202	0.640718	0.227661
0.661975	0.672673	0.227661
0.735322	0.700828	0.227661
0.810042	0.725106	0.227661
0.885929	0.745440	0.227661
0.962778	0.761775	0.227662
1.040376	0.774065	0.227661
1.118510	0.782278	0.227661
1.196967	0.786389	0.227661
1.275532	0.786389	0.227661
1.353990	0.782278	0.227661
1.432125	0.774065	0.227661
1.509722	0.761775	0.227662
1.586570	0.745440	0.227661
1.662459	0.725106	0.227661
1.737178	0.700828	0.227661
1.810525	0.672673	0.227661
1.882298	0.640718	0.227661
1.952299	0.605050	0.227661
2.020339	0.565768	0.227661
2.086229	0.522978	0.227661
2.149790	0.476799	0.227661
2.210846	0.427356	0.227661
2.269231	0.374786	0.227661
2.324785	0.319232	0.227661
2.377355	0.260846	0.227661
2.426798	0.199790	0.227661
2.472977	0.136230	0.227662
2.515766	0.070339	0.227661
Tiha nadnasypu pusobici na bloky:
P	h_ver	X_p	Y_p
0.000000	0.070195	-0.104267	0.107269
0.000000	0.067847	-0.059466	0.176294
0.000000	0.065314	-0.011114	0.242881
0.000000	0.062602	0.040657	0.306846
0.000000	0.059718	0.095706	0.368017
0.000000	0.056670	0.153882	0.426223
0.000000	0.053467	0.215026	0.481307
0.000000	0.050117	0.278971	0.533117
0.000000	0.046630	0.345543	0.581511
0.000000	0.043015	0.414559	0.626357
0.000000	0.039283	0.485833	0.667530
0.000000	0.035442	0.559168	0.704919
0.000000	0.031505	0.634365	0.738419
0.000000	0.027481	0.711218	0.767939
0.000000	0.023382	0.789517	0.793397
0.000000	0.019219	0.869048	0.814721
0.000000	0.015003	0.949591	0.831853
0.000000	0.010746	1.030926	0.844744
0.000000	0.006459	1.112828	0.853358
0.000000	0.002155	1.195071	0.857672
0.000000	-0.002155	1.277429	0.857672
0.000000	-0.006459	1.359672	0.853358
0.000000	-0.010746	1.441574	0.844744
0.000000	-0.015003	1.522909	0.831853
0.000000	-0.019219	1.603452	0.814721
0.000000	-0.023382	1.682983	0.793397
0.000000	-0.027481	1.761282	0.767939
0.000000	-0.031505	1.838135	0.738420
0.000000	-0.035442	1.913332	0.704919
0.000000	-0.039283	1.986668	0.667530
0.000000	-0.043016	2.057940	0.626357
0.000000	-0.046630	2.126957	0.581511
0.000000	-0.050117	2.193529	0.533117
0.000000	-0.053467	2.257474	0.481307
0.000000	-0.056670	2.318619	0.426223
0.000000	-0.059718	2.376793	0.368017
0.000000	-0.062602	2.431843	0.306846
0.000000	-0.065314	2.483614	0.242880
0.000000	-0.067848	2.531968	0.176292
0.000000	-0.070195	2.576767	0.107270
Vnejsi zatizeni pusobici na bloky:
X_q	Y_q	Q
-0.125574	0.072500	0.000000
-0.082558	0.142695	0.000000
-0.035928	0.210542	0.000000
0.014189	0.275856	0.000000
0.067656	0.338458	0.000000
0.124325	0.398175	0.000000
0.184043	0.454845	0.000000
0.246644	0.508312	0.000000
0.311958	0.558429	0.000000
0.379806	0.605059	0.000000
0.450001	0.648075	0.000000
0.522350	0.687358	0.000000
0.596657	0.722800	0.000000
0.672717	0.754305	0.000000
0.750321	0.781786	0.000000
0.829257	0.805168	0.000000
0.909309	0.824387	0.000000
0.990257	0.839390	0.000000
1.071879	0.850136	0.000000
1.153952	0.856595	0.000000
1.236250	0.858750	0.000000
1.318548	0.856595	0.000000
1.400621	0.850136	0.000000
1.482243	0.839390	0.000000
1.563191	0.824387	0.000000
1.643243	0.805168	0.000000
1.722179	0.781786	0.000000
1.799783	0.754305	0.000000
1.875843	0.722800	0.000000
1.950150	0.687358	0.000000
2.022500	0.648075	0.000000
2.092694	0.605059	0.000000
2.160542	0.558429	0.000000
2.225856	0.508312	0.000000
2.288457	0.454845	0.000000
2.400000	0.332876	1.000000
2.404845	0.338458	0.000000
2.458311	0.275856	0.000000
2.508428	0.210542	0.000000
2.555058	0.142695	0.000000
Ortogonalni lokalni souradnice jednotlivych bloku:
a	alfa	b	beta
0.072500	2.617995	0.078531	1.021018
0.072500	2.565635	0.078531	0.968659
0.072500	2.513275	0.078531	0.916299
0.072500	2.460915	0.078531	0.863939
0.072500	2.408555	0.078531	0.811579
0.072500	2.356195	0.078531	0.759219
0.072500	2.303835	0.078531	0.706859
0.072500	2.251475	0.078531	0.654500
0.072500	2.199115	0.078531	0.602139
0.072500	2.146756	0.078531	0.549778
0.072500	2.094395	0.078531	0.497420
0.072500	2.042036	0.078531	0.445059
0.072500	1.989676	0.078531	0.392700
0.072500	1.937316	0.078531	0.340338
0.072500	1.884957	0.078531	0.287981
0.072500	1.832596	0.078531	0.235619
0.072500	1.780236	0.078531	0.183260
0.072500	1.727876	0.078531	0.130899
0.072500	1.675516	0.078531	0.078541
0.072500	1.623156	0.078531	0.026179
0.072500	1.570796	0.078531	-0.026179
0.072500	1.518436	0.078531	-0.078540
0.072500	1.466077	0.078531	-0.130900
0.072500	1.413716	0.078531	-0.183260
0.072500	1.361356	0.078531	-0.235619
0.072500	1.308997	0.078531	-0.287979
0.072500	1.256637	0.078531	-0.340341
0.072500	1.204276	0.078531	-0.392699
0.072500	1.151917	0.078531	-0.445058
0.072500	1.099557	0.078531	-0.497421
0.072500	1.047197	0.078531	-0.549780
0.072500	0.994838	0.078531	-0.602137
0.072500	0.942477	0.078531	-0.654499
0.072500	0.890118	0.078531	-0.706859
0.072500	0.837758	0.078531	-0.759219
0.072500	0.785397	0.078531	-0.811578
0.072500	0.733037	0.078531	-0.863940
0.072500	0.680678	0.078531	-0.916301
0.072500	0.628319	0.078531	-0.968656
0.072500	0.575958	0.078531	-1.021019
0.072500	0.523597	1.000000	-1.047199
Transformovane zatizeni vlastni tihou klenby:
Px	Py	Mp
0.000000	0.227661	0.004444
0.000000	0.227661	0.004844
0.000000	0.227661	0.005231
0.000000	0.227661	0.005603
0.000000	0.227661	0.005961
0.000000	0.227661	0.006301
0.000000	0.227661	0.006625
0.000000	0.227661	0.006930
0.000000	0.227661	0.007216
0.000000	0.227661	0.007483
0.000000	0.227661	0.007729
0.000000	0.227661	0.007954
0.000000	0.227661	0.008157
0.000000	0.227661	0.008338
0.000000	0.227661	0.008496
0.000000	0.227661	0.008630
0.000000	0.227662	0.008741
0.000000	0.227661	0.008828
0.000000	0.227661	0.008891
0.000000	0.227661	0.008929
0.000000	0.227661	0.008943
0.000000	0.227661	0.008933
0.000000	0.227661	0.008897
0.000000	0.227662	0.008838
0.000000	0.227661	0.008754
0.000000	0.227661	0.008647
0.000000	0.227661	0.008515
0.000000	0.227661	0.008360
0.000000	0.227661	0.008183
0.000000	0.227661	0.007983
0.000000	0.227661	0.007761
0.000000	0.227661	0.007518
0.000000	0.227661	0.007254
0.000000	0.227661	0.006970
0.000000	0.227661	0.006667
0.000000	0.227661	0.006346
0.000000	0.227661	0.006008
0.000000	0.227661	0.005653
0.000000	0.227662	0.005282
0.000000	0.227661	0.004897
0.000000	0.000000	0.000000
Transformovane zatizeni nadnasypem:
Px	Py	Mp
0.000000	0.000000	0.000000
0.000000	0.000000	0.000000
0.000000	0.000000	0.000000
0.000000	0.000000	0.000000
0.000000	0.000000	0.000000
0.000000	0.000000	0.000000
0.000000	0.000000	0.000000
0.000000	0.000000	0.000000
0.000000	0.000000	0.000000
0.000000	0.000000	0.000000
0.000000	0.000000	0.000000
0.000000	0.000000	0.000000
0.000000	0.000000	0.000000
0.000000	0.000000	0.000000
0.000000	0.000000	0.000000
0.000000	0.000000	0.000000
0.000000	0.000000	0.000000
0.000000	0.000000	0.000000
0.000000	0.000000	0.000000
0.000000	0.000000	0.000000
0.000000	0.000000	0.000000
0.000000	0.000000	0.000000
0.000000	0.000000	0.000000
0.000000	0.000000	0.000000
0.000000	0.000000	0.000000
0.000000	0.000000	0.000000
0.000000	0.000000	0.000000
0.000000	0.000000	0.000000
0.000000	0.000000	0.000000
0.000000	0.000000	0.000000
0.000000	0.000000	0.000000
0.000000	0.000000	0.000000
0.000000	0.000000	0.000000
0.000000	0.000000	0.000000
0.000000	0.000000	0.000000
0.000000	0.000000	0.000000
0.000000	0.000000	0.000000
0.000000	0.000000	0.000000
0.000000	0.000000	0.000000
0.000000	0.000000	0.000000
0.000000	0.000000	0.000000
Transformovane zatizeni vnejsich sil:
Qx	Qy	Mq
0.000000	0.000000	0.000000
0.000000	0.000000	0.000000
0.000000	0.000000	0.000000
0.000000	0.000000	0.000000
0.000000	0.000000	0.000000
0.000000	0.000000	0.000000
0.000000	0.000000	0.000000
0.000000	0.000000	0.000000
0.000000	0.000000	0.000000
0.000000	0.000000	0.000000
0.000000	0.000000	0.000000
0.000000	0.000000	0.000000
0.000000	0.000000	0.000000
0.000000	0.000000	0.000000
0.000000	0.000000	0.000000
0.000000	0.000000	0.000000
0.000000	0.000000	0.000000
0.000000	0.000000	0.000000
0.000000	0.000000	0.000000
0.000000	0.000000	0.000000
0.000000	0.000000	0.000000
0.000000	0.000000	0.000000
0.000000	0.000000	0.000000
0.000000	0.000000	0.000000
0.000000	0.000000	0.000000
0.000000	0.000000	0.000000
0.000000	0.000000	0.000000
0.000000	0.000000	0.000000
0.000000	0.000000	0.000000
0.000000	0.000000	0.000000
0.000000	0.000000	0.000000
0.000000	0.000000	0.000000
0.000000	0.000000	0.000000
0.000000	0.000000	0.000000
0.000000	0.000000	0.000000
0.000000	1.000000	0.103091
0.000000	0.000000	0.000000
0.000000	0.000000	0.000000
0.000000	0.000000	0.000000
0.000000	0.000000	0.000000
0.000000	0.000000	0.000000

*** vysledky vypoctu ***
 icase = 0
         0 -> O.K.,
        -1 -> nelze splnit omezujici podminky,
        +1 -> cilova funkce je na polyedru neomezena.
 lambda = 21.375492
 pocet bloku N = 40
 Vektor lokalnich deformaci:
   2: fi 00 ext = 5.672404
  33: fi 16 int = 10.493377
  74: fi 36 ext = 19.946556
  81: fi 40 int = 15.125582
 Vektor indexu spary mezi bloky:
0		1		2		3		4		5		6		7		8		9		10		11		12		13		14		15		16		17		18		19		20		21		22		23		24		25		26		27		28		29		30		31		32		33		34		35		36		37		38		39		40		
 Vektor normalovych sil ve sparach (+ znaci tlak):
6.657405	6.559660	6.456701	6.349597	6.240851	6.130847	6.020806	5.911605	5.805414	5.701696	5.602401	5.509350	5.422123	5.341046	5.268755	5.203657	5.147428	5.100547	5.064119	5.036447	5.019122	5.011630	5.014658	5.027122	5.050549	5.081861	5.122581	5.172282	5.229909	5.295290	5.366585	5.444394	5.527560	5.614659	5.704634	5.796497	21.774597	22.594261	23.367184	24.090065	24.759775	
 Vektor vzdalenosti N od hornoho povrchu klenby:
0.000000	0.020940	0.039817	0.056768	0.071922	0.085381	0.097239	0.107597	0.116522	0.124093	0.130408	0.135499	0.139432	0.142301	0.144136	0.145019	0.145000	0.144120	0.142405	0.139959	0.136760	0.132888	0.128313	0.123092	0.117202	0.110652	0.103408	0.095456	0.086747	0.077244	0.066880	0.055608	0.043332	0.029975	0.015439	-0.000376	0.000000	0.045552	0.084451	0.117408	0.145000	
 Vektor posouvajicich sil ve sparach:
-1.951901	-1.724681	-1.512936	-1.316157	-1.134381	-0.967201	-0.814158	-0.674911	-0.548726	-0.435056	-0.333251	-0.242364	-0.161684	-0.090240	-0.027088	0.028802	0.078427	0.122867	0.163279	0.200677	0.236351	0.271395	0.306820	0.344022	0.383953	0.427835	0.476659	0.531508	0.593597	0.663573	0.742566	0.831572	0.931169	1.042251	1.165535	1.301459	-12.852301	-11.838282	-10.773429	-9.659691	-8.499519	
 Vektor d_crush:
0.003329	0.003280	0.003228	0.003175	0.003120	0.003065	0.003010	0.002956	0.002903	0.002851	0.002801	0.002755	0.002711	0.002671	0.002634	0.002602	0.002574	0.002550	0.002532	0.002518	0.002510	0.002506	0.002507	0.002514	0.002525	0.002541	0.002561	0.002586	0.002615	0.002648	0.002683	0.002722	0.002764	0.002807	0.002852	0.002898	0.010887	0.011297	0.011684	0.012045	0.012380	

 * Iterace c. 1 * Delta = 3.624910 *
 icase = 0
         0 -> O.K.,
        -1 -> nelze splnit omezujici podminky,
        +1 -> cilova funkce je na polyedru neomezena.
 lambda = 17.750582
 pocet bloku N = 40
 Vektor lokalnich deformaci:
   2: fi 00 ext = 3.985110
  33: fi 16 int = 7.565091
  74: fi 36 ext = 15.010620
  81: fi 40 int = 11.430638
 Vektor indexu spary mezi bloky:
0		1		2		3		4		5		6		7		8		9		10		11		12		13		14		15		16		17		18		19		20		21		22		23		24		25		26		27		28		29		30		31		32		33		34		35		36		37		38		39		40		
 Vektor normalovych sil ve sparach (+ znaci tlak):
6.556794	6.455194	6.348855	6.238950	6.127266	6.014696	5.902034	5.791077	5.683183	5.578281	5.478835	5.385030	5.297242	5.216760	5.144422	5.079978	5.025388	4.979287	4.944140	4.919322	4.904381	4.899467	4.905998	4.921603	4.947852	4.983702	5.028324	5.082796	5.145907	5.214919	5.292006	5.375162	5.463566	5.556931	5.652498	5.750549	19.041050	19.743927	20.407423	21.029234	21.606251	
 Vektor vzdalenosti N od hornoho povrchu klenby:
0.001639	0.022026	0.040394	0.056878	0.071604	0.084670	0.096197	0.106258	0.114940	0.122333	0.128492	0.133504	0.137455	0.140387	0.142368	0.143476	0.143744	0.143265	0.142049	0.140137	0.137593	0.134434	0.130659	0.126318	0.121354	0.115790	0.109597	0.102725	0.095135	0.086789	0.077604	0.067513	0.056443	0.044310	0.031007	0.016428	0.004662	0.047309	0.083624	0.114251	0.139714	
 Vektor posouvajicich sil ve sparach:
-1.877269	-1.655639	-1.449269	-1.258283	-1.082440	-0.921211	-0.774407	-0.641362	-0.521563	-0.414340	-0.318992	-0.234627	-0.160541	-0.095602	-0.039002	0.010373	0.053520	0.091615	0.125666	0.156936	0.186506	0.215564	0.245308	0.276826	0.311316	0.349968	0.393782	0.443852	0.501239	0.566987	0.641982	0.727237	0.823279	0.931236	1.051525	1.184975	-10.545441	-9.677792	-8.764980	-7.808922	-6.811400	
 Vektor d_crush:
0.003278	0.003228	0.003174	0.003119	0.003064	0.003007	0.002951	0.002896	0.002842	0.002789	0.002739	0.002693	0.002649	0.002608	0.002572	0.002540	0.002513	0.002490	0.002472	0.002460	0.002452	0.002450	0.002453	0.002461	0.002474	0.002492	0.002514	0.002541	0.002573	0.002607	0.002646	0.002688	0.002732	0.002778	0.002826	0.002875	0.009521	0.009872	0.010204	0.010515	0.010803	

 * Iterace c. 2 * Delta = 0.058485 *
 icase = 0
         0 -> O.K.,
        -1 -> nelze splnit omezujici podminky,
        +1 -> cilova funkce je na polyedru neomezena.
 lambda = 17.692097
 pocet bloku N = 40
 Vektor lokalnich deformaci:
   2: fi 00 ext = 4.148252
  33: fi 16 int = 7.846977
  74: fi 36 ext = 15.493053
  81: fi 40 int = 11.794329
 Vektor indexu spary mezi bloky:
0		1		2		3		4		5		6		7		8		9		10		11		12		13		14		15		16		17		18		19		20		21		22		23		24		25		26		27		28		29		30		31		32		33		34		35		36		37		38		39		40		
 Vektor normalovych sil ve sparach (+ znaci tlak):
6.555313	6.453547	6.347219	6.237254	6.125470	6.012991	5.900405	5.789320	5.680950	5.576517	5.476312	5.382833	5.294860	5.213789	5.142198	5.078217	5.022790	4.978243	4.942272	4.917196	4.902585	4.898153	4.903351	4.920216	4.946394	4.982172	5.028150	5.081973	5.144100	5.214792	5.291562	5.374352	5.462680	5.555638	5.651943	5.749792	18.997316	19.697964	20.360001	20.980036	21.555538	
 Vektor vzdalenosti N od hornoho povrchu klenby:
0.001639	0.022017	0.040379	0.056858	0.071576	0.084648	0.096157	0.106216	0.114898	0.122289	0.128462	0.133479	0.137427	0.140371	0.142348	0.143454	0.143744	0.143252	0.142043	0.140155	0.137628	0.134472	0.130730	0.126376	0.121432	0.115894	0.109701	0.102852	0.095282	0.086954	0.077785	0.067719	0.056659	0.044543	0.031261	0.016701	0.004749	0.047339	0.083606	0.114189	0.139611	
 Vektor posouvajicich sil ve sparach:
-1.876363	-1.654718	-1.448467	-1.257597	-1.081731	-0.920702	-0.773906	-0.641027	-0.521291	-0.414191	-0.318889	-0.234739	-0.160644	-0.095802	-0.039322	0.009959	0.053055	0.091021	0.125017	0.156140	0.185654	0.214683	0.244278	0.275751	0.310176	0.348727	0.392499	0.442443	0.499884	0.565524	0.640501	0.725600	0.821702	0.929596	1.049854	1.183258	-10.508010	-9.642723	-8.732386	-7.778857	-6.784010	
 Vektor d_crush:
0.003278	0.003227	0.003174	0.003119	0.003063	0.003006	0.002950	0.002895	0.002840	0.002788	0.002738	0.002691	0.002647	0.002607	0.002571	0.002539	0.002511	0.002489	0.002471	0.002459	0.002451	0.002449	0.002452	0.002460	0.002473	0.002491	0.002514	0.002541	0.002572	0.002607	0.002646	0.002687	0.002731	0.002778	0.002826	0.002875	0.009499	0.009849	0.010180	0.010490	0.010778	

 * Iterace c. 3 * Delta = -0.000294 *
 icase = 0
         0 -> O.K.,
        -1 -> nelze splnit omezujici podminky,
        +1 -> cilova funkce je na polyedru neomezena.
 lambda = 17.692390
 pocet bloku N = 40
 Vektor lokalnich deformaci:
   2: fi 00 ext = 4.151024
  33: fi 16 int = 7.851776
  74: fi 36 ext = 15.501292
  81: fi 40 int = 11.800540
 Vektor indexu spary mezi bloky:
0		1		2		3		4		5		6		7		8		9		10		11		12		13		14		15		16		17		18		19		20		21		22		23		24		25		26		27		28		29		30		31		32		33		34		35		36		37		38		39		40		
 Vektor normalovych sil ve sparach (+ znaci tlak):
6.555337	6.453529	6.347220	6.237527	6.125802	6.012444	5.900574	5.789213	5.681027	5.576517	5.476713	5.382989	5.295027	5.215059	5.141972	5.078091	5.023169	4.978698	4.942943	4.917151	4.902181	4.898014	4.903827	4.919969	4.946322	4.981994	5.027273	5.081365	5.144145	5.214005	5.291613	5.374749	5.462756	5.555630	5.652057	5.750492	18.997612	19.698240	20.360109	20.980293	21.555836	
 Vektor vzdalenosti N od hornoho povrchu klenby:
0.001639	0.022016	0.040381	0.056860	0.071581	0.084646	0.096167	0.106220	0.114909	0.122290	0.128454	0.133480	0.137421	0.140351	0.142356	0.143466	0.143744	0.143246	0.142042	0.140168	0.137640	0.134473	0.130727	0.126381	0.121438	0.115905	0.109707	0.102858	0.095289	0.086956	0.077784	0.067722	0.056661	0.044542	0.031261	0.016709	0.004749	0.047339	0.083606	0.114189	0.139611	
 Vektor posouvajicich sil ve sparach:
-1.876470	-1.654743	-1.448572	-1.257628	-1.081858	-0.920720	-0.774033	-0.641026	-0.521352	-0.414204	-0.318992	-0.234680	-0.160687	-0.095876	-0.039332	0.009979	0.053046	0.091035	0.125007	0.156157	0.185634	0.214636	0.244293	0.275751	0.310204	0.348743	0.392461	0.442578	0.499868	0.565568	0.640531	0.725614	0.821781	0.929594	1.049913	1.183336	-10.508178	-9.642853	-8.732533	-7.778948	-6.784142	
 Vektor d_crush:
0.003278	0.003227	0.003174	0.003119	0.003063	0.003006	0.002950	0.002895	0.002841	0.002788	0.002738	0.002691	0.002648	0.002608	0.002571	0.002539	0.002512	0.002489	0.002471	0.002459	0.002451	0.002449	0.002452	0.002460	0.002473	0.002491	0.002514	0.002541	0.002572	0.002607	0.002646	0.002687	0.002731	0.002778	0.002826	0.002875	0.009499	0.009849	0.010180	0.010490	0.010778	
