
5                             
0     0     .8               
0.8	  .01	    .8                
1.6	  .02	    .8                                    
2.4	  .01	    .8                       
3	    0	    .8                       

0                              

9                              
.3   1                    
.6   1
.9   1
1.2   1
1.5   1
1.8   1
2.1   1
2.4   1
2.7   1                                      

100000                          
     
2                             
                                     
100                                 