Vstupni soubor: zlamal1_4.in
***kopie vstupniho souboru***

 2.472500
 0.713750
 1
 0.145000
 20.000000
 0.600000
 40
 1
 0.8 1.000000 0.200000
 0.500000
 0.000000
 0 30.000000
 0 0.600000 0.400000 2.400000
 1
 1 2000.000000 inter.txt
*****************************
Ortoganalni souradnice intrados a extrados:
X_int	Y_int	X_ext	Y_ext
0.000000	0.000000	-0.125574	0.072500
0.039049	0.063722	-0.082558	0.142695
0.081379	0.125313	-0.035928	0.210542
0.126875	0.184605	0.014189	0.275856
0.175412	0.241434	0.067656	0.338458
0.226856	0.295645	0.124325	0.398175
0.281067	0.347089	0.184043	0.454845
0.337896	0.395626	0.246644	0.508312
0.397187	0.441122	0.311958	0.558429
0.458778	0.483452	0.379806	0.605059
0.522501	0.522501	0.450001	0.648075
0.588179	0.558162	0.522350	0.687358
0.655634	0.590336	0.596657	0.722800
0.724680	0.618936	0.672717	0.754305
0.795129	0.643883	0.750321	0.781786
0.866786	0.665109	0.829257	0.805168
0.939456	0.682556	0.909309	0.824387
1.012940	0.696175	0.990257	0.839390
1.087036	0.705930	1.071879	0.850136
1.161541	0.711794	1.153952	0.856595
1.236250	0.713750	1.236250	0.858750
1.310960	0.711794	1.318548	0.856595
1.385464	0.705930	1.400621	0.850136
1.459560	0.696175	1.482243	0.839390
1.533044	0.682556	1.563191	0.824387
1.605714	0.665109	1.643243	0.805168
1.677372	0.643883	1.722179	0.781786
1.747820	0.618936	1.799783	0.754305
1.816866	0.590336	1.875843	0.722800
1.884321	0.558162	1.950150	0.687358
1.949999	0.522501	2.022500	0.648075
2.013722	0.483452	2.092694	0.605059
2.075313	0.441122	2.160542	0.558429
2.134604	0.395626	2.225856	0.508312
2.191433	0.347089	2.288457	0.454845
2.245644	0.295645	2.348175	0.398175
2.297088	0.241434	2.404845	0.338458
2.345625	0.184605	2.458311	0.275856
2.391121	0.125313	2.508428	0.210542
2.433451	0.063722	2.555058	0.142695
2.472500	0.000000	2.598074	0.072500
Vlastni tiha klenby - jednotlive bloky:
X_p	Y_p	P
-0.043266	0.070339	0.227661
-0.000477	0.136230	0.227661
0.045702	0.199790	0.227661
0.095145	0.260847	0.227661
0.147715	0.319232	0.227661
0.203269	0.374786	0.227661
0.261654	0.427356	0.227661
0.322711	0.476799	0.227661
0.386271	0.522978	0.227661
0.452161	0.565768	0.227661
0.520200	0.605050	0.227661
0.590202	0.640718	0.227661
0.661975	0.672673	0.227661
0.735322	0.700828	0.227661
0.810042	0.725106	0.227661
0.885929	0.745440	0.227661
0.962778	0.761775	0.227662
1.040376	0.774065	0.227661
1.118510	0.782278	0.227661
1.196967	0.786389	0.227661
1.275532	0.786389	0.227661
1.353990	0.782278	0.227661
1.432125	0.774065	0.227661
1.509722	0.761775	0.227662
1.586570	0.745440	0.227661
1.662459	0.725106	0.227661
1.737178	0.700828	0.227661
1.810525	0.672673	0.227661
1.882298	0.640718	0.227661
1.952299	0.605050	0.227661
2.020339	0.565768	0.227661
2.086229	0.522978	0.227661
2.149790	0.476799	0.227661
2.210846	0.427356	0.227661
2.269231	0.374786	0.227661
2.324785	0.319232	0.227661
2.377355	0.260846	0.227661
2.426798	0.199790	0.227661
2.472977	0.136230	0.227662
2.515766	0.070339	0.227661
Tiha nadnasypu pusobici na bloky:
P	h_ver	X_p	Y_p
0.000000	0.070195	-0.104267	0.107269
0.000000	0.067847	-0.059466	0.176294
0.000000	0.065314	-0.011114	0.242881
0.000000	0.062602	0.040657	0.306846
0.000000	0.059718	0.095706	0.368017
0.000000	0.056670	0.153882	0.426223
0.000000	0.053467	0.215026	0.481307
0.000000	0.050117	0.278971	0.533117
0.000000	0.046630	0.345543	0.581511
0.000000	0.043015	0.414559	0.626357
0.000000	0.039283	0.485833	0.667530
0.000000	0.035442	0.559168	0.704919
0.000000	0.031505	0.634365	0.738419
0.000000	0.027481	0.711218	0.767939
0.000000	0.023382	0.789517	0.793397
0.000000	0.019219	0.869048	0.814721
0.000000	0.015003	0.949591	0.831853
0.000000	0.010746	1.030926	0.844744
0.000000	0.006459	1.112828	0.853358
0.000000	0.002155	1.195071	0.857672
0.000000	-0.002155	1.277429	0.857672
0.000000	-0.006459	1.359672	0.853358
0.000000	-0.010746	1.441574	0.844744
0.000000	-0.015003	1.522909	0.831853
0.000000	-0.019219	1.603452	0.814721
0.000000	-0.023382	1.682983	0.793397
0.000000	-0.027481	1.761282	0.767939
0.000000	-0.031505	1.838135	0.738420
0.000000	-0.035442	1.913332	0.704919
0.000000	-0.039283	1.986668	0.667530
0.000000	-0.043016	2.057940	0.626357
0.000000	-0.046630	2.126957	0.581511
0.000000	-0.050117	2.193529	0.533117
0.000000	-0.053467	2.257474	0.481307
0.000000	-0.056670	2.318619	0.426223
0.000000	-0.059718	2.376793	0.368017
0.000000	-0.062602	2.431843	0.306846
0.000000	-0.065314	2.483614	0.242880
0.000000	-0.067848	2.531968	0.176292
0.000000	-0.070195	2.576767	0.107270
Vnejsi zatizeni pusobici na bloky:
X_q	Y_q	Q
-0.125574	0.072500	0.000000
-0.082558	0.142695	0.000000
-0.035928	0.210542	0.000000
0.014189	0.275856	0.000000
0.067656	0.338458	0.000000
0.124325	0.398175	0.000000
0.184043	0.454845	0.000000
0.246644	0.508312	0.000000
0.311958	0.558429	0.000000
0.379806	0.605059	0.000000
0.450001	0.648075	0.000000
0.522350	0.687358	0.000000
0.596657	0.722800	0.000000
0.672717	0.754305	0.000000
0.800000	0.818939	1.000000
0.829257	0.805168	0.000000
0.909309	0.824387	0.000000
0.990257	0.839390	0.000000
1.071879	0.850136	0.000000
1.153952	0.856595	0.000000
1.236250	0.858750	0.000000
1.318548	0.856595	0.000000
1.400621	0.850136	0.000000
1.482243	0.839390	0.000000
1.563191	0.824387	0.000000
1.643243	0.805168	0.000000
1.722179	0.781786	0.000000
1.799783	0.754305	0.000000
1.875843	0.722800	0.000000
1.950150	0.687358	0.000000
2.022500	0.648075	0.000000
2.092694	0.605059	0.000000
2.160542	0.558429	0.000000
2.225856	0.508312	0.000000
2.288457	0.454845	0.000000
2.348175	0.398175	0.000000
2.404845	0.338458	0.000000
2.458311	0.275856	0.000000
2.508428	0.210542	0.000000
2.555058	0.142695	0.000000
Ortogonalni lokalni souradnice jednotlivych bloku:
a	alfa	b	beta
0.072500	2.617995	0.078531	1.021018
0.072500	2.565635	0.078531	0.968659
0.072500	2.513275	0.078531	0.916299
0.072500	2.460915	0.078531	0.863939
0.072500	2.408555	0.078531	0.811579
0.072500	2.356195	0.078531	0.759219
0.072500	2.303835	0.078531	0.706859
0.072500	2.251475	0.078531	0.654500
0.072500	2.199115	0.078531	0.602139
0.072500	2.146756	0.078531	0.549778
0.072500	2.094395	0.078531	0.497420
0.072500	2.042036	0.078531	0.445059
0.072500	1.989676	0.078531	0.392700
0.072500	1.937316	0.078531	0.340338
0.072500	1.884957	0.078531	0.287981
0.072500	1.832596	0.078531	0.235619
0.072500	1.780236	0.078531	0.183260
0.072500	1.727876	0.078531	0.130899
0.072500	1.675516	0.078531	0.078541
0.072500	1.623156	0.078531	0.026179
0.072500	1.570796	0.078531	-0.026179
0.072500	1.518436	0.078531	-0.078540
0.072500	1.466077	0.078531	-0.130900
0.072500	1.413716	0.078531	-0.183260
0.072500	1.361356	0.078531	-0.235619
0.072500	1.308997	0.078531	-0.287979
0.072500	1.256637	0.078531	-0.340341
0.072500	1.204276	0.078531	-0.392699
0.072500	1.151917	0.078531	-0.445058
0.072500	1.099557	0.078531	-0.497421
0.072500	1.047197	0.078531	-0.549780
0.072500	0.994838	0.078531	-0.602137
0.072500	0.942477	0.078531	-0.654499
0.072500	0.890118	0.078531	-0.706859
0.072500	0.837758	0.078531	-0.759219
0.072500	0.785397	0.078531	-0.811578
0.072500	0.733037	0.078531	-0.863940
0.072500	0.680678	0.078531	-0.916301
0.072500	0.628319	0.078531	-0.968656
0.072500	0.575958	0.078531	-1.021019
0.072500	0.523597	1.000000	-1.047199
Transformovane zatizeni vlastni tihou klenby:
Px	Py	Mp
0.000000	0.227661	0.004444
0.000000	0.227661	0.004844
0.000000	0.227661	0.005231
0.000000	0.227661	0.005603
0.000000	0.227661	0.005961
0.000000	0.227661	0.006301
0.000000	0.227661	0.006625
0.000000	0.227661	0.006930
0.000000	0.227661	0.007216
0.000000	0.227661	0.007483
0.000000	0.227661	0.007729
0.000000	0.227661	0.007954
0.000000	0.227661	0.008157
0.000000	0.227661	0.008338
0.000000	0.227661	0.008496
0.000000	0.227661	0.008630
0.000000	0.227662	0.008741
0.000000	0.227661	0.008828
0.000000	0.227661	0.008891
0.000000	0.227661	0.008929
0.000000	0.227661	0.008943
0.000000	0.227661	0.008933
0.000000	0.227661	0.008897
0.000000	0.227662	0.008838
0.000000	0.227661	0.008754
0.000000	0.227661	0.008647
0.000000	0.227661	0.008515
0.000000	0.227661	0.008360
0.000000	0.227661	0.008183
0.000000	0.227661	0.007983
0.000000	0.227661	0.007761
0.000000	0.227661	0.007518
0.000000	0.227661	0.007254
0.000000	0.227661	0.006970
0.000000	0.227661	0.006667
0.000000	0.227661	0.006346
0.000000	0.227661	0.006008
0.000000	0.227661	0.005653
0.000000	0.227662	0.005282
0.000000	0.227661	0.004897
0.000000	0.000000	0.000000
Transformovane zatizeni nadnasypem:
Px	Py	Mp
0.000000	0.000000	0.000000
0.000000	0.000000	0.000000
0.000000	0.000000	0.000000
0.000000	0.000000	0.000000
0.000000	0.000000	0.000000
0.000000	0.000000	0.000000
0.000000	0.000000	0.000000
0.000000	0.000000	0.000000
0.000000	0.000000	0.000000
0.000000	0.000000	0.000000
0.000000	0.000000	0.000000
0.000000	0.000000	0.000000
0.000000	0.000000	0.000000
0.000000	0.000000	0.000000
0.000000	0.000000	0.000000
0.000000	0.000000	0.000000
0.000000	0.000000	0.000000
0.000000	0.000000	0.000000
0.000000	0.000000	0.000000
0.000000	0.000000	0.000000
0.000000	0.000000	0.000000
0.000000	0.000000	0.000000
0.000000	0.000000	0.000000
0.000000	0.000000	0.000000
0.000000	0.000000	0.000000
0.000000	0.000000	0.000000
0.000000	0.000000	0.000000
0.000000	0.000000	0.000000
0.000000	0.000000	0.000000
0.000000	0.000000	0.000000
0.000000	0.000000	0.000000
0.000000	0.000000	0.000000
0.000000	0.000000	0.000000
0.000000	0.000000	0.000000
0.000000	0.000000	0.000000
0.000000	0.000000	0.000000
0.000000	0.000000	0.000000
0.000000	0.000000	0.000000
0.000000	0.000000	0.000000
0.000000	0.000000	0.000000
0.000000	0.000000	0.000000
Transformovane zatizeni vnejsich sil:
Qx	Qy	Mq
0.000000	0.000000	0.000000
0.000000	0.000000	0.000000
0.000000	0.000000	0.000000
0.000000	0.000000	0.000000
0.000000	0.000000	0.000000
0.000000	0.000000	0.000000
0.000000	0.000000	0.000000
0.000000	0.000000	0.000000
0.000000	0.000000	0.000000
0.000000	0.000000	0.000000
0.000000	0.000000	0.000000
0.000000	0.000000	0.000000
0.000000	0.000000	0.000000
0.000000	0.000000	0.000000
0.000000	1.000000	0.027275
0.000000	0.000000	0.000000
0.000000	0.000000	0.000000
0.000000	0.000000	0.000000
0.000000	0.000000	0.000000
0.000000	0.000000	0.000000
0.000000	0.000000	0.000000
0.000000	0.000000	0.000000
0.000000	0.000000	0.000000
0.000000	0.000000	0.000000
0.000000	0.000000	0.000000
0.000000	0.000000	0.000000
0.000000	0.000000	0.000000
0.000000	0.000000	0.000000
0.000000	0.000000	0.000000
0.000000	0.000000	0.000000
0.000000	0.000000	0.000000
0.000000	0.000000	0.000000
0.000000	0.000000	0.000000
0.000000	0.000000	0.000000
0.000000	0.000000	0.000000
0.000000	0.000000	0.000000
0.000000	0.000000	0.000000
0.000000	0.000000	0.000000
0.000000	0.000000	0.000000
0.000000	0.000000	0.000000
0.000000	0.000000	0.000000

*** vysledky vypoctu ***
 icase = 0
         0 -> O.K.,
        -1 -> nelze splnit omezujici podminky,
        +1 -> cilova funkce je na polyedru neomezena.
 lambda = 4.681918
 pocet bloku N = 40
 Vektor lokalnich deformaci:
   9: fi 04 int = 1.601044
  32: fi 15 ext = 5.230893
  57: fi 28 int = 6.878700
  82: fi 40 ext = 3.248857
 Vektor indexu spary mezi bloky:
0		1		2		3		4		5		6		7		8		9		10		11		12		13		14		15		16		17		18		19		20		21		22		23		24		25		26		27		28		29		30		31		32		33		34		35		36		37		38		39		40		
 Vektor normalovych sil ve sparach (+ znaci tlak):
10.229975	10.105911	9.967052	9.814869	9.650837	9.476326	9.292601	9.101220	8.903399	8.700411	8.493414	8.284012	8.073144	7.861739	7.651148	6.230404	6.262350	6.300700	6.345283	6.395898	6.452966	6.515970	6.585154	6.659986	6.740068	6.824846	6.913881	7.006923	7.102847	7.201022	7.300675	7.401062	7.501192	7.599910	7.696380	7.789407	7.877982	7.960865	8.037025	8.105118	8.163968	
 Vektor vzdalenosti N od hornoho povrchu klenby:
0.117920	0.128882	0.137024	0.142389	0.145000	0.144858	0.141947	0.136236	0.127678	0.116209	0.101762	0.084248	0.063576	0.039647	0.012355	0.000000	0.020777	0.040063	0.057825	0.074034	0.088659	0.101672	0.113032	0.122717	0.130695	0.136938	0.141421	0.144115	0.145000	0.144048	0.141232	0.136520	0.129877	0.121260	0.110620	0.097896	0.083019	0.065901	0.046443	0.024523	0.000000	
 Vektor posouvajicich sil ve sparach:
-1.544875	-1.131338	-0.734713	-0.355329	0.006489	0.350592	0.676877	0.985358	1.276153	1.549443	1.805501	2.044699	2.267478	2.474330	2.665868	-1.679629	-1.573941	-1.468886	-1.363527	-1.256946	-1.148145	-1.036191	-0.920179	-0.799127	-0.672162	-0.538406	-0.397019	-0.247169	-0.088069	0.080916	0.260512	0.451318	0.653861	0.868599	1.096001	1.336307	1.589809	1.856671	2.136944	2.430667	2.737672	
 Vektor d_crush:
0.005115	0.005053	0.004984	0.004907	0.004825	0.004738	0.004646	0.004551	0.004452	0.004350	0.004247	0.004142	0.004037	0.003931	0.003826	0.003115	0.003131	0.003150	0.003173	0.003198	0.003226	0.003258	0.003293	0.003330	0.003370	0.003412	0.003457	0.003503	0.003551	0.003601	0.003650	0.003701	0.003751	0.003800	0.003848	0.003895	0.003939	0.003980	0.004019	0.004053	0.004082	

 * Iterace c. 1 * Delta = 0.224661 *
 icase = 0
         0 -> O.K.,
        -1 -> nelze splnit omezujici podminky,
        +1 -> cilova funkce je na polyedru neomezena.
 lambda = 4.457256
 pocet bloku N = 40
 Vektor lokalnich deformaci:
   9: fi 04 int = 1.596473
  32: fi 15 ext = 5.152043
  57: fi 28 int = 6.721389
  82: fi 40 ext = 3.165824
 Vektor indexu spary mezi bloky:
0		1		2		3		4		5		6		7		8		9		10		11		12		13		14		15		16		17		18		19		20		21		22		23		24		25		26		27		28		29		30		31		32		33		34		35		36		37		38		39		40		
 Vektor normalovych sil ve sparach (+ znaci tlak):
10.013319	9.888044	9.748688	9.596534	9.433186	9.259876	9.078065	8.888803	8.694000	8.494764	8.291910	8.087121	7.881440	7.675869	7.471429	6.115643	6.143324	6.177616	6.218540	6.266168	6.320331	6.381025	6.448181	6.521004	6.599757	6.683549	6.772025	6.865014	6.961062	7.059673	7.160388	7.262073	7.363909	7.464868	7.563693	7.659673	7.751429	7.837925	7.917916	7.990182	8.053550	
 Vektor vzdalenosti N od hornoho povrchu klenby:
0.115215	0.126213	0.134415	0.139865	0.142587	0.142586	0.139847	0.134344	0.126031	0.114852	0.100744	0.083629	0.063424	0.040041	0.013388	0.001558	0.021653	0.040339	0.057585	0.073357	0.087620	0.100338	0.111472	0.120993	0.128861	0.135046	0.139523	0.142257	0.143224	0.142399	0.139741	0.135226	0.128815	0.120462	0.110121	0.097730	0.083219	0.066504	0.047485	0.026044	0.002041	
 Vektor posouvajicich sil ve sparach:
-1.516936	-1.114786	-0.729572	-0.361636	-0.011248	0.321480	0.636487	0.933790	1.213544	1.475965	1.721354	1.950105	2.162716	2.359690	2.541648	-1.596085	-1.496512	-1.397802	-1.298971	-1.199091	-1.097155	-0.992216	-0.883323	-0.769494	-0.649853	-0.523456	-0.389474	-0.247056	-0.095406	0.066184	0.238407	0.421902	0.617226	0.824844	1.045220	1.278649	1.525449	1.785747	2.059703	2.347275	2.648413	
 Vektor d_crush:
0.005007	0.004944	0.004874	0.004798	0.004717	0.004630	0.004539	0.004444	0.004347	0.004247	0.004146	0.004044	0.003941	0.003838	0.003736	0.003058	0.003072	0.003089	0.003109	0.003133	0.003160	0.003191	0.003224	0.003261	0.003300	0.003342	0.003386	0.003433	0.003481	0.003530	0.003580	0.003631	0.003682	0.003732	0.003782	0.003830	0.003876	0.003919	0.003959	0.003995	0.004027	

 * Iterace c. 2 * Delta = -0.004011 *
 icase = 0
         0 -> O.K.,
        -1 -> nelze splnit omezujici podminky,
        +1 -> cilova funkce je na polyedru neomezena.
 lambda = 4.461267
 pocet bloku N = 40
 Vektor lokalnich deformaci:
   9: fi 04 int = 1.596574
  32: fi 15 ext = 5.153505
  57: fi 28 int = 6.724300
  82: fi 40 ext = 3.167375
 Vektor indexu spary mezi bloky:
0		1		2		3		4		5		6		7		8		9		10		11		12		13		14		15		16		17		18		19		20		21		22		23		24		25		26		27		28		29		30		31		32		33		34		35		36		37		38		39		40		
 Vektor normalovych sil ve sparach (+ znaci tlak):
10.017127	9.891892	9.752545	9.600381	9.437032	9.263623	9.081758	8.892652	8.697743	8.498271	8.295341	8.090604	7.884804	7.678996	7.474495	6.117533	6.145567	6.179819	6.220881	6.268156	6.322549	6.383224	6.450428	6.523297	6.602001	6.685916	6.774680	6.867211	6.963400	7.061994	7.162904	7.264606	7.366349	7.467131	7.565976	7.661846	7.753609	7.840026	7.919928	7.992151	8.055439	
 Vektor vzdalenosti N od hornoho povrchu klenby:
0.115278	0.126274	0.134475	0.139922	0.142642	0.142637	0.139894	0.134386	0.126066	0.114884	0.100769	0.083645	0.063431	0.040036	0.013370	0.001529	0.021639	0.040334	0.057588	0.073369	0.087637	0.100363	0.111503	0.121025	0.128894	0.135083	0.139558	0.142293	0.143260	0.142431	0.139770	0.135251	0.128837	0.120481	0.110134	0.097738	0.083222	0.066500	0.047473	0.026025	0.002013	
 Vektor posouvajicich sil ve sparach:
-1.517296	-1.114951	-0.729548	-0.361395	-0.010796	0.322121	0.637323	0.934807	1.214761	1.477354	1.722959	1.951886	2.164662	2.361785	2.543922	-1.597526	-1.497846	-1.399016	-1.300088	-1.200096	-1.098050	-0.992990	-0.883978	-0.770034	-0.650259	-0.523756	-0.389645	-0.247074	-0.095319	0.066398	0.238754	0.422360	0.617796	0.825537	1.046039	1.279583	1.526499	1.786913	2.060972	2.348654	2.649881	
 Vektor d_crush:
0.005009	0.004946	0.004876	0.004800	0.004719	0.004632	0.004541	0.004446	0.004349	0.004249	0.004148	0.004045	0.003942	0.003839	0.003737	0.003059	0.003073	0.003090	0.003110	0.003134	0.003161	0.003192	0.003225	0.003262	0.003301	0.003343	0.003387	0.003434	0.003482	0.003531	0.003581	0.003632	0.003683	0.003734	0.003783	0.003831	0.003877	0.003920	0.003960	0.003996	0.004028	
