 icase = 0
         0 -> O.K.,
        -1 -> nelze splnit omezujici podminky,
        +1 -> cilova funkce je na polyedru neomezena.
 lambda = 7.309733
 pocet bloku N = 40
 Vektor lokalnich deformaci:
   2: fi 00 ext = 2.898558
  31: fi 15 int = 6.006729
  66: fi 32 ext = 6.777914
  81: fi 40 int = 3.669743
 Vektor indexu spary mezi bloky:
0		1		2		3		4		5		6		7		8		9		10		11		12		13		14		15		16		17		18		19		20		21		22		23		24		25		26		27		28		29		30		31		32		33		34		35		36		37		38		39		40		
 Vektor normalovych sil ve sparach (+ znaci tlak):
6.934293	6.844165	6.748122	6.647565	6.543786	6.438249	6.331686	6.225609	6.121058	6.018777	5.919813	5.825657	5.736897	5.653664	5.577691	5.508780	5.447717	5.395229	5.351539	5.316696	5.291255	5.274665	5.268072	5.270563	5.282272	5.302256	5.330832	5.367801	5.412413	5.463603	5.521028	5.584195	5.651947	10.323697	10.689012	11.042767	11.383084	11.708165	12.016231	12.305365	12.573694	
 Vektor vzdalenosti N od hornoho povrchu klenby:
0.000000	0.021837	0.041502	0.059134	0.074851	0.088758	0.100945	0.111498	0.120492	0.127987	0.134067	0.138769	0.142157	0.144296	0.145218	0.145000	0.143674	0.141303	0.137918	0.133576	0.128319	0.122190	0.115200	0.107402	0.098797	0.089400	0.079210	0.068211	0.056389	0.043704	0.030117	0.015574	0.000000	0.009058	0.041742	0.069487	0.092658	0.111561	0.126453	0.137544	0.145000	
 Vektor posouvajicich sil ve sparach:
-2.106211	-1.864387	-1.637462	-1.425295	-1.227792	-1.044591	-0.875416	-0.719775	-0.577139	-0.446911	-0.328476	-0.221034	-0.123814	-0.035957	0.043481	0.115429	0.180882	0.240899	0.296545	0.348830	0.398955	0.448001	0.497007	0.547204	0.599595	0.655308	0.715374	0.780843	0.852778	0.931985	1.019480	1.116131	1.222672	-4.340901	-3.963779	-3.559925	-3.129464	-2.672682	-2.190075	-1.682156	-1.149704	

 * Iterace c. 1 * Delta = 0.286948 *
 icase = 0
         0 -> O.K.,
        -1 -> nelze splnit omezujici podminky,
        +1 -> cilova funkce je na polyedru neomezena.
 lambda = 7.022785
 pocet bloku N = 40
 Vektor lokalnich deformaci:
   2: fi 00 ext = 3.074294
  29: fi 14 int = 5.983371
  66: fi 32 ext = 6.542451
  81: fi 40 int = 3.633373
 Vektor indexu spary mezi bloky:
0		1		2		3		4		5		6		7		8		9		10		11		12		13		14		15		16		17		18		19		20		21		22		23		24		25		26		27		28		29		30		31		32		33		34		35		36		37		38		39		40		
 Vektor normalovych sil ve sparach (+ znaci tlak):
6.900695	6.808469	6.710518	6.608209	6.502719	6.395421	6.287519	6.179799	6.073837	5.970612	5.871045	5.775570	5.686170	5.602829	5.525743	5.457014	5.396091	5.343362	5.299552	5.264901	5.239594	5.224165	5.218246	5.221068	5.233455	5.255132	5.285086	5.323320	5.369196	5.422311	5.481130	5.546251	5.615606	10.108889	10.465018	10.809988	11.142330	11.460173	11.761374	12.044449	12.307457	
 Vektor vzdalenosti N od hornoho povrchu klenby:
0.001734	0.023236	0.042583	0.059912	0.075337	0.088963	0.100886	0.111187	0.119942	0.127220	0.133085	0.137597	0.140820	0.142800	0.143606	0.143277	0.141876	0.139457	0.136066	0.131744	0.126542	0.120489	0.113630	0.105988	0.097580	0.088403	0.078477	0.067767	0.056263	0.043934	0.030721	0.016573	0.001413	0.009617	0.041590	0.068707	0.091314	0.109709	0.124136	0.134799	0.141857	
 Vektor posouvajicich sil ve sparach:
-2.066296	-1.826331	-1.601303	-1.391183	-1.195767	-1.014736	-0.847844	-0.694517	-0.554365	-0.426639	-0.310703	-0.205893	-0.111274	-0.026111	0.050656	0.119866	0.182592	0.239896	0.292782	0.342378	0.389787	0.436125	0.482532	0.530093	0.579948	0.633145	0.690793	0.753911	0.823489	0.900500	0.985870	1.080422	1.185059	-4.157320	-3.791732	-3.399852	-2.981760	-2.537815	-2.068387	-1.574004	-1.055278	

 * Iterace c. 2 * Delta = -0.003941 *
 icase = 0
         0 -> O.K.,
        -1 -> nelze splnit omezujici podminky,
        +1 -> cilova funkce je na polyedru neomezena.
 lambda = 7.026725
 pocet bloku N = 40
 Vektor lokalnich deformaci:
   2: fi 00 ext = 3.075341
  29: fi 14 int = 5.985180
  66: fi 32 ext = 6.543955
  81: fi 40 int = 3.634115
 Vektor indexu spary mezi bloky:
0		1		2		3		4		5		6		7		8		9		10		11		12		13		14		15		16		17		18		19		20		21		22		23		24		25		26		27		28		29		30		31		32		33		34		35		36		37		38		39		40		
 Vektor normalovych sil ve sparach (+ znaci tlak):
6.900880	6.808680	6.710669	6.608364	6.502947	6.395822	6.287694	6.180163	6.074167	5.970727	5.871071	5.776193	5.686356	5.603030	5.526165	5.457097	5.395932	5.343098	5.299829	5.265286	5.240146	5.224546	5.218338	5.221590	5.233989	5.255391	5.285266	5.323603	5.369440	5.422019	5.481375	5.546280	5.616009	10.111676	10.467793	10.812945	11.145542	11.463226	11.764609	12.047854	12.310949	
 Vektor vzdalenosti N od hornoho povrchu klenby:
0.001725	0.023230	0.042579	0.059908	0.075337	0.088966	0.100888	0.111191	0.119947	0.127228	0.133096	0.137611	0.140829	0.142810	0.143619	0.143295	0.141896	0.139473	0.136073	0.131760	0.126552	0.120496	0.113637	0.105997	0.097579	0.088411	0.078472	0.067767	0.056261	0.043931	0.030713	0.016565	0.001404	0.009619	0.041603	0.068730	0.091348	0.109751	0.124188	0.134858	0.141923	
 Vektor posouvajicich sil ve sparach:
-2.066573	-1.826530	-1.601514	-1.391390	-1.195940	-1.014929	-0.847986	-0.694695	-0.554470	-0.426746	-0.310822	-0.205982	-0.111367	-0.026139	0.050584	0.119858	0.182611	0.239910	0.292821	0.342423	0.389859	0.436239	0.482631	0.530231	0.580089	0.633296	0.690949	0.754080	0.823688	0.900725	0.986116	1.080652	1.185325	-4.160121	-3.794408	-3.402363	-2.984117	-2.539994	-2.070412	-1.575812	-1.056967	
