Vstupni soubor: zlamal1_5.in
***kopie vstupniho souboru***

 2.472500
 0.713750
 1
 0.145000
 20.000000
 0.600000
 40
 1
 1.0 1.000000 0.200000
 0.500000
 0.000000
 0 30.000000
 0 0.600000 0.400000 2.400000
 1
 1 2000.000000 inter.txt
*****************************
Ortoganalni souradnice intrados a extrados:
X_int	Y_int	X_ext	Y_ext
0.000000	0.000000	-0.125574	0.072500
0.039049	0.063722	-0.082558	0.142695
0.081379	0.125313	-0.035928	0.210542
0.126875	0.184605	0.014189	0.275856
0.175412	0.241434	0.067656	0.338458
0.226856	0.295645	0.124325	0.398175
0.281067	0.347089	0.184043	0.454845
0.337896	0.395626	0.246644	0.508312
0.397187	0.441122	0.311958	0.558429
0.458778	0.483452	0.379806	0.605059
0.522501	0.522501	0.450001	0.648075
0.588179	0.558162	0.522350	0.687358
0.655634	0.590336	0.596657	0.722800
0.724680	0.618936	0.672717	0.754305
0.795129	0.643883	0.750321	0.781786
0.866786	0.665109	0.829257	0.805168
0.939456	0.682556	0.909309	0.824387
1.012940	0.696175	0.990257	0.839390
1.087036	0.705930	1.071879	0.850136
1.161541	0.711794	1.153952	0.856595
1.236250	0.713750	1.236250	0.858750
1.310960	0.711794	1.318548	0.856595
1.385464	0.705930	1.400621	0.850136
1.459560	0.696175	1.482243	0.839390
1.533044	0.682556	1.563191	0.824387
1.605714	0.665109	1.643243	0.805168
1.677372	0.643883	1.722179	0.781786
1.747820	0.618936	1.799783	0.754305
1.816866	0.590336	1.875843	0.722800
1.884321	0.558162	1.950150	0.687358
1.949999	0.522501	2.022500	0.648075
2.013722	0.483452	2.092694	0.605059
2.075313	0.441122	2.160542	0.558429
2.134604	0.395626	2.225856	0.508312
2.191433	0.347089	2.288457	0.454845
2.245644	0.295645	2.348175	0.398175
2.297088	0.241434	2.404845	0.338458
2.345625	0.184605	2.458311	0.275856
2.391121	0.125313	2.508428	0.210542
2.433451	0.063722	2.555058	0.142695
2.472500	0.000000	2.598074	0.072500
Vlastni tiha klenby - jednotlive bloky:
X_p	Y_p	P
-0.043266	0.070339	0.227661
-0.000477	0.136230	0.227661
0.045702	0.199790	0.227661
0.095145	0.260847	0.227661
0.147715	0.319232	0.227661
0.203269	0.374786	0.227661
0.261654	0.427356	0.227661
0.322711	0.476799	0.227661
0.386271	0.522978	0.227661
0.452161	0.565768	0.227661
0.520200	0.605050	0.227661
0.590202	0.640718	0.227661
0.661975	0.672673	0.227661
0.735322	0.700828	0.227661
0.810042	0.725106	0.227661
0.885929	0.745440	0.227661
0.962778	0.761775	0.227662
1.040376	0.774065	0.227661
1.118510	0.782278	0.227661
1.196967	0.786389	0.227661
1.275532	0.786389	0.227661
1.353990	0.782278	0.227661
1.432125	0.774065	0.227661
1.509722	0.761775	0.227662
1.586570	0.745440	0.227661
1.662459	0.725106	0.227661
1.737178	0.700828	0.227661
1.810525	0.672673	0.227661
1.882298	0.640718	0.227661
1.952299	0.605050	0.227661
2.020339	0.565768	0.227661
2.086229	0.522978	0.227661
2.149790	0.476799	0.227661
2.210846	0.427356	0.227661
2.269231	0.374786	0.227661
2.324785	0.319232	0.227661
2.377355	0.260846	0.227661
2.426798	0.199790	0.227661
2.472977	0.136230	0.227662
2.515766	0.070339	0.227661
Tiha nadnasypu pusobici na bloky:
P	h_ver	X_p	Y_p
0.000000	0.070195	-0.104267	0.107269
0.000000	0.067847	-0.059466	0.176294
0.000000	0.065314	-0.011114	0.242881
0.000000	0.062602	0.040657	0.306846
0.000000	0.059718	0.095706	0.368017
0.000000	0.056670	0.153882	0.426223
0.000000	0.053467	0.215026	0.481307
0.000000	0.050117	0.278971	0.533117
0.000000	0.046630	0.345543	0.581511
0.000000	0.043015	0.414559	0.626357
0.000000	0.039283	0.485833	0.667530
0.000000	0.035442	0.559168	0.704919
0.000000	0.031505	0.634365	0.738419
0.000000	0.027481	0.711218	0.767939
0.000000	0.023382	0.789517	0.793397
0.000000	0.019219	0.869048	0.814721
0.000000	0.015003	0.949591	0.831853
0.000000	0.010746	1.030926	0.844744
0.000000	0.006459	1.112828	0.853358
0.000000	0.002155	1.195071	0.857672
0.000000	-0.002155	1.277429	0.857672
0.000000	-0.006459	1.359672	0.853358
0.000000	-0.010746	1.441574	0.844744
0.000000	-0.015003	1.522909	0.831853
0.000000	-0.019219	1.603452	0.814721
0.000000	-0.023382	1.682983	0.793397
0.000000	-0.027481	1.761282	0.767939
0.000000	-0.031505	1.838135	0.738420
0.000000	-0.035442	1.913332	0.704919
0.000000	-0.039283	1.986668	0.667530
0.000000	-0.043016	2.057940	0.626357
0.000000	-0.046630	2.126957	0.581511
0.000000	-0.050117	2.193529	0.533117
0.000000	-0.053467	2.257474	0.481307
0.000000	-0.056670	2.318619	0.426223
0.000000	-0.059718	2.376793	0.368017
0.000000	-0.062602	2.431843	0.306846
0.000000	-0.065314	2.483614	0.242880
0.000000	-0.067848	2.531968	0.176292
0.000000	-0.070195	2.576767	0.107270
Vnejsi zatizeni pusobici na bloky:
X_q	Y_q	Q
-0.125574	0.072500	0.000000
-0.082558	0.142695	0.000000
-0.035928	0.210542	0.000000
0.014189	0.275856	0.000000
0.067656	0.338458	0.000000
0.124325	0.398175	0.000000
0.184043	0.454845	0.000000
0.246644	0.508312	0.000000
0.311958	0.558429	0.000000
0.379806	0.605059	0.000000
0.450001	0.648075	0.000000
0.522350	0.687358	0.000000
0.596657	0.722800	0.000000
0.672717	0.754305	0.000000
0.750321	0.781786	0.000000
0.829257	0.805168	0.000000
0.909309	0.824387	0.000000
1.000000	0.929412	1.000000
1.071879	0.850136	0.000000
1.153952	0.856595	0.000000
1.236250	0.858750	0.000000
1.318548	0.856595	0.000000
1.400621	0.850136	0.000000
1.482243	0.839390	0.000000
1.563191	0.824387	0.000000
1.643243	0.805168	0.000000
1.722179	0.781786	0.000000
1.799783	0.754305	0.000000
1.875843	0.722800	0.000000
1.950150	0.687358	0.000000
2.022500	0.648075	0.000000
2.092694	0.605059	0.000000
2.160542	0.558429	0.000000
2.225856	0.508312	0.000000
2.288457	0.454845	0.000000
2.348175	0.398175	0.000000
2.404845	0.338458	0.000000
2.458311	0.275856	0.000000
2.508428	0.210542	0.000000
2.555058	0.142695	0.000000
Ortogonalni lokalni souradnice jednotlivych bloku:
a	alfa	b	beta
0.072500	2.617995	0.078531	1.021018
0.072500	2.565635	0.078531	0.968659
0.072500	2.513275	0.078531	0.916299
0.072500	2.460915	0.078531	0.863939
0.072500	2.408555	0.078531	0.811579
0.072500	2.356195	0.078531	0.759219
0.072500	2.303835	0.078531	0.706859
0.072500	2.251475	0.078531	0.654500
0.072500	2.199115	0.078531	0.602139
0.072500	2.146756	0.078531	0.549778
0.072500	2.094395	0.078531	0.497420
0.072500	2.042036	0.078531	0.445059
0.072500	1.989676	0.078531	0.392700
0.072500	1.937316	0.078531	0.340338
0.072500	1.884957	0.078531	0.287981
0.072500	1.832596	0.078531	0.235619
0.072500	1.780236	0.078531	0.183260
0.072500	1.727876	0.078531	0.130899
0.072500	1.675516	0.078531	0.078541
0.072500	1.623156	0.078531	0.026179
0.072500	1.570796	0.078531	-0.026179
0.072500	1.518436	0.078531	-0.078540
0.072500	1.466077	0.078531	-0.130900
0.072500	1.413716	0.078531	-0.183260
0.072500	1.361356	0.078531	-0.235619
0.072500	1.308997	0.078531	-0.287979
0.072500	1.256637	0.078531	-0.340341
0.072500	1.204276	0.078531	-0.392699
0.072500	1.151917	0.078531	-0.445058
0.072500	1.099557	0.078531	-0.497421
0.072500	1.047197	0.078531	-0.549780
0.072500	0.994838	0.078531	-0.602137
0.072500	0.942477	0.078531	-0.654499
0.072500	0.890118	0.078531	-0.706859
0.072500	0.837758	0.078531	-0.759219
0.072500	0.785397	0.078531	-0.811578
0.072500	0.733037	0.078531	-0.863940
0.072500	0.680678	0.078531	-0.916301
0.072500	0.628319	0.078531	-0.968656
0.072500	0.575958	0.078531	-1.021019
0.072500	0.523597	1.000000	-1.047199
Transformovane zatizeni vlastni tihou klenby:
Px	Py	Mp
0.000000	0.227661	0.004444
0.000000	0.227661	0.004844
0.000000	0.227661	0.005231
0.000000	0.227661	0.005603
0.000000	0.227661	0.005961
0.000000	0.227661	0.006301
0.000000	0.227661	0.006625
0.000000	0.227661	0.006930
0.000000	0.227661	0.007216
0.000000	0.227661	0.007483
0.000000	0.227661	0.007729
0.000000	0.227661	0.007954
0.000000	0.227661	0.008157
0.000000	0.227661	0.008338
0.000000	0.227661	0.008496
0.000000	0.227661	0.008630
0.000000	0.227662	0.008741
0.000000	0.227661	0.008828
0.000000	0.227661	0.008891
0.000000	0.227661	0.008929
0.000000	0.227661	0.008943
0.000000	0.227661	0.008933
0.000000	0.227661	0.008897
0.000000	0.227662	0.008838
0.000000	0.227661	0.008754
0.000000	0.227661	0.008647
0.000000	0.227661	0.008515
0.000000	0.227661	0.008360
0.000000	0.227661	0.008183
0.000000	0.227661	0.007983
0.000000	0.227661	0.007761
0.000000	0.227661	0.007518
0.000000	0.227661	0.007254
0.000000	0.227661	0.006970
0.000000	0.227661	0.006667
0.000000	0.227661	0.006346
0.000000	0.227661	0.006008
0.000000	0.227661	0.005653
0.000000	0.227662	0.005282
0.000000	0.227661	0.004897
0.000000	0.000000	0.000000
Transformovane zatizeni nadnasypem:
Px	Py	Mp
0.000000	0.000000	0.000000
0.000000	0.000000	0.000000
0.000000	0.000000	0.000000
0.000000	0.000000	0.000000
0.000000	0.000000	0.000000
0.000000	0.000000	0.000000
0.000000	0.000000	0.000000
0.000000	0.000000	0.000000
0.000000	0.000000	0.000000
0.000000	0.000000	0.000000
0.000000	0.000000	0.000000
0.000000	0.000000	0.000000
0.000000	0.000000	0.000000
0.000000	0.000000	0.000000
0.000000	0.000000	0.000000
0.000000	0.000000	0.000000
0.000000	0.000000	0.000000
0.000000	0.000000	0.000000
0.000000	0.000000	0.000000
0.000000	0.000000	0.000000
0.000000	0.000000	0.000000
0.000000	0.000000	0.000000
0.000000	0.000000	0.000000
0.000000	0.000000	0.000000
0.000000	0.000000	0.000000
0.000000	0.000000	0.000000
0.000000	0.000000	0.000000
0.000000	0.000000	0.000000
0.000000	0.000000	0.000000
0.000000	0.000000	0.000000
0.000000	0.000000	0.000000
0.000000	0.000000	0.000000
0.000000	0.000000	0.000000
0.000000	0.000000	0.000000
0.000000	0.000000	0.000000
0.000000	0.000000	0.000000
0.000000	0.000000	0.000000
0.000000	0.000000	0.000000
0.000000	0.000000	0.000000
0.000000	0.000000	0.000000
0.000000	0.000000	0.000000
Transformovane zatizeni vnejsich sil:
Qx	Qy	Mq
0.000000	0.000000	0.000000
0.000000	0.000000	0.000000
0.000000	0.000000	0.000000
0.000000	0.000000	0.000000
0.000000	0.000000	0.000000
0.000000	0.000000	0.000000
0.000000	0.000000	0.000000
0.000000	0.000000	0.000000
0.000000	0.000000	0.000000
0.000000	0.000000	0.000000
0.000000	0.000000	0.000000
0.000000	0.000000	0.000000
0.000000	0.000000	0.000000
0.000000	0.000000	0.000000
0.000000	0.000000	0.000000
0.000000	0.000000	0.000000
0.000000	0.000000	0.000000
0.000000	1.000000	-0.001599
0.000000	0.000000	0.000000
0.000000	0.000000	0.000000
0.000000	0.000000	0.000000
0.000000	0.000000	0.000000
0.000000	0.000000	0.000000
0.000000	0.000000	0.000000
0.000000	0.000000	0.000000
0.000000	0.000000	0.000000
0.000000	0.000000	0.000000
0.000000	0.000000	0.000000
0.000000	0.000000	0.000000
0.000000	0.000000	0.000000
0.000000	0.000000	0.000000
0.000000	0.000000	0.000000
0.000000	0.000000	0.000000
0.000000	0.000000	0.000000
0.000000	0.000000	0.000000
0.000000	0.000000	0.000000
0.000000	0.000000	0.000000
0.000000	0.000000	0.000000
0.000000	0.000000	0.000000
0.000000	0.000000	0.000000
0.000000	0.000000	0.000000

*** vysledky vypoctu ***
 icase = 0
         0 -> O.K.,
        -1 -> nelze splnit omezujici podminky,
        +1 -> cilova funkce je na polyedru neomezena.
 lambda = 5.138506
 pocet bloku N = 40
 Vektor lokalnich deformaci:
  15: fi 07 int = 1.597636
  36: fi 17 ext = 5.932830
  59: fi 29 int = 8.305346
  82: fi 40 ext = 3.970152
 Vektor indexu spary mezi bloky:
0		1		2		3		4		5		6		7		8		9		10		11		12		13		14		15		16		17		18		19		20		21		22		23		24		25		26		27		28		29		30		31		32		33		34		35		36		37		38		39		40		
 Vektor normalovych sil ve sparach (+ znaci tlak):
10.546947	10.471602	10.380468	10.274869	10.156162	10.025578	9.884300	9.733732	9.575021	9.409226	9.237552	9.061380	8.881691	8.699151	8.515183	8.330405	8.145891	7.962540	7.243711	7.332283	7.424790	7.520560	7.619868	7.721851	7.826243	7.932285	8.039575	8.147793	8.255862	8.362872	8.468190	8.571110	8.670549	8.765350	8.854715	8.937459	9.012638	9.078981	9.135530	9.181026	9.214316	
 Vektor vzdalenosti N od hornoho povrchu klenby:
0.083588	0.100688	0.114895	0.126301	0.134976	0.140967	0.144305	0.145000	0.143049	0.138433	0.131127	0.121085	0.108255	0.092582	0.073994	0.052421	0.027782	0.000000	0.017680	0.040154	0.060440	0.078540	0.094455	0.108190	0.119752	0.129141	0.136362	0.141411	0.144293	0.145000	0.143523	0.139845	0.133943	0.125785	0.115327	0.102514	0.087275	0.069522	0.049149	0.026027	0.000000	
 Vektor posouvajicich sil ve sparach:
-2.484128	-2.052715	-1.635689	-1.233435	-0.846342	-0.474618	-0.118458	0.222079	0.547025	0.856465	1.150568	1.429611	1.693915	1.943871	2.179963	2.402735	2.612732	2.810630	-2.113257	-1.958630	-1.799856	-1.636142	-1.466731	-1.290773	-1.107562	-0.916365	-0.716499	-0.507293	-0.288128	-0.058522	0.182064	0.434085	0.697888	0.973764	1.262021	1.562720	1.875993	2.201852	2.540161	2.890828	3.253510	
 Vektor d_crush:
0.005273	0.005236	0.005190	0.005137	0.005078	0.005013	0.004942	0.004867	0.004788	0.004705	0.004619	0.004531	0.004441	0.004350	0.004258	0.004165	0.004073	0.003981	0.003622	0.003666	0.003712	0.003760	0.003810	0.003861	0.003913	0.003966	0.004020	0.004074	0.004128	0.004181	0.004234	0.004286	0.004335	0.004383	0.004427	0.004469	0.004506	0.004539	0.004568	0.004591	0.004607	

 * Iterace c. 1 * Delta = 0.349800 *
 icase = 0
         0 -> O.K.,
        -1 -> nelze splnit omezujici podminky,
        +1 -> cilova funkce je na polyedru neomezena.
 lambda = 4.788707
 pocet bloku N = 40
 Vektor lokalnich deformaci:
  15: fi 07 int = 1.588914
  36: fi 17 ext = 5.774870
  59: fi 29 int = 7.992471
  82: fi 40 ext = 3.806515
 Vektor indexu spary mezi bloky:
0		1		2		3		4		5		6		7		8		9		10		11		12		13		14		15		16		17		18		19		20		21		22		23		24		25		26		27		28		29		30		31		32		33		34		35		36		37		38		39		40		
 Vektor normalovych sil ve sparach (+ znaci tlak):
10.220984	10.140600	10.045457	9.936753	9.815714	9.683870	9.542360	9.392217	9.234999	9.071705	8.903447	8.731679	8.556913	8.380456	8.203375	8.026681	7.850730	7.676693	7.004611	7.086051	7.171968	7.262037	7.355916	7.453254	7.554141	7.657042	7.762330	7.869061	7.976096	8.083348	8.189775	8.294035	8.395757	8.493766	8.586892	8.674322	8.754785	8.827232	8.890365	8.943224	8.984509	
 Vektor vzdalenosti N od hornoho povrchu klenby:
0.081562	0.098472	0.112535	0.123840	0.132457	0.138433	0.141798	0.142567	0.140736	0.136293	0.129214	0.119461	0.106995	0.091761	0.073704	0.052764	0.028882	0.001991	0.019170	0.040816	0.060402	0.077919	0.093357	0.106718	0.117990	0.127177	0.134264	0.139253	0.142139	0.142909	0.141551	0.138050	0.132378	0.124502	0.114380	0.101956	0.087163	0.069916	0.050110	0.027623	0.002304	
 Vektor posouvajicich sil ve sparach:
-2.380385	-1.966207	-1.566584	-1.181967	-0.812619	-0.458778	-0.120516	0.202116	0.509209	0.800897	1.077414	1.339056	1.586223	1.819332	2.038942	2.245576	2.439899	2.622571	-1.968136	-1.826197	-1.680494	-1.530204	-1.374453	-1.212447	-1.043391	-0.866523	-0.681118	-0.486472	-0.281945	-0.066961	0.159030	0.396456	0.645821	0.907417	1.181517	1.468334	1.767969	2.080453	2.405753	2.743776	3.094243	
 Vektor d_crush:
0.005110	0.005070	0.005023	0.004968	0.004908	0.004842	0.004771	0.004696	0.004617	0.004536	0.004452	0.004366	0.004278	0.004190	0.004102	0.004013	0.003925	0.003838	0.003502	0.003543	0.003586	0.003631	0.003678	0.003727	0.003777	0.003829	0.003881	0.003935	0.003988	0.004042	0.004095	0.004147	0.004198	0.004247	0.004293	0.004337	0.004377	0.004414	0.004445	0.004472	0.004492	

 * Iterace c. 2 * Delta = -0.010882 *
 icase = 0
         0 -> O.K.,
        -1 -> nelze splnit omezujici podminky,
        +1 -> cilova funkce je na polyedru neomezena.
 lambda = 4.799589
 pocet bloku N = 40
 Vektor lokalnich deformaci:
  15: fi 07 int = 1.589198
  36: fi 17 ext = 5.779842
  59: fi 29 int = 8.002372
  82: fi 40 ext = 3.811727
 Vektor indexu spary mezi bloky:
0		1		2		3		4		5		6		7		8		9		10		11		12		13		14		15		16		17		18		19		20		21		22		23		24		25		26		27		28		29		30		31		32		33		34		35		36		37		38		39		40		
 Vektor normalovych sil ve sparach (+ znaci tlak):
10.230984	10.150757	10.055642	9.947082	9.826185	9.694234	9.552753	9.402531	9.245263	9.081909	8.913735	8.741588	8.566717	8.390061	8.212924	8.035801	7.859779	7.685286	7.011756	7.093509	7.179639	7.269776	7.363762	7.461361	7.562017	7.665519	7.770706	7.877361	7.984837	8.091820	8.197990	8.302470	8.403946	8.501904	8.595054	8.682275	8.762663	8.834827	8.897865	8.950470	8.991563	
 Vektor vzdalenosti N od hornoho povrchu klenby:
0.081643	0.098558	0.112624	0.123931	0.132548	0.138524	0.141887	0.142652	0.140816	0.136367	0.129277	0.119517	0.107035	0.091785	0.073710	0.052750	0.028840	0.001919	0.019115	0.040788	0.060397	0.077932	0.093387	0.106759	0.118045	0.127235	0.134330	0.139323	0.142207	0.142979	0.141619	0.138112	0.132434	0.124549	0.114417	0.101983	0.087177	0.069915	0.050092	0.027586	0.002246	
 Vektor posouvajicich sil ve sparach:
-2.383375	-1.968651	-1.568502	-1.183369	-0.813479	-0.459090	-0.120266	0.202896	0.510542	0.802756	1.079829	1.342003	1.589690	1.823310	2.043411	2.250553	2.445323	2.628460	-1.972617	-1.830312	-1.684214	-1.533497	-1.377341	-1.214924	-1.045443	-0.868132	-0.682283	-0.487191	-0.282247	-0.066836	0.159589	0.397501	0.647289	0.909324	1.183839	1.471091	1.771119	2.084011	2.409725	2.748129	3.098940	
 Vektor d_crush:
0.005115	0.005075	0.005028	0.004974	0.004913	0.004847	0.004776	0.004701	0.004623	0.004541	0.004457	0.004371	0.004283	0.004195	0.004106	0.004018	0.003930	0.003843	0.003506	0.003547	0.003590	0.003635	0.003682	0.003731	0.003781	0.003833	0.003885	0.003939	0.003992	0.004046	0.004099	0.004151	0.004202	0.004251	0.004298	0.004341	0.004381	0.004417	0.004449	0.004475	0.004496	

 * Iterace c. 3 * Delta = 0.000331 *
 icase = 0
         0 -> O.K.,
        -1 -> nelze splnit omezujici podminky,
        +1 -> cilova funkce je na polyedru neomezena.
 lambda = 4.799258
 pocet bloku N = 40
 Vektor lokalnich deformaci:
  15: fi 07 int = 1.589216
  36: fi 17 ext = 5.779788
  59: fi 29 int = 8.002204
  82: fi 40 ext = 3.811632
 Vektor indexu spary mezi bloky:
0		1		2		3		4		5		6		7		8		9		10		11		12		13		14		15		16		17		18		19		20		21		22		23		24		25		26		27		28		29		30		31		32		33		34		35		36		37		38		39		40		
 Vektor normalovych sil ve sparach (+ znaci tlak):
10.230696	10.150463	10.055389	9.946763	9.825826	9.694033	9.552417	9.402361	9.245030	9.081540	8.913479	8.741202	8.566599	8.390031	8.212882	8.035521	7.859597	7.684999	7.011533	7.093213	7.179424	7.269579	7.363757	7.461180	7.561911	7.665195	7.770505	7.877174	7.984418	8.091730	8.197721	8.302332	8.403845	8.501789	8.594838	8.682131	8.762418	8.834659	8.897615	8.950288	8.991363	
 Vektor vzdalenosti N od hornoho povrchu klenby:
0.081640	0.098555	0.112621	0.123928	0.132546	0.138521	0.141885	0.142649	0.140815	0.136367	0.129277	0.119515	0.107035	0.091786	0.073711	0.052753	0.028844	0.001921	0.019119	0.040792	0.060397	0.077933	0.093392	0.106762	0.118044	0.127236	0.134329	0.139322	0.142207	0.142977	0.141620	0.138110	0.132433	0.124549	0.114418	0.101983	0.087176	0.069915	0.050093	0.027588	0.002248	
 Vektor posouvajicich sil ve sparach:
-2.383309	-1.968575	-1.568485	-1.183335	-0.813497	-0.459097	-0.120296	0.202851	0.510474	0.802690	1.079744	1.341909	1.589569	1.823182	2.043265	2.250375	2.445160	2.628281	-1.972496	-1.830170	-1.684103	-1.533393	-1.377259	-1.214842	-1.045382	-0.868098	-0.682266	-0.487180	-0.282248	-0.066819	0.159605	0.397473	0.647261	0.909261	1.183787	1.471010	1.771054	2.083924	2.409618	2.747995	3.098830	
 Vektor d_crush:
0.005115	0.005075	0.005028	0.004973	0.004913	0.004847	0.004776	0.004701	0.004623	0.004541	0.004457	0.004371	0.004283	0.004195	0.004106	0.004018	0.003930	0.003842	0.003506	0.003547	0.003590	0.003635	0.003682	0.003731	0.003781	0.003833	0.003885	0.003939	0.003992	0.004046	0.004099	0.004151	0.004202	0.004251	0.004297	0.004341	0.004381	0.004417	0.004449	0.004475	0.004496	
