Vstupni soubor: zlamal1_1.in
***kopie vstupniho souboru***

 2.472500
 0.713750
 1
 0.145000
 20.000000
 0.600000
 40
 1
 0.2 1.000000 0.200000
 0.500000
 0.000000
 0 30.000000
 0 0.600000 0.400000 2.400000
 1
 1 2000.000000 inter.txt
*****************************
Ortoganalni souradnice intrados a extrados:
X_int	Y_int	X_ext	Y_ext
0.000000	0.000000	-0.125574	0.072500
0.039049	0.063722	-0.082558	0.142695
0.081379	0.125313	-0.035928	0.210542
0.126875	0.184605	0.014189	0.275856
0.175412	0.241434	0.067656	0.338458
0.226856	0.295645	0.124325	0.398175
0.281067	0.347089	0.184043	0.454845
0.337896	0.395626	0.246644	0.508312
0.397187	0.441122	0.311958	0.558429
0.458778	0.483452	0.379806	0.605059
0.522501	0.522501	0.450001	0.648075
0.588179	0.558162	0.522350	0.687358
0.655634	0.590336	0.596657	0.722800
0.724680	0.618936	0.672717	0.754305
0.795129	0.643883	0.750321	0.781786
0.866786	0.665109	0.829257	0.805168
0.939456	0.682556	0.909309	0.824387
1.012940	0.696175	0.990257	0.839390
1.087036	0.705930	1.071879	0.850136
1.161541	0.711794	1.153952	0.856595
1.236250	0.713750	1.236250	0.858750
1.310960	0.711794	1.318548	0.856595
1.385464	0.705930	1.400621	0.850136
1.459560	0.696175	1.482243	0.839390
1.533044	0.682556	1.563191	0.824387
1.605714	0.665109	1.643243	0.805168
1.677372	0.643883	1.722179	0.781786
1.747820	0.618936	1.799783	0.754305
1.816866	0.590336	1.875843	0.722800
1.884321	0.558162	1.950150	0.687358
1.949999	0.522501	2.022500	0.648075
2.013722	0.483452	2.092694	0.605059
2.075313	0.441122	2.160542	0.558429
2.134604	0.395626	2.225856	0.508312
2.191433	0.347089	2.288457	0.454845
2.245644	0.295645	2.348175	0.398175
2.297088	0.241434	2.404845	0.338458
2.345625	0.184605	2.458311	0.275856
2.391121	0.125313	2.508428	0.210542
2.433451	0.063722	2.555058	0.142695
2.472500	0.000000	2.598074	0.072500
Vlastni tiha klenby - jednotlive bloky:
X_p	Y_p	P
-0.043266	0.070339	0.227661
-0.000477	0.136230	0.227661
0.045702	0.199790	0.227661
0.095145	0.260847	0.227661
0.147715	0.319232	0.227661
0.203269	0.374786	0.227661
0.261654	0.427356	0.227661
0.322711	0.476799	0.227661
0.386271	0.522978	0.227661
0.452161	0.565768	0.227661
0.520200	0.605050	0.227661
0.590202	0.640718	0.227661
0.661975	0.672673	0.227661
0.735322	0.700828	0.227661
0.810042	0.725106	0.227661
0.885929	0.745440	0.227661
0.962778	0.761775	0.227662
1.040376	0.774065	0.227661
1.118510	0.782278	0.227661
1.196967	0.786389	0.227661
1.275532	0.786389	0.227661
1.353990	0.782278	0.227661
1.432125	0.774065	0.227661
1.509722	0.761775	0.227662
1.586570	0.745440	0.227661
1.662459	0.725106	0.227661
1.737178	0.700828	0.227661
1.810525	0.672673	0.227661
1.882298	0.640718	0.227661
1.952299	0.605050	0.227661
2.020339	0.565768	0.227661
2.086229	0.522978	0.227661
2.149790	0.476799	0.227661
2.210846	0.427356	0.227661
2.269231	0.374786	0.227661
2.324785	0.319232	0.227661
2.377355	0.260846	0.227661
2.426798	0.199790	0.227661
2.472977	0.136230	0.227662
2.515766	0.070339	0.227661
Tiha nadnasypu pusobici na bloky:
P	h_ver	X_p	Y_p
0.000000	0.070195	-0.104267	0.107269
0.000000	0.067847	-0.059466	0.176294
0.000000	0.065314	-0.011114	0.242881
0.000000	0.062602	0.040657	0.306846
0.000000	0.059718	0.095706	0.368017
0.000000	0.056670	0.153882	0.426223
0.000000	0.053467	0.215026	0.481307
0.000000	0.050117	0.278971	0.533117
0.000000	0.046630	0.345543	0.581511
0.000000	0.043015	0.414559	0.626357
0.000000	0.039283	0.485833	0.667530
0.000000	0.035442	0.559168	0.704919
0.000000	0.031505	0.634365	0.738419
0.000000	0.027481	0.711218	0.767939
0.000000	0.023382	0.789517	0.793397
0.000000	0.019219	0.869048	0.814721
0.000000	0.015003	0.949591	0.831853
0.000000	0.010746	1.030926	0.844744
0.000000	0.006459	1.112828	0.853358
0.000000	0.002155	1.195071	0.857672
0.000000	-0.002155	1.277429	0.857672
0.000000	-0.006459	1.359672	0.853358
0.000000	-0.010746	1.441574	0.844744
0.000000	-0.015003	1.522909	0.831853
0.000000	-0.019219	1.603452	0.814721
0.000000	-0.023382	1.682983	0.793397
0.000000	-0.027481	1.761282	0.767939
0.000000	-0.031505	1.838135	0.738420
0.000000	-0.035442	1.913332	0.704919
0.000000	-0.039283	1.986668	0.667530
0.000000	-0.043016	2.057940	0.626357
0.000000	-0.046630	2.126957	0.581511
0.000000	-0.050117	2.193529	0.533117
0.000000	-0.053467	2.257474	0.481307
0.000000	-0.056670	2.318619	0.426223
0.000000	-0.059718	2.376793	0.368017
0.000000	-0.062602	2.431843	0.306846
0.000000	-0.065314	2.483614	0.242880
0.000000	-0.067848	2.531968	0.176292
0.000000	-0.070195	2.576767	0.107270
Vnejsi zatizeni pusobici na bloky:
X_q	Y_q	Q
-0.125574	0.072500	0.000000
-0.082558	0.142695	0.000000
-0.035928	0.210542	0.000000
0.014189	0.275856	0.000000
0.067656	0.338458	0.000000
0.124325	0.398175	0.000000
0.200000	0.664601	1.000000
0.246644	0.508312	0.000000
0.311958	0.558429	0.000000
0.379806	0.605059	0.000000
0.450001	0.648075	0.000000
0.522350	0.687358	0.000000
0.596657	0.722800	0.000000
0.672717	0.754305	0.000000
0.750321	0.781786	0.000000
0.829257	0.805168	0.000000
0.909309	0.824387	0.000000
0.990257	0.839390	0.000000
1.071879	0.850136	0.000000
1.153952	0.856595	0.000000
1.236250	0.858750	0.000000
1.318548	0.856595	0.000000
1.400621	0.850136	0.000000
1.482243	0.839390	0.000000
1.563191	0.824387	0.000000
1.643243	0.805168	0.000000
1.722179	0.781786	0.000000
1.799783	0.754305	0.000000
1.875843	0.722800	0.000000
1.950150	0.687358	0.000000
2.022500	0.648075	0.000000
2.092694	0.605059	0.000000
2.160542	0.558429	0.000000
2.225856	0.508312	0.000000
2.288457	0.454845	0.000000
2.348175	0.398175	0.000000
2.404845	0.338458	0.000000
2.458311	0.275856	0.000000
2.508428	0.210542	0.000000
2.555058	0.142695	0.000000
Ortogonalni lokalni souradnice jednotlivych bloku:
a	alfa	b	beta
0.072500	2.617995	0.078531	1.021018
0.072500	2.565635	0.078531	0.968659
0.072500	2.513275	0.078531	0.916299
0.072500	2.460915	0.078531	0.863939
0.072500	2.408555	0.078531	0.811579
0.072500	2.356195	0.078531	0.759219
0.072500	2.303835	0.078531	0.706859
0.072500	2.251475	0.078531	0.654500
0.072500	2.199115	0.078531	0.602139
0.072500	2.146756	0.078531	0.549778
0.072500	2.094395	0.078531	0.497420
0.072500	2.042036	0.078531	0.445059
0.072500	1.989676	0.078531	0.392700
0.072500	1.937316	0.078531	0.340338
0.072500	1.884957	0.078531	0.287981
0.072500	1.832596	0.078531	0.235619
0.072500	1.780236	0.078531	0.183260
0.072500	1.727876	0.078531	0.130899
0.072500	1.675516	0.078531	0.078541
0.072500	1.623156	0.078531	0.026179
0.072500	1.570796	0.078531	-0.026179
0.072500	1.518436	0.078531	-0.078540
0.072500	1.466077	0.078531	-0.130900
0.072500	1.413716	0.078531	-0.183260
0.072500	1.361356	0.078531	-0.235619
0.072500	1.308997	0.078531	-0.287979
0.072500	1.256637	0.078531	-0.340341
0.072500	1.204276	0.078531	-0.392699
0.072500	1.151917	0.078531	-0.445058
0.072500	1.099557	0.078531	-0.497421
0.072500	1.047197	0.078531	-0.549780
0.072500	0.994838	0.078531	-0.602137
0.072500	0.942477	0.078531	-0.654499
0.072500	0.890118	0.078531	-0.706859
0.072500	0.837758	0.078531	-0.759219
0.072500	0.785397	0.078531	-0.811578
0.072500	0.733037	0.078531	-0.863940
0.072500	0.680678	0.078531	-0.916301
0.072500	0.628319	0.078531	-0.968656
0.072500	0.575958	0.078531	-1.021019
0.072500	0.523597	1.000000	-1.047199
Transformovane zatizeni vlastni tihou klenby:
Px	Py	Mp
0.000000	0.227661	0.004444
0.000000	0.227661	0.004844
0.000000	0.227661	0.005231
0.000000	0.227661	0.005603
0.000000	0.227661	0.005961
0.000000	0.227661	0.006301
0.000000	0.227661	0.006625
0.000000	0.227661	0.006930
0.000000	0.227661	0.007216
0.000000	0.227661	0.007483
0.000000	0.227661	0.007729
0.000000	0.227661	0.007954
0.000000	0.227661	0.008157
0.000000	0.227661	0.008338
0.000000	0.227661	0.008496
0.000000	0.227661	0.008630
0.000000	0.227662	0.008741
0.000000	0.227661	0.008828
0.000000	0.227661	0.008891
0.000000	0.227661	0.008929
0.000000	0.227661	0.008943
0.000000	0.227661	0.008933
0.000000	0.227661	0.008897
0.000000	0.227662	0.008838
0.000000	0.227661	0.008754
0.000000	0.227661	0.008647
0.000000	0.227661	0.008515
0.000000	0.227661	0.008360
0.000000	0.227661	0.008183
0.000000	0.227661	0.007983
0.000000	0.227661	0.007761
0.000000	0.227661	0.007518
0.000000	0.227661	0.007254
0.000000	0.227661	0.006970
0.000000	0.227661	0.006667
0.000000	0.227661	0.006346
0.000000	0.227661	0.006008
0.000000	0.227661	0.005653
0.000000	0.227662	0.005282
0.000000	0.227661	0.004897
0.000000	0.000000	0.000000
Transformovane zatizeni nadnasypem:
Px	Py	Mp
0.000000	0.000000	0.000000
0.000000	0.000000	0.000000
0.000000	0.000000	0.000000
0.000000	0.000000	0.000000
0.000000	0.000000	0.000000
0.000000	0.000000	0.000000
0.000000	0.000000	0.000000
0.000000	0.000000	0.000000
0.000000	0.000000	0.000000
0.000000	0.000000	0.000000
0.000000	0.000000	0.000000
0.000000	0.000000	0.000000
0.000000	0.000000	0.000000
0.000000	0.000000	0.000000
0.000000	0.000000	0.000000
0.000000	0.000000	0.000000
0.000000	0.000000	0.000000
0.000000	0.000000	0.000000
0.000000	0.000000	0.000000
0.000000	0.000000	0.000000
0.000000	0.000000	0.000000
0.000000	0.000000	0.000000
0.000000	0.000000	0.000000
0.000000	0.000000	0.000000
0.000000	0.000000	0.000000
0.000000	0.000000	0.000000
0.000000	0.000000	0.000000
0.000000	0.000000	0.000000
0.000000	0.000000	0.000000
0.000000	0.000000	0.000000
0.000000	0.000000	0.000000
0.000000	0.000000	0.000000
0.000000	0.000000	0.000000
0.000000	0.000000	0.000000
0.000000	0.000000	0.000000
0.000000	0.000000	0.000000
0.000000	0.000000	0.000000
0.000000	0.000000	0.000000
0.000000	0.000000	0.000000
0.000000	0.000000	0.000000
0.000000	0.000000	0.000000
Transformovane zatizeni vnejsich sil:
Qx	Qy	Mq
0.000000	0.000000	0.000000
0.000000	0.000000	0.000000
0.000000	0.000000	0.000000
0.000000	0.000000	0.000000
0.000000	0.000000	0.000000
0.000000	0.000000	0.000000
0.000000	1.000000	-0.032555
0.000000	0.000000	0.000000
0.000000	0.000000	0.000000
0.000000	0.000000	0.000000
0.000000	0.000000	0.000000
0.000000	0.000000	0.000000
0.000000	0.000000	0.000000
0.000000	0.000000	0.000000
0.000000	0.000000	0.000000
0.000000	0.000000	0.000000
0.000000	0.000000	0.000000
0.000000	0.000000	0.000000
0.000000	0.000000	0.000000
0.000000	0.000000	0.000000
0.000000	0.000000	0.000000
0.000000	0.000000	0.000000
0.000000	0.000000	0.000000
0.000000	0.000000	0.000000
0.000000	0.000000	0.000000
0.000000	0.000000	0.000000
0.000000	0.000000	0.000000
0.000000	0.000000	0.000000
0.000000	0.000000	0.000000
0.000000	0.000000	0.000000
0.000000	0.000000	0.000000
0.000000	0.000000	0.000000
0.000000	0.000000	0.000000
0.000000	0.000000	0.000000
0.000000	0.000000	0.000000
0.000000	0.000000	0.000000
0.000000	0.000000	0.000000
0.000000	0.000000	0.000000
0.000000	0.000000	0.000000
0.000000	0.000000	0.000000
0.000000	0.000000	0.000000

*** vysledky vypoctu ***
 icase = 0
         0 -> O.K.,
        -1 -> nelze splnit omezujici podminky,
        +1 -> cilova funkce je na polyedru neomezena.
 lambda = 9.158882
 pocet bloku N = 40
 Vektor lokalnich deformaci:
   1: fi 00 int = 5.000002
  16: fi 07 ext = 8.384995
  51: fi 25 int = 6.778130
  82: fi 40 ext = 3.393136
 Vektor indexu spary mezi bloky:
0		1		2		3		4		5		6		7		8		9		10		11		12		13		14		15		16		17		18		19		20		21		22		23		24		25		26		27		28		29		30		31		32		33		34		35		36		37		38		39		40		
 Vektor normalovych sil ve sparach (+ znaci tlak):
14.176798	13.851893	13.501942	13.128983	12.735071	12.322220	11.892380	5.683888	5.606809	5.533575	5.465048	5.402367	5.346131	5.296871	5.255471	5.222207	5.197648	5.182333	5.176313	5.179584	5.192635	5.215088	5.247268	5.288748	5.339258	5.398302	5.465555	5.540728	5.622838	5.711226	5.805188	5.903981	6.006613	6.111923	6.219080	6.326843	6.434171	6.539756	6.642501	6.741004	6.834007	
 Vektor vzdalenosti N od hornoho povrchu klenby:
0.145000	0.132544	0.116079	0.095354	0.070064	0.039835	0.004218	0.000000	0.015464	0.029830	0.043187	0.055603	0.067135	0.077836	0.087742	0.096881	0.105267	0.112907	0.119799	0.125928	0.131270	0.135803	0.139480	0.142271	0.144127	0.145000	0.144839	0.143589	0.141199	0.137614	0.132776	0.126624	0.119096	0.110126	0.099643	0.087569	0.073821	0.058301	0.040908	0.021519	0.000000	
 Vektor posouvajicich sil ve sparach:
2.189095	2.804080	3.391360	3.950088	4.479451	4.978848	5.447729	-1.232049	-1.117069	-1.013025	-0.919197	-0.834758	-0.758850	-0.690565	-0.628924	-0.572906	-0.521505	-0.473614	-0.428153	-0.384030	-0.340080	-0.295195	-0.248278	-0.198166	-0.143792	-0.084070	-0.017962	0.055568	0.137517	0.228738	0.330160	0.442602	0.566806	0.703447	0.853198	1.016520	1.193916	1.385756	1.592300	1.813784	2.050243	
 Vektor d_crush:
0.007088	0.006926	0.006751	0.006564	0.006368	0.006161	0.005946	0.002842	0.002803	0.002767	0.002733	0.002701	0.002673	0.002648	0.002628	0.002611	0.002599	0.002591	0.002588	0.002590	0.002596	0.002608	0.002624	0.002644	0.002670	0.002699	0.002733	0.002770	0.002811	0.002856	0.002903	0.002952	0.003003	0.003056	0.003110	0.003163	0.003217	0.003270	0.003321	0.003371	0.003417	

 * Iterace c. 1 * Delta = 0.400643 *
 icase = 0
         0 -> O.K.,
        -1 -> nelze splnit omezujici podminky,
        +1 -> cilova funkce je na polyedru neomezena.
 lambda = 8.758239
 pocet bloku N = 40
 Vektor lokalnich deformaci:
   1: fi 00 int = 4.924434
  16: fi 07 ext = 8.237471
  51: fi 25 int = 6.611022
  82: fi 40 ext = 3.297983
 Vektor indexu spary mezi bloky:
0		1		2		3		4		5		6		7		8		9		10		11		12		13		14		15		16		17		18		19		20		21		22		23		24		25		26		27		28		29		30		31		32		33		34		35		36		37		38		39		40		
 Vektor normalovych sil ve sparach (+ znaci tlak):
13.814095	13.498092	13.157993	12.795855	12.413727	12.013486	11.597086	5.654907	5.576112	5.501488	5.431514	5.367438	5.309870	5.259571	5.217061	5.182773	5.157587	5.141481	5.134535	5.137432	5.150173	5.172438	5.204358	5.245765	5.296256	5.355585	5.423343	5.498827	5.581389	5.670575	5.765347	5.864881	5.968540	6.074923	6.183259	6.292345	6.401125	6.508199	6.612452	6.712568	6.807289	
 Vektor vzdalenosti N od hornoho povrchu klenby:
0.141456	0.129530	0.113636	0.093533	0.068926	0.039458	0.004697	0.001421	0.016531	0.030568	0.043604	0.055720	0.066975	0.077418	0.087090	0.096022	0.104230	0.111719	0.118489	0.124528	0.129807	0.134305	0.137981	0.140797	0.142704	0.143650	0.143583	0.142456	0.140207	0.136777	0.132109	0.126143	0.118813	0.110055	0.099794	0.087953	0.074448	0.059183	0.042052	0.022939	0.001708	
 Vektor posouvajicich sil ve sparach:
2.028725	2.624918	3.193929	3.734910	4.247149	4.730037	5.183111	-1.200405	-1.086982	-0.984600	-0.892493	-0.809856	-0.735802	-0.669440	-0.609778	-0.555805	-0.506479	-0.460721	-0.417420	-0.375471	-0.333745	-0.291107	-0.246410	-0.198551	-0.146414	-0.088932	-0.025052	0.046299	0.126030	0.215113	0.314427	0.424803	0.546985	0.681669	0.829498	0.990991	1.166623	1.356757	1.561695	1.781619	2.016673	
 Vektor d_crush:
0.006907	0.006749	0.006579	0.006398	0.006207	0.006007	0.005799	0.002827	0.002788	0.002751	0.002716	0.002684	0.002655	0.002630	0.002609	0.002591	0.002579	0.002571	0.002567	0.002569	0.002575	0.002586	0.002602	0.002623	0.002648	0.002678	0.002712	0.002749	0.002791	0.002835	0.002883	0.002932	0.002984	0.003037	0.003092	0.003146	0.003201	0.003254	0.003306	0.003356	0.003404	

 * Iterace c. 2 * Delta = -0.006994 *
 icase = 0
         0 -> O.K.,
        -1 -> nelze splnit omezujici podminky,
        +1 -> cilova funkce je na polyedru neomezena.
 lambda = 8.765233
 pocet bloku N = 40
 Vektor lokalnich deformaci:
   1: fi 00 int = 4.926338
  16: fi 07 ext = 8.240774
  51: fi 25 int = 6.614248
  82: fi 40 ext = 3.299812
 Vektor indexu spary mezi bloky:
0		1		2		3		4		5		6		7		8		9		10		11		12		13		14		15		16		17		18		19		20		21		22		23		24		25		26		27		28		29		30		31		32		33		34		35		36		37		38		39		40		
 Vektor normalovych sil ve sparach (+ znaci tlak):
13.820247	13.504037	13.163796	12.801399	12.419085	12.018527	11.601863	5.655067	5.576268	5.501569	5.431593	5.367751	5.310141	5.259806	5.217218	5.183048	5.157788	5.141587	5.134901	5.137839	5.150317	5.172667	5.204573	5.245865	5.296609	5.355851	5.423633	5.499023	5.581574	5.670711	5.765593	5.865167	5.968776	6.075110	6.183579	6.292615	6.401279	6.508397	6.612630	6.712746	6.807446	
 Vektor vzdalenosti N od hornoho povrchu klenby:
0.141546	0.129609	0.113702	0.093586	0.068964	0.039479	0.004701	0.001414	0.016527	0.030563	0.043602	0.055720	0.066977	0.077423	0.087098	0.096028	0.104240	0.111729	0.118498	0.124539	0.129818	0.134316	0.137993	0.140808	0.142714	0.143661	0.143595	0.142466	0.140216	0.136785	0.132114	0.126147	0.118819	0.110059	0.099796	0.087954	0.074447	0.059181	0.042049	0.022934	0.001702	
 Vektor posouvajicich sil ve sparach:
2.031978	2.628503	3.197828	3.739115	4.251634	4.734797	5.188097	-1.200594	-1.087172	-0.984758	-0.892647	-0.809994	-0.735936	-0.669563	-0.609885	-0.555913	-0.506563	-0.460795	-0.417489	-0.375519	-0.333784	-0.291133	-0.246419	-0.198550	-0.146416	-0.088916	-0.025001	0.046345	0.126086	0.215193	0.314514	0.424896	0.547096	0.681795	0.829628	0.991124	1.166777	1.356905	1.561853	1.781794	2.016849	
 Vektor d_crush:
0.006910	0.006752	0.006582	0.006401	0.006210	0.006009	0.005801	0.002828	0.002788	0.002751	0.002716	0.002684	0.002655	0.002630	0.002609	0.002592	0.002579	0.002571	0.002567	0.002569	0.002575	0.002586	0.002602	0.002623	0.002648	0.002678	0.002712	0.002750	0.002791	0.002835	0.002883	0.002933	0.002984	0.003038	0.003092	0.003146	0.003201	0.003254	0.003306	0.003356	0.003404	
