 icase = 0
         0 -> O.K.,
        -1 -> nelze splnit omezujici podminky,
        +1 -> cilova funkce je na polyedru neomezena.
 lambda = 5.447847
 pocet bloku N = 40
 Vektor lokalnich deformaci:
   2: fi 00 ext = 2.758852
  29: fi 14 int = 5.923372
  60: fi 29 ext = 5.471613
  79: fi 39 int = 2.307094
 Vektor indexu spary mezi bloky:
0		1		2		3		4		5		6		7		8		9		10		11		12		13		14		15		16		17		18		19		20		21		22		23		24		25		26		27		28		29		30		31		32		33		34		35		36		37		38		39		40		
 Vektor normalovych sil ve sparach (+ znaci tlak):
7.299091	7.218599	7.131211	7.038222	6.941071	6.840794	6.738576	6.635794	6.533274	6.432017	6.332871	6.237388	6.146165	6.059382	5.978530	5.903917	5.836148	5.775762	5.723079	5.678176	5.641779	5.613433	5.593727	5.582416	5.579507	5.584227	5.596598	5.616643	5.643638	5.676544	8.439025	8.726012	9.009099	9.286582	9.557189	9.819253	10.071356	10.311700	10.538883	10.751196	10.946972	
 Vektor vzdalenosti N od hornoho povrchu klenby:
0.000000	0.022808	0.043307	0.061633	0.077906	0.092226	0.104681	0.115350	0.124301	0.131591	0.137287	0.141427	0.144059	0.145238	0.145000	0.143395	0.140462	0.136248	0.130798	0.124158	0.116366	0.107473	0.097508	0.086516	0.074522	0.061549	0.047610	0.032713	0.016851	0.000000	0.002424	0.033591	0.060448	0.083243	0.102197	0.117498	0.129308	0.137761	0.142965	0.145000	0.143919	
 Vektor posouvajicich sil ve sparach:
-2.300328	-2.039141	-1.792389	-1.559973	-1.341815	-1.137687	-0.947297	-0.770258	-0.606084	-0.454261	-0.314186	-0.185155	-0.066429	0.042767	0.143309	0.236120	0.322093	0.402246	0.477569	0.549053	0.617819	0.684908	0.751311	0.818200	0.886550	0.957436	1.031845	1.110794	1.195280	1.286131	-3.333696	-3.078370	-2.801651	-2.503266	-2.182957	-1.840776	-1.476694	-1.090817	-0.683493	-0.254952	0.194212	

 * Iterace c. 1 * Delta = 0.197847 *
 icase = 0
         0 -> O.K.,
        -1 -> nelze splnit omezujici podminky,
        +1 -> cilova funkce je na polyedru neomezena.
 lambda = 5.250000
 pocet bloku N = 40
 Vektor lokalnich deformaci:
   2: fi 00 ext = 2.705690
  29: fi 14 int = 5.824308
  60: fi 29 ext = 5.413803
  79: fi 39 int = 2.295184
 Vektor indexu spary mezi bloky:
0		1		2		3		4		5		6		7		8		9		10		11		12		13		14		15		16		17		18		19		20		21		22		23		24		25		26		27		28		29		30		31		32		33		34		35		36		37		38		39		40		
 Vektor normalovych sil ve sparach (+ znaci tlak):
7.251348	7.168326	7.078593	6.983511	6.884332	6.782183	6.678135	6.573699	6.469709	6.367363	6.267408	6.170948	6.078911	5.991779	5.910693	5.835725	5.768291	5.707856	5.655469	5.611425	5.575404	5.548670	5.529786	5.519866	5.518257	5.524724	5.539155	5.560972	5.589944	5.625632	8.291629	8.572268	8.849365	9.121416	9.387247	9.644809	9.892786	10.129713	10.353843	10.563590	10.757349	
 Vektor vzdalenosti N od hornoho povrchu klenby:
0.001825	0.024269	0.044426	0.062429	0.078398	0.092431	0.104618	0.115038	0.123754	0.130833	0.136335	0.140300	0.142788	0.143845	0.143505	0.141831	0.138858	0.134643	0.129222	0.122648	0.114968	0.106214	0.096442	0.085682	0.073956	0.061295	0.047718	0.033213	0.017789	0.001419	0.003355	0.033900	0.060216	0.082535	0.101066	0.115990	0.127461	0.135608	0.140533	0.142312	0.140995	
 Vektor posouvajicich sil ve sparach:
-2.251626	-1.993037	-1.748968	-1.519367	-1.304165	-1.103040	-0.915768	-0.741920	-0.581048	-0.432583	-0.295908	-0.170329	-0.055130	0.050535	0.147546	0.236773	0.319178	0.395761	0.467536	0.535529	0.600801	0.664431	0.727504	0.791056	0.856171	0.923894	0.995257	1.071272	1.152885	1.240976	-3.210112	-2.962702	-2.694150	-2.404268	-2.092785	-1.759596	-1.404756	-1.028352	-0.630641	-0.211851	0.227458	

 * Iterace c. 2 * Delta = -0.002211 *
 icase = 0
         0 -> O.K.,
        -1 -> nelze splnit omezujici podminky,
        +1 -> cilova funkce je na polyedru neomezena.
 lambda = 5.252211
 pocet bloku N = 40
 Vektor lokalnich deformaci:
   2: fi 00 ext = 2.706338
  29: fi 14 int = 5.825525
  60: fi 29 ext = 5.414562
  79: fi 39 int = 2.295376
 Vektor indexu spary mezi bloky:
0		1		2		3		4		5		6		7		8		9		10		11		12		13		14		15		16		17		18		19		20		21		22		23		24		25		26		27		28		29		30		31		32		33		34		35		36		37		38		39		40		
 Vektor normalovych sil ve sparach (+ znaci tlak):
7.251770	7.168718	7.079007	6.983996	6.884806	6.782566	6.678680	6.574363	6.470252	6.367534	6.268173	6.171510	6.078986	5.992304	5.911109	5.836555	5.768788	5.708065	5.656174	5.611775	5.576382	5.549074	5.530189	5.520315	5.518699	5.525203	5.539936	5.561692	5.590515	5.625915	8.292961	8.573876	8.851027	9.123171	9.388890	9.646651	9.894744	10.131721	10.355819	10.565582	10.759417	
 Vektor vzdalenosti N od hornoho povrchu klenby:
0.001813	0.024259	0.044419	0.062427	0.078397	0.092433	0.104621	0.115044	0.123764	0.130848	0.136344	0.140315	0.142809	0.143859	0.143522	0.141845	0.138877	0.134663	0.129239	0.122666	0.114977	0.106229	0.096455	0.085690	0.073962	0.061305	0.047718	0.033218	0.017783	0.001406	0.003349	0.033906	0.060229	0.082554	0.101091	0.116019	0.127495	0.135647	0.140576	0.142359	0.141045	
 Vektor posouvajicich sil ve sparach:
-2.252049	-1.993443	-1.749329	-1.519737	-1.304467	-1.103345	-0.916029	-0.742145	-0.581261	-0.432775	-0.296074	-0.170462	-0.055239	0.050493	0.147506	0.236785	0.319205	0.395816	0.467628	0.535638	0.600948	0.664618	0.727695	0.791291	0.856433	0.924197	0.995573	1.071577	1.153210	1.241374	-3.211604	-2.964117	-2.695486	-2.405536	-2.093949	-1.760684	-1.405719	-1.029217	-0.631385	-0.212502	0.226937	
