Vstupni soubor: zlamal1_7.in
***kopie vstupniho souboru***

 2.472500
 0.713750
 1
 0.145000
 20.000000
 0.600000
 40
 1
 1.4 1.000000 0.200000
 0.500000
 0.000000
 0 30.000000
 0 0.600000 0.400000 2.400000
 1
 1 2000.000000 inter.txt
*****************************
Ortoganalni souradnice intrados a extrados:
X_int	Y_int	X_ext	Y_ext
0.000000	0.000000	-0.125574	0.072500
0.039049	0.063722	-0.082558	0.142695
0.081379	0.125313	-0.035928	0.210542
0.126875	0.184605	0.014189	0.275856
0.175412	0.241434	0.067656	0.338458
0.226856	0.295645	0.124325	0.398175
0.281067	0.347089	0.184043	0.454845
0.337896	0.395626	0.246644	0.508312
0.397187	0.441122	0.311958	0.558429
0.458778	0.483452	0.379806	0.605059
0.522501	0.522501	0.450001	0.648075
0.588179	0.558162	0.522350	0.687358
0.655634	0.590336	0.596657	0.722800
0.724680	0.618936	0.672717	0.754305
0.795129	0.643883	0.750321	0.781786
0.866786	0.665109	0.829257	0.805168
0.939456	0.682556	0.909309	0.824387
1.012940	0.696175	0.990257	0.839390
1.087036	0.705930	1.071879	0.850136
1.161541	0.711794	1.153952	0.856595
1.236250	0.713750	1.236250	0.858750
1.310960	0.711794	1.318548	0.856595
1.385464	0.705930	1.400621	0.850136
1.459560	0.696175	1.482243	0.839390
1.533044	0.682556	1.563191	0.824387
1.605714	0.665109	1.643243	0.805168
1.677372	0.643883	1.722179	0.781786
1.747820	0.618936	1.799783	0.754305
1.816866	0.590336	1.875843	0.722800
1.884321	0.558162	1.950150	0.687358
1.949999	0.522501	2.022500	0.648075
2.013722	0.483452	2.092694	0.605059
2.075313	0.441122	2.160542	0.558429
2.134604	0.395626	2.225856	0.508312
2.191433	0.347089	2.288457	0.454845
2.245644	0.295645	2.348175	0.398175
2.297088	0.241434	2.404845	0.338458
2.345625	0.184605	2.458311	0.275856
2.391121	0.125313	2.508428	0.210542
2.433451	0.063722	2.555058	0.142695
2.472500	0.000000	2.598074	0.072500
Vlastni tiha klenby - jednotlive bloky:
X_p	Y_p	P
-0.043266	0.070339	0.227661
-0.000477	0.136230	0.227661
0.045702	0.199790	0.227661
0.095145	0.260847	0.227661
0.147715	0.319232	0.227661
0.203269	0.374786	0.227661
0.261654	0.427356	0.227661
0.322711	0.476799	0.227661
0.386271	0.522978	0.227661
0.452161	0.565768	0.227661
0.520200	0.605050	0.227661
0.590202	0.640718	0.227661
0.661975	0.672673	0.227661
0.735322	0.700828	0.227661
0.810042	0.725106	0.227661
0.885929	0.745440	0.227661
0.962778	0.761775	0.227662
1.040376	0.774065	0.227661
1.118510	0.782278	0.227661
1.196967	0.786389	0.227661
1.275532	0.786389	0.227661
1.353990	0.782278	0.227661
1.432125	0.774065	0.227661
1.509722	0.761775	0.227662
1.586570	0.745440	0.227661
1.662459	0.725106	0.227661
1.737178	0.700828	0.227661
1.810525	0.672673	0.227661
1.882298	0.640718	0.227661
1.952299	0.605050	0.227661
2.020339	0.565768	0.227661
2.086229	0.522978	0.227661
2.149790	0.476799	0.227661
2.210846	0.427356	0.227661
2.269231	0.374786	0.227661
2.324785	0.319232	0.227661
2.377355	0.260846	0.227661
2.426798	0.199790	0.227661
2.472977	0.136230	0.227662
2.515766	0.070339	0.227661
Tiha nadnasypu pusobici na bloky:
P	h_ver	X_p	Y_p
0.000000	0.070195	-0.104267	0.107269
0.000000	0.067847	-0.059466	0.176294
0.000000	0.065314	-0.011114	0.242881
0.000000	0.062602	0.040657	0.306846
0.000000	0.059718	0.095706	0.368017
0.000000	0.056670	0.153882	0.426223
0.000000	0.053467	0.215026	0.481307
0.000000	0.050117	0.278971	0.533117
0.000000	0.046630	0.345543	0.581511
0.000000	0.043015	0.414559	0.626357
0.000000	0.039283	0.485833	0.667530
0.000000	0.035442	0.559168	0.704919
0.000000	0.031505	0.634365	0.738419
0.000000	0.027481	0.711218	0.767939
0.000000	0.023382	0.789517	0.793397
0.000000	0.019219	0.869048	0.814721
0.000000	0.015003	0.949591	0.831853
0.000000	0.010746	1.030926	0.844744
0.000000	0.006459	1.112828	0.853358
0.000000	0.002155	1.195071	0.857672
0.000000	-0.002155	1.277429	0.857672
0.000000	-0.006459	1.359672	0.853358
0.000000	-0.010746	1.441574	0.844744
0.000000	-0.015003	1.522909	0.831853
0.000000	-0.019219	1.603452	0.814721
0.000000	-0.023382	1.682983	0.793397
0.000000	-0.027481	1.761282	0.767939
0.000000	-0.031505	1.838135	0.738420
0.000000	-0.035442	1.913332	0.704919
0.000000	-0.039283	1.986668	0.667530
0.000000	-0.043016	2.057940	0.626357
0.000000	-0.046630	2.126957	0.581511
0.000000	-0.050117	2.193529	0.533117
0.000000	-0.053467	2.257474	0.481307
0.000000	-0.056670	2.318619	0.426223
0.000000	-0.059718	2.376793	0.368017
0.000000	-0.062602	2.431843	0.306846
0.000000	-0.065314	2.483614	0.242880
0.000000	-0.067848	2.531968	0.176292
0.000000	-0.070195	2.576767	0.107270
Vnejsi zatizeni pusobici na bloky:
X_q	Y_q	Q
-0.125574	0.072500	0.000000
-0.082558	0.142695	0.000000
-0.035928	0.210542	0.000000
0.014189	0.275856	0.000000
0.067656	0.338458	0.000000
0.124325	0.398175	0.000000
0.184043	0.454845	0.000000
0.246644	0.508312	0.000000
0.311958	0.558429	0.000000
0.379806	0.605059	0.000000
0.450001	0.648075	0.000000
0.522350	0.687358	0.000000
0.596657	0.722800	0.000000
0.672717	0.754305	0.000000
0.750321	0.781786	0.000000
0.829257	0.805168	0.000000
0.909309	0.824387	0.000000
0.990257	0.839390	0.000000
1.071879	0.850136	0.000000
1.153952	0.856595	0.000000
1.236250	0.858750	0.000000
1.400000	0.850087	1.000000
1.400621	0.850136	0.000000
1.482243	0.839390	0.000000
1.563191	0.824387	0.000000
1.643243	0.805168	0.000000
1.722179	0.781786	0.000000
1.799783	0.754305	0.000000
1.875843	0.722800	0.000000
1.950150	0.687358	0.000000
2.022500	0.648075	0.000000
2.092694	0.605059	0.000000
2.160542	0.558429	0.000000
2.225856	0.508312	0.000000
2.288457	0.454845	0.000000
2.348175	0.398175	0.000000
2.404845	0.338458	0.000000
2.458311	0.275856	0.000000
2.508428	0.210542	0.000000
2.555058	0.142695	0.000000
Ortogonalni lokalni souradnice jednotlivych bloku:
a	alfa	b	beta
0.072500	2.617995	0.078531	1.021018
0.072500	2.565635	0.078531	0.968659
0.072500	2.513275	0.078531	0.916299
0.072500	2.460915	0.078531	0.863939
0.072500	2.408555	0.078531	0.811579
0.072500	2.356195	0.078531	0.759219
0.072500	2.303835	0.078531	0.706859
0.072500	2.251475	0.078531	0.654500
0.072500	2.199115	0.078531	0.602139
0.072500	2.146756	0.078531	0.549778
0.072500	2.094395	0.078531	0.497420
0.072500	2.042036	0.078531	0.445059
0.072500	1.989676	0.078531	0.392700
0.072500	1.937316	0.078531	0.340338
0.072500	1.884957	0.078531	0.287981
0.072500	1.832596	0.078531	0.235619
0.072500	1.780236	0.078531	0.183260
0.072500	1.727876	0.078531	0.130899
0.072500	1.675516	0.078531	0.078541
0.072500	1.623156	0.078531	0.026179
0.072500	1.570796	0.078531	-0.026179
0.072500	1.518436	0.078531	-0.078540
0.072500	1.466077	0.078531	-0.130900
0.072500	1.413716	0.078531	-0.183260
0.072500	1.361356	0.078531	-0.235619
0.072500	1.308997	0.078531	-0.287979
0.072500	1.256637	0.078531	-0.340341
0.072500	1.204276	0.078531	-0.392699
0.072500	1.151917	0.078531	-0.445058
0.072500	1.099557	0.078531	-0.497421
0.072500	1.047197	0.078531	-0.549780
0.072500	0.994838	0.078531	-0.602137
0.072500	0.942477	0.078531	-0.654499
0.072500	0.890118	0.078531	-0.706859
0.072500	0.837758	0.078531	-0.759219
0.072500	0.785397	0.078531	-0.811578
0.072500	0.733037	0.078531	-0.863940
0.072500	0.680678	0.078531	-0.916301
0.072500	0.628319	0.078531	-0.968656
0.072500	0.575958	0.078531	-1.021019
0.072500	0.523597	1.000000	-1.047199
Transformovane zatizeni vlastni tihou klenby:
Px	Py	Mp
0.000000	0.227661	0.004444
0.000000	0.227661	0.004844
0.000000	0.227661	0.005231
0.000000	0.227661	0.005603
0.000000	0.227661	0.005961
0.000000	0.227661	0.006301
0.000000	0.227661	0.006625
0.000000	0.227661	0.006930
0.000000	0.227661	0.007216
0.000000	0.227661	0.007483
0.000000	0.227661	0.007729
0.000000	0.227661	0.007954
0.000000	0.227661	0.008157
0.000000	0.227661	0.008338
0.000000	0.227661	0.008496
0.000000	0.227661	0.008630
0.000000	0.227662	0.008741
0.000000	0.227661	0.008828
0.000000	0.227661	0.008891
0.000000	0.227661	0.008929
0.000000	0.227661	0.008943
0.000000	0.227661	0.008933
0.000000	0.227661	0.008897
0.000000	0.227662	0.008838
0.000000	0.227661	0.008754
0.000000	0.227661	0.008647
0.000000	0.227661	0.008515
0.000000	0.227661	0.008360
0.000000	0.227661	0.008183
0.000000	0.227661	0.007983
0.000000	0.227661	0.007761
0.000000	0.227661	0.007518
0.000000	0.227661	0.007254
0.000000	0.227661	0.006970
0.000000	0.227661	0.006667
0.000000	0.227661	0.006346
0.000000	0.227661	0.006008
0.000000	0.227661	0.005653
0.000000	0.227662	0.005282
0.000000	0.227661	0.004897
0.000000	0.000000	0.000000
Transformovane zatizeni nadnasypem:
Px	Py	Mp
0.000000	0.000000	0.000000
0.000000	0.000000	0.000000
0.000000	0.000000	0.000000
0.000000	0.000000	0.000000
0.000000	0.000000	0.000000
0.000000	0.000000	0.000000
0.000000	0.000000	0.000000
0.000000	0.000000	0.000000
0.000000	0.000000	0.000000
0.000000	0.000000	0.000000
0.000000	0.000000	0.000000
0.000000	0.000000	0.000000
0.000000	0.000000	0.000000
0.000000	0.000000	0.000000
0.000000	0.000000	0.000000
0.000000	0.000000	0.000000
0.000000	0.000000	0.000000
0.000000	0.000000	0.000000
0.000000	0.000000	0.000000
0.000000	0.000000	0.000000
0.000000	0.000000	0.000000
0.000000	0.000000	0.000000
0.000000	0.000000	0.000000
0.000000	0.000000	0.000000
0.000000	0.000000	0.000000
0.000000	0.000000	0.000000
0.000000	0.000000	0.000000
0.000000	0.000000	0.000000
0.000000	0.000000	0.000000
0.000000	0.000000	0.000000
0.000000	0.000000	0.000000
0.000000	0.000000	0.000000
0.000000	0.000000	0.000000
0.000000	0.000000	0.000000
0.000000	0.000000	0.000000
0.000000	0.000000	0.000000
0.000000	0.000000	0.000000
0.000000	0.000000	0.000000
0.000000	0.000000	0.000000
0.000000	0.000000	0.000000
0.000000	0.000000	0.000000
Transformovane zatizeni vnejsich sil:
Qx	Qy	Mq
0.000000	0.000000	0.000000
0.000000	0.000000	0.000000
0.000000	0.000000	0.000000
0.000000	0.000000	0.000000
0.000000	0.000000	0.000000
0.000000	0.000000	0.000000
0.000000	0.000000	0.000000
0.000000	0.000000	0.000000
0.000000	0.000000	0.000000
0.000000	0.000000	0.000000
0.000000	0.000000	0.000000
0.000000	0.000000	0.000000
0.000000	0.000000	0.000000
0.000000	0.000000	0.000000
0.000000	0.000000	0.000000
0.000000	0.000000	0.000000
0.000000	0.000000	0.000000
0.000000	0.000000	0.000000
0.000000	0.000000	0.000000
0.000000	0.000000	0.000000
0.000000	0.000000	0.000000
0.000000	1.000000	0.085246
0.000000	0.000000	0.000000
0.000000	0.000000	0.000000
0.000000	0.000000	0.000000
0.000000	0.000000	0.000000
0.000000	0.000000	0.000000
0.000000	0.000000	0.000000
0.000000	0.000000	0.000000
0.000000	0.000000	0.000000
0.000000	0.000000	0.000000
0.000000	0.000000	0.000000
0.000000	0.000000	0.000000
0.000000	0.000000	0.000000
0.000000	0.000000	0.000000
0.000000	0.000000	0.000000
0.000000	0.000000	0.000000
0.000000	0.000000	0.000000
0.000000	0.000000	0.000000
0.000000	0.000000	0.000000
0.000000	0.000000	0.000000

*** vysledky vypoctu ***
 icase = 0
         0 -> O.K.,
        -1 -> nelze splnit omezujici podminky,
        +1 -> cilova funkce je na polyedru neomezena.
 lambda = 5.456656
 pocet bloku N = 40
 Vektor lokalnich deformaci:
   2: fi 00 ext = 4.226660
  23: fi 11 int = 9.174533
  46: fi 22 ext = 6.434566
  65: fi 32 int = 1.486694
 Vektor indexu spary mezi bloky:
0		1		2		3		4		5		6		7		8		9		10		11		12		13		14		15		16		17		18		19		20		21		22		23		24		25		26		27		28		29		30		31		32		33		34		35		36		37		38		39		40		
 Vektor normalovych sil ve sparach (+ znaci tlak):
9.762985	9.742867	9.708911	9.662340	9.604332	9.536040	9.458289	9.372463	9.279550	9.180233	9.075704	8.967192	8.855310	8.740786	8.624677	8.507436	8.389903	8.272924	8.156703	8.041585	7.928512	7.817197	8.279084	8.456215	8.633752	8.810716	8.986570	9.160713	9.331837	9.499099	9.661545	9.818201	9.968060	10.109711	10.242261	10.364321	10.474932	10.572700	10.656583	10.725265	10.777484	
 Vektor vzdalenosti N od hornoho povrchu klenby:
0.000000	0.026642	0.050244	0.070968	0.088950	0.104300	0.117109	0.127447	0.135370	0.140917	0.144123	0.145000	0.143558	0.139803	0.133725	0.125320	0.114565	0.101446	0.085942	0.068027	0.047677	0.024865	0.000000	0.027659	0.052199	0.073705	0.092254	0.107918	0.120766	0.130854	0.138231	0.142938	0.145000	0.144437	0.141250	0.135428	0.126942	0.115746	0.101773	0.084933	0.065113	
 Vektor posouvajicich sil ve sparach:
-3.518357	-3.126549	-2.746204	-2.377568	-2.020966	-1.676505	-1.344331	-1.024404	-0.716658	-0.420944	-0.137080	0.135257	0.396408	0.646765	0.886811	1.117087	1.338107	1.550521	1.754958	1.952067	2.142612	2.327286	-2.919974	-2.707521	-2.483941	-2.248589	-2.000924	-1.740409	-1.466533	-1.179003	-0.877415	-0.561492	-0.231051	0.113999	0.473797	0.848197	1.237117	1.640383	2.057637	2.488581	2.932624	
 Vektor d_crush:
0.004881	0.004871	0.004854	0.004831	0.004802	0.004768	0.004729	0.004686	0.004640	0.004590	0.004538	0.004484	0.004428	0.004370	0.004312	0.004254	0.004195	0.004136	0.004078	0.004021	0.003964	0.003909	0.004140	0.004228	0.004317	0.004405	0.004493	0.004580	0.004666	0.004750	0.004831	0.004909	0.004984	0.005055	0.005121	0.005182	0.005237	0.005286	0.005328	0.005363	0.005389	

 * Iterace c. 1 * Delta = 0.415324 *
 icase = 0
         0 -> O.K.,
        -1 -> nelze splnit omezujici podminky,
        +1 -> cilova funkce je na polyedru neomezena.
 lambda = 5.041332
 pocet bloku N = 40
 Vektor lokalnich deformaci:
   2: fi 00 ext = 4.022729
  23: fi 11 int = 8.769835
  46: fi 22 ext = 6.228446
  65: fi 32 int = 1.481340
 Vektor indexu spary mezi bloky:
0		1		2		3		4		5		6		7		8		9		10		11		12		13		14		15		16		17		18		19		20		21		22		23		24		25		26		27		28		29		30		31		32		33		34		35		36		37		38		39		40		
 Vektor normalovych sil ve sparach (+ znaci tlak):
9.462980	9.432779	9.389677	9.334929	9.269518	9.194715	9.111544	9.020865	8.924293	8.822474	8.716280	8.606996	8.495310	8.382189	8.268377	8.154291	8.041348	7.929079	7.818956	7.711098	7.605930	7.503725	7.931575	8.097438	8.264956	8.433022	8.600970	8.767948	8.933155	9.095760	9.254539	9.408722	9.557092	9.698403	9.831707	9.955836	10.069415	10.171485	10.260567	10.335571	10.395202	
 Vektor vzdalenosti N od hornoho povrchu klenby:
0.002441	0.028296	0.051198	0.071301	0.088737	0.103610	0.116006	0.125995	0.133629	0.138949	0.141986	0.142758	0.141278	0.137550	0.131572	0.123343	0.112852	0.100089	0.085045	0.067706	0.048061	0.026095	0.002070	0.028761	0.052496	0.073326	0.091319	0.106530	0.119012	0.128815	0.135978	0.140536	0.142508	0.141911	0.138742	0.132991	0.124627	0.113605	0.099859	0.083303	0.063825	
 Vektor posouvajicich sil ve sparach:
-3.319029	-2.943224	-2.579317	-2.227618	-1.888352	-1.561630	-1.247464	-0.945832	-0.656563	-0.379568	-0.114462	0.139027	0.381327	0.612874	0.834205	1.045878	1.248532	1.442795	1.629384	1.809032	1.982456	2.150443	-2.699912	-2.505976	-2.301431	-2.085623	-1.857939	-1.617801	-1.364669	-1.098106	-0.817751	-0.523215	-0.214269	0.109269	0.447511	0.800476	1.168117	1.550204	1.946582	2.356954	2.780813	
 Vektor d_crush:
0.004731	0.004716	0.004695	0.004667	0.004635	0.004597	0.004556	0.004510	0.004462	0.004411	0.004358	0.004303	0.004248	0.004191	0.004134	0.004077	0.004021	0.003965	0.003909	0.003856	0.003803	0.003752	0.003966	0.004049	0.004132	0.004217	0.004300	0.004384	0.004467	0.004548	0.004627	0.004704	0.004779	0.004849	0.004916	0.004978	0.005035	0.005086	0.005130	0.005168	0.005198	

 * Iterace c. 2 * Delta = -0.015194 *
 icase = 0
         0 -> O.K.,
        -1 -> nelze splnit omezujici podminky,
        +1 -> cilova funkce je na polyedru neomezena.
 lambda = 5.056526
 pocet bloku N = 40
 Vektor lokalnich deformaci:
   2: fi 00 ext = 4.030395
  23: fi 11 int = 8.784957
  46: fi 22 ext = 6.236107
  65: fi 32 int = 1.481543
 Vektor indexu spary mezi bloky:
0		1		2		3		4		5		6		7		8		9		10		11		12		13		14		15		16		17		18		19		20		21		22		23		24		25		26		27		28		29		30		31		32		33		34		35		36		37		38		39		40		
 Vektor normalovych sil ve sparach (+ znaci tlak):
9.473861	9.444009	9.401236	9.346804	9.281617	9.206986	9.124034	9.033748	8.937087	8.835248	8.729322	8.619954	8.508245	8.395005	8.281178	8.166956	8.053672	7.941718	7.830952	7.722779	7.617418	7.514746	7.943980	8.110634	8.278241	8.446554	8.614697	8.782329	8.947792	9.110361	9.269292	9.423479	9.571941	9.713315	9.846595	9.970671	10.084095	10.185946	10.274911	10.349715	10.409054	
 Vektor vzdalenosti N od hornoho povrchu klenby:
0.002366	0.028249	0.051175	0.071302	0.088757	0.103647	0.116057	0.126059	0.133704	0.139031	0.142074	0.142848	0.141370	0.137639	0.131658	0.123420	0.112917	0.100142	0.085081	0.067718	0.048043	0.026043	0.001983	0.028720	0.052482	0.073341	0.091356	0.106583	0.119081	0.128896	0.136069	0.140633	0.142611	0.142015	0.138847	0.133093	0.124726	0.113698	0.099944	0.083379	0.063889	
 Vektor posouvajicich sil ve sparach:
-3.326114	-2.949704	-2.585251	-2.232934	-1.893061	-1.565662	-1.250835	-0.948539	-0.658625	-0.380947	-0.115173	0.139004	0.381975	0.614179	0.836195	1.048544	1.251864	1.446792	1.634017	1.814266	1.988308	2.156918	-2.707992	-2.513381	-2.308139	-2.091657	-1.863258	-1.622343	-1.368486	-1.101183	-0.820034	-0.524744	-0.215002	0.109311	0.448331	0.802081	1.170475	1.553343	1.950486	2.361558	2.786172	
 Vektor d_crush:
0.004737	0.004722	0.004701	0.004673	0.004641	0.004603	0.004562	0.004517	0.004469	0.004418	0.004365	0.004310	0.004254	0.004198	0.004141	0.004083	0.004027	0.003971	0.003915	0.003861	0.003809	0.003757	0.003972	0.004055	0.004139	0.004223	0.004307	0.004391	0.004474	0.004555	0.004635	0.004712	0.004786	0.004857	0.004923	0.004985	0.005042	0.005093	0.005137	0.005175	0.005205	

 * Iterace c. 3 * Delta = 0.000710 *
 icase = 0
         0 -> O.K.,
        -1 -> nelze splnit omezujici podminky,
        +1 -> cilova funkce je na polyedru neomezena.
 lambda = 5.055816
 pocet bloku N = 40
 Vektor lokalnich deformaci:
   2: fi 00 ext = 4.030023
  23: fi 11 int = 8.784233
  46: fi 22 ext = 6.235690
  65: fi 32 int = 1.481479
 Vektor indexu spary mezi bloky:
0		1		2		3		4		5		6		7		8		9		10		11		12		13		14		15		16		17		18		19		20		21		22		23		24		25		26		27		28		29		30		31		32		33		34		35		36		37		38		39		40		
 Vektor normalovych sil ve sparach (+ znaci tlak):
9.473283	9.443444	9.400693	9.346132	9.280902	9.206401	9.123338	9.032940	8.936596	8.834651	8.728773	8.619217	8.507518	8.394385	8.280312	8.166321	8.053129	7.940649	7.830631	7.722353	7.617097	7.514468	7.943395	8.109741	8.277395	8.445955	8.613983	8.781537	8.946920	9.109610	9.268605	9.422684	9.571071	9.712550	9.845901	9.969893	10.083469	10.185241	10.274237	10.348992	10.408399	
 Vektor vzdalenosti N od hornoho povrchu klenby:
0.002368	0.028250	0.051176	0.071301	0.088755	0.103643	0.116054	0.126053	0.133698	0.139027	0.142066	0.142845	0.141364	0.137633	0.131652	0.123415	0.112911	0.100137	0.085078	0.067716	0.048044	0.026045	0.001986	0.028716	0.052481	0.073339	0.091353	0.106581	0.119080	0.128893	0.136066	0.140629	0.142607	0.142011	0.138844	0.133091	0.124724	0.113697	0.099944	0.083379	0.063890	
 Vektor posouvajicich sil ve sparach:
-3.325726	-2.949398	-2.584920	-2.232663	-1.892802	-1.565451	-1.250672	-0.948396	-0.658517	-0.380870	-0.115111	0.138996	0.381942	0.614156	0.836108	1.048432	1.251706	1.446588	1.633796	1.814011	1.988040	2.156585	-2.707643	-2.513066	-2.307873	-2.091408	-1.863023	-1.622186	-1.368339	-1.101066	-0.819969	-0.524714	-0.215017	0.109264	0.448236	0.801954	1.170298	1.553136	1.950222	2.361312	2.785869	
 Vektor d_crush:
0.004737	0.004722	0.004700	0.004673	0.004640	0.004603	0.004562	0.004516	0.004468	0.004417	0.004364	0.004310	0.004254	0.004197	0.004140	0.004083	0.004027	0.003970	0.003915	0.003861	0.003809	0.003757	0.003972	0.004055	0.004139	0.004223	0.004307	0.004391	0.004473	0.004555	0.004634	0.004711	0.004786	0.004856	0.004923	0.004985	0.005042	0.005093	0.005137	0.005174	0.005204	
