Vstupni soubor: zlamal1_9.in
***kopie vstupniho souboru***

 2.472500
 0.713750
 1
 0.145000
 20.000000
 0.600000
 40
 1
 1.8 1.000000 0.200000
 0.500000
 0.000000
 0 30.000000
 0 0.600000 0.400000 2.400000
 1
 1 2000.000000 inter.txt
*****************************
Ortoganalni souradnice intrados a extrados:
X_int	Y_int	X_ext	Y_ext
0.000000	0.000000	-0.125574	0.072500
0.039049	0.063722	-0.082558	0.142695
0.081379	0.125313	-0.035928	0.210542
0.126875	0.184605	0.014189	0.275856
0.175412	0.241434	0.067656	0.338458
0.226856	0.295645	0.124325	0.398175
0.281067	0.347089	0.184043	0.454845
0.337896	0.395626	0.246644	0.508312
0.397187	0.441122	0.311958	0.558429
0.458778	0.483452	0.379806	0.605059
0.522501	0.522501	0.450001	0.648075
0.588179	0.558162	0.522350	0.687358
0.655634	0.590336	0.596657	0.722800
0.724680	0.618936	0.672717	0.754305
0.795129	0.643883	0.750321	0.781786
0.866786	0.665109	0.829257	0.805168
0.939456	0.682556	0.909309	0.824387
1.012940	0.696175	0.990257	0.839390
1.087036	0.705930	1.071879	0.850136
1.161541	0.711794	1.153952	0.856595
1.236250	0.713750	1.236250	0.858750
1.310960	0.711794	1.318548	0.856595
1.385464	0.705930	1.400621	0.850136
1.459560	0.696175	1.482243	0.839390
1.533044	0.682556	1.563191	0.824387
1.605714	0.665109	1.643243	0.805168
1.677372	0.643883	1.722179	0.781786
1.747820	0.618936	1.799783	0.754305
1.816866	0.590336	1.875843	0.722800
1.884321	0.558162	1.950150	0.687358
1.949999	0.522501	2.022500	0.648075
2.013722	0.483452	2.092694	0.605059
2.075313	0.441122	2.160542	0.558429
2.134604	0.395626	2.225856	0.508312
2.191433	0.347089	2.288457	0.454845
2.245644	0.295645	2.348175	0.398175
2.297088	0.241434	2.404845	0.338458
2.345625	0.184605	2.458311	0.275856
2.391121	0.125313	2.508428	0.210542
2.433451	0.063722	2.555058	0.142695
2.472500	0.000000	2.598074	0.072500
Vlastni tiha klenby - jednotlive bloky:
X_p	Y_p	P
-0.043266	0.070339	0.227661
-0.000477	0.136230	0.227661
0.045702	0.199790	0.227661
0.095145	0.260847	0.227661
0.147715	0.319232	0.227661
0.203269	0.374786	0.227661
0.261654	0.427356	0.227661
0.322711	0.476799	0.227661
0.386271	0.522978	0.227661
0.452161	0.565768	0.227661
0.520200	0.605050	0.227661
0.590202	0.640718	0.227661
0.661975	0.672673	0.227661
0.735322	0.700828	0.227661
0.810042	0.725106	0.227661
0.885929	0.745440	0.227661
0.962778	0.761775	0.227662
1.040376	0.774065	0.227661
1.118510	0.782278	0.227661
1.196967	0.786389	0.227661
1.275532	0.786389	0.227661
1.353990	0.782278	0.227661
1.432125	0.774065	0.227661
1.509722	0.761775	0.227662
1.586570	0.745440	0.227661
1.662459	0.725106	0.227661
1.737178	0.700828	0.227661
1.810525	0.672673	0.227661
1.882298	0.640718	0.227661
1.952299	0.605050	0.227661
2.020339	0.565768	0.227661
2.086229	0.522978	0.227661
2.149790	0.476799	0.227661
2.210846	0.427356	0.227661
2.269231	0.374786	0.227661
2.324785	0.319232	0.227661
2.377355	0.260846	0.227661
2.426798	0.199790	0.227661
2.472977	0.136230	0.227662
2.515766	0.070339	0.227661
Tiha nadnasypu pusobici na bloky:
P	h_ver	X_p	Y_p
0.000000	0.070195	-0.104267	0.107269
0.000000	0.067847	-0.059466	0.176294
0.000000	0.065314	-0.011114	0.242881
0.000000	0.062602	0.040657	0.306846
0.000000	0.059718	0.095706	0.368017
0.000000	0.056670	0.153882	0.426223
0.000000	0.053467	0.215026	0.481307
0.000000	0.050117	0.278971	0.533117
0.000000	0.046630	0.345543	0.581511
0.000000	0.043015	0.414559	0.626357
0.000000	0.039283	0.485833	0.667530
0.000000	0.035442	0.559168	0.704919
0.000000	0.031505	0.634365	0.738419
0.000000	0.027481	0.711218	0.767939
0.000000	0.023382	0.789517	0.793397
0.000000	0.019219	0.869048	0.814721
0.000000	0.015003	0.949591	0.831853
0.000000	0.010746	1.030926	0.844744
0.000000	0.006459	1.112828	0.853358
0.000000	0.002155	1.195071	0.857672
0.000000	-0.002155	1.277429	0.857672
0.000000	-0.006459	1.359672	0.853358
0.000000	-0.010746	1.441574	0.844744
0.000000	-0.015003	1.522909	0.831853
0.000000	-0.019219	1.603452	0.814721
0.000000	-0.023382	1.682983	0.793397
0.000000	-0.027481	1.761282	0.767939
0.000000	-0.031505	1.838135	0.738420
0.000000	-0.035442	1.913332	0.704919
0.000000	-0.039283	1.986668	0.667530
0.000000	-0.043016	2.057940	0.626357
0.000000	-0.046630	2.126957	0.581511
0.000000	-0.050117	2.193529	0.533117
0.000000	-0.053467	2.257474	0.481307
0.000000	-0.056670	2.318619	0.426223
0.000000	-0.059718	2.376793	0.368017
0.000000	-0.062602	2.431843	0.306846
0.000000	-0.065314	2.483614	0.242880
0.000000	-0.067848	2.531968	0.176292
0.000000	-0.070195	2.576767	0.107270
Vnejsi zatizeni pusobici na bloky:
X_q	Y_q	Q
-0.125574	0.072500	0.000000
-0.082558	0.142695	0.000000
-0.035928	0.210542	0.000000
0.014189	0.275856	0.000000
0.067656	0.338458	0.000000
0.124325	0.398175	0.000000
0.184043	0.454845	0.000000
0.246644	0.508312	0.000000
0.311958	0.558429	0.000000
0.379806	0.605059	0.000000
0.450001	0.648075	0.000000
0.522350	0.687358	0.000000
0.596657	0.722800	0.000000
0.672717	0.754305	0.000000
0.750321	0.781786	0.000000
0.829257	0.805168	0.000000
0.909309	0.824387	0.000000
0.990257	0.839390	0.000000
1.071879	0.850136	0.000000
1.153952	0.856595	0.000000
1.236250	0.858750	0.000000
1.318548	0.856595	0.000000
1.400621	0.850136	0.000000
1.482243	0.839390	0.000000
1.563191	0.824387	0.000000
1.643243	0.805168	0.000000
1.722179	0.781786	0.000000
1.800000	-10.308593	1.000000
1.875843	0.722800	0.000000
1.950150	0.687358	0.000000
2.022500	0.648075	0.000000
2.092694	0.605059	0.000000
2.160542	0.558429	0.000000
2.225856	0.508312	0.000000
2.288457	0.454845	0.000000
2.348175	0.398175	0.000000
2.404845	0.338458	0.000000
2.458311	0.275856	0.000000
2.508428	0.210542	0.000000
2.555058	0.142695	0.000000
Ortogonalni lokalni souradnice jednotlivych bloku:
a	alfa	b	beta
0.072500	2.617995	0.078531	1.021018
0.072500	2.565635	0.078531	0.968659
0.072500	2.513275	0.078531	0.916299
0.072500	2.460915	0.078531	0.863939
0.072500	2.408555	0.078531	0.811579
0.072500	2.356195	0.078531	0.759219
0.072500	2.303835	0.078531	0.706859
0.072500	2.251475	0.078531	0.654500
0.072500	2.199115	0.078531	0.602139
0.072500	2.146756	0.078531	0.549778
0.072500	2.094395	0.078531	0.497420
0.072500	2.042036	0.078531	0.445059
0.072500	1.989676	0.078531	0.392700
0.072500	1.937316	0.078531	0.340338
0.072500	1.884957	0.078531	0.287981
0.072500	1.832596	0.078531	0.235619
0.072500	1.780236	0.078531	0.183260
0.072500	1.727876	0.078531	0.130899
0.072500	1.675516	0.078531	0.078541
0.072500	1.623156	0.078531	0.026179
0.072500	1.570796	0.078531	-0.026179
0.072500	1.518436	0.078531	-0.078540
0.072500	1.466077	0.078531	-0.130900
0.072500	1.413716	0.078531	-0.183260
0.072500	1.361356	0.078531	-0.235619
0.072500	1.308997	0.078531	-0.287979
0.072500	1.256637	0.078531	-0.340341
0.072500	1.204276	0.078531	-0.392699
0.072500	1.151917	0.078531	-0.445058
0.072500	1.099557	0.078531	-0.497421
0.072500	1.047197	0.078531	-0.549780
0.072500	0.994838	0.078531	-0.602137
0.072500	0.942477	0.078531	-0.654499
0.072500	0.890118	0.078531	-0.706859
0.072500	0.837758	0.078531	-0.759219
0.072500	0.785397	0.078531	-0.811578
0.072500	0.733037	0.078531	-0.863940
0.072500	0.680678	0.078531	-0.916301
0.072500	0.628319	0.078531	-0.968656
0.072500	0.575958	0.078531	-1.021019
0.072500	0.523597	1.000000	-1.047199
Transformovane zatizeni vlastni tihou klenby:
Px	Py	Mp
0.000000	0.227661	0.004444
0.000000	0.227661	0.004844
0.000000	0.227661	0.005231
0.000000	0.227661	0.005603
0.000000	0.227661	0.005961
0.000000	0.227661	0.006301
0.000000	0.227661	0.006625
0.000000	0.227661	0.006930
0.000000	0.227661	0.007216
0.000000	0.227661	0.007483
0.000000	0.227661	0.007729
0.000000	0.227661	0.007954
0.000000	0.227661	0.008157
0.000000	0.227661	0.008338
0.000000	0.227661	0.008496
0.000000	0.227661	0.008630
0.000000	0.227662	0.008741
0.000000	0.227661	0.008828
0.000000	0.227661	0.008891
0.000000	0.227661	0.008929
0.000000	0.227661	0.008943
0.000000	0.227661	0.008933
0.000000	0.227661	0.008897
0.000000	0.227662	0.008838
0.000000	0.227661	0.008754
0.000000	0.227661	0.008647
0.000000	0.227661	0.008515
0.000000	0.227661	0.008360
0.000000	0.227661	0.008183
0.000000	0.227661	0.007983
0.000000	0.227661	0.007761
0.000000	0.227661	0.007518
0.000000	0.227661	0.007254
0.000000	0.227661	0.006970
0.000000	0.227661	0.006667
0.000000	0.227661	0.006346
0.000000	0.227661	0.006008
0.000000	0.227661	0.005653
0.000000	0.227662	0.005282
0.000000	0.227661	0.004897
0.000000	0.000000	0.000000
Transformovane zatizeni nadnasypem:
Px	Py	Mp
0.000000	0.000000	0.000000
0.000000	0.000000	0.000000
0.000000	0.000000	0.000000
0.000000	0.000000	0.000000
0.000000	0.000000	0.000000
0.000000	0.000000	0.000000
0.000000	0.000000	0.000000
0.000000	0.000000	0.000000
0.000000	0.000000	0.000000
0.000000	0.000000	0.000000
0.000000	0.000000	0.000000
0.000000	0.000000	0.000000
0.000000	0.000000	0.000000
0.000000	0.000000	0.000000
0.000000	0.000000	0.000000
0.000000	0.000000	0.000000
0.000000	0.000000	0.000000
0.000000	0.000000	0.000000
0.000000	0.000000	0.000000
0.000000	0.000000	0.000000
0.000000	0.000000	0.000000
0.000000	0.000000	0.000000
0.000000	0.000000	0.000000
0.000000	0.000000	0.000000
0.000000	0.000000	0.000000
0.000000	0.000000	0.000000
0.000000	0.000000	0.000000
0.000000	0.000000	0.000000
0.000000	0.000000	0.000000
0.000000	0.000000	0.000000
0.000000	0.000000	0.000000
0.000000	0.000000	0.000000
0.000000	0.000000	0.000000
0.000000	0.000000	0.000000
0.000000	0.000000	0.000000
0.000000	0.000000	0.000000
0.000000	0.000000	0.000000
0.000000	0.000000	0.000000
0.000000	0.000000	0.000000
0.000000	0.000000	0.000000
0.000000	0.000000	0.000000
Transformovane zatizeni vnejsich sil:
Qx	Qy	Mq
0.000000	0.000000	0.000000
0.000000	0.000000	0.000000
0.000000	0.000000	0.000000
0.000000	0.000000	0.000000
0.000000	0.000000	0.000000
0.000000	0.000000	0.000000
0.000000	0.000000	0.000000
0.000000	0.000000	0.000000
0.000000	0.000000	0.000000
0.000000	0.000000	0.000000
0.000000	0.000000	0.000000
0.000000	0.000000	0.000000
0.000000	0.000000	0.000000
0.000000	0.000000	0.000000
0.000000	0.000000	0.000000
0.000000	0.000000	0.000000
0.000000	0.000000	0.000000
0.000000	0.000000	0.000000
0.000000	0.000000	0.000000
0.000000	0.000000	0.000000
0.000000	0.000000	0.000000
0.000000	0.000000	0.000000
0.000000	0.000000	0.000000
0.000000	0.000000	0.000000
0.000000	0.000000	0.000000
0.000000	0.000000	0.000000
0.000000	0.000000	0.000000
0.000000	1.000000	0.026198
0.000000	0.000000	0.000000
0.000000	0.000000	0.000000
0.000000	0.000000	0.000000
0.000000	0.000000	0.000000
0.000000	0.000000	0.000000
0.000000	0.000000	0.000000
0.000000	0.000000	0.000000
0.000000	0.000000	0.000000
0.000000	0.000000	0.000000
0.000000	0.000000	0.000000
0.000000	0.000000	0.000000
0.000000	0.000000	0.000000
0.000000	0.000000	0.000000

*** vysledky vypoctu ***
 icase = 0
         0 -> O.K.,
        -1 -> nelze splnit omezujici podminky,
        +1 -> cilova funkce je na polyedru neomezena.
 lambda = 4.474189
 pocet bloku N = 40
 Vektor lokalnich deformaci:
   2: fi 00 ext = 2.663055
  27: fi 13 int = 5.699680
  56: fi 27 ext = 4.869386
  75: fi 37 int = 1.832761
 Vektor indexu spary mezi bloky:
0		1		2		3		4		5		6		7		8		9		10		11		12		13		14		15		16		17		18		19		20		21		22		23		24		25		26		27		28		29		30		31		32		33		34		35		36		37		38		39		40		
 Vektor normalovych sil ve sparach (+ znaci tlak):
7.643764	7.572005	7.492405	7.406218	7.314818	7.219349	7.120832	7.020594	6.919716	6.818994	6.719454	6.622275	6.528362	6.438091	6.352580	6.272216	6.197568	6.129579	6.068169	6.013570	5.966573	5.926684	5.894855	5.870489	5.853413	5.843546	5.840633	5.844564	7.674513	7.901590	8.128361	8.353566	8.575891	8.793865	9.006274	9.211701	9.408731	9.595901	9.771884	9.935019	10.083912	
 Vektor vzdalenosti N od hornoho povrchu klenby:
0.000000	0.023559	0.044686	0.063518	0.080176	0.094759	0.107352	0.118033	0.126862	0.133894	0.139186	0.142774	0.144696	0.145000	0.143714	0.140881	0.136535	0.130713	0.123456	0.114805	0.104798	0.093484	0.080890	0.067065	0.052039	0.035841	0.018489	0.000000	0.029245	0.055009	0.077294	0.096227	0.111920	0.124481	0.134000	0.140554	0.144207	0.145000	0.142960	0.138093	0.130384	
 Vektor posouvajicich sil ve sparach:
-2.476414	-2.196944	-1.931472	-1.679956	-1.442393	-1.218552	-1.008244	-0.811122	-0.626746	-0.454669	-0.294335	-0.145095	-0.006285	0.122845	0.243095	0.355335	0.460417	0.559299	0.652922	0.742226	0.828284	0.912079	0.994585	1.076885	1.159954	1.244795	1.332376	1.423682	-2.567713	-2.365410	-2.145807	-1.908378	-1.652750	-1.378612	-1.085640	-0.773786	-0.442972	-0.093196	0.275311	0.662388	1.067579	
 Vektor d_crush:
0.003822	0.003786	0.003746	0.003703	0.003657	0.003610	0.003560	0.003510	0.003460	0.003409	0.003360	0.003311	0.003264	0.003219	0.003176	0.003136	0.003099	0.003065	0.003034	0.003007	0.002983	0.002963	0.002947	0.002935	0.002927	0.002922	0.002920	0.002922	0.003837	0.003951	0.004064	0.004177	0.004288	0.004397	0.004503	0.004606	0.004704	0.004798	0.004886	0.004968	0.005042	

 * Iterace c. 1 * Delta = 0.179319 *
 icase = 0
         0 -> O.K.,
        -1 -> nelze splnit omezujici podminky,
        +1 -> cilova funkce je na polyedru neomezena.
 lambda = 4.294870
 pocet bloku N = 40
 Vektor lokalnich deformaci:
   2: fi 00 ext = 2.607471
  27: fi 13 int = 5.595435
  56: fi 27 ext = 4.814472
  75: fi 37 int = 1.826508
 Vektor indexu spary mezi bloky:
0		1		2		3		4		5		6		7		8		9		10		11		12		13		14		15		16		17		18		19		20		21		22		23		24		25		26		27		28		29		30		31		32		33		34		35		36		37		38		39		40		
 Vektor normalovych sil ve sparach (+ znaci tlak):
7.574087	7.499053	7.416429	7.327496	7.233406	7.135681	7.034904	6.932723	6.830214	6.728162	6.627711	6.529406	6.434589	6.344105	6.258184	6.178062	6.103778	6.036250	5.975895	5.922292	5.876572	5.838817	5.808628	5.786055	5.771326	5.763920	5.764106	5.770790	7.531017	7.753261	7.975413	8.196374	8.414696	8.629355	8.838684	9.041741	9.236733	9.422419	9.597244	9.759789	9.908525	
 Vektor vzdalenosti N od hornoho povrchu klenby:
0.001911	0.025041	0.045770	0.064232	0.080544	0.094804	0.107103	0.117510	0.126092	0.132901	0.137992	0.141411	0.143199	0.143391	0.142030	0.139153	0.134805	0.129021	0.121848	0.113327	0.103493	0.092408	0.080099	0.066610	0.051975	0.036226	0.019383	0.001461	0.029783	0.055011	0.076832	0.095359	0.110705	0.122960	0.132212	0.138534	0.141984	0.142601	0.140408	0.135409	0.127587	
 Vektor posouvajicich sil ve sparach:
-2.412983	-2.137287	-1.875706	-1.628254	-1.394859	-1.175353	-0.969469	-0.776888	-0.597184	-0.429822	-0.274273	-0.129891	0.004039	0.128238	0.243578	0.350886	0.451052	0.545030	0.633794	0.718316	0.799624	0.878740	0.956692	1.034519	1.113250	1.193870	1.277400	1.364779	-2.466594	-2.271915	-2.060185	-1.830935	-1.583649	-1.317993	-1.033756	-0.730737	-0.408854	-0.068160	0.291236	0.669146	1.065177	
 Vektor d_crush:
0.003787	0.003750	0.003708	0.003664	0.003617	0.003568	0.003517	0.003466	0.003415	0.003364	0.003314	0.003265	0.003217	0.003172	0.003129	0.003089	0.003052	0.003018	0.002988	0.002961	0.002938	0.002919	0.002904	0.002893	0.002886	0.002882	0.002882	0.002885	0.003766	0.003877	0.003988	0.004098	0.004207	0.004315	0.004419	0.004521	0.004618	0.004711	0.004799	0.004880	0.004954	

 * Iterace c. 2 * Delta = -0.002506 *
 icase = 0
         0 -> O.K.,
        -1 -> nelze splnit omezujici podminky,
        +1 -> cilova funkce je na polyedru neomezena.
 lambda = 4.297376
 pocet bloku N = 40
 Vektor lokalnich deformaci:
   2: fi 00 ext = 2.608275
  27: fi 13 int = 5.596942
  56: fi 27 ext = 4.815299
  75: fi 37 int = 1.826632
 Vektor indexu spary mezi bloky:
0		1		2		3		4		5		6		7		8		9		10		11		12		13		14		15		16		17		18		19		20		21		22		23		24		25		26		27		28		29		30		31		32		33		34		35		36		37		38		39		40		
 Vektor normalovych sil ve sparach (+ znaci tlak):
7.574949	7.500010	7.417386	7.328470	7.234474	7.136697	7.036279	6.933993	6.831085	6.729237	6.628669	6.530409	6.436025	6.345077	6.259594	6.179230	6.105243	6.037603	5.976761	5.923432	5.877731	5.839657	5.809547	5.787336	5.772333	5.765143	5.765019	5.771810	7.532822	7.755310	7.977310	8.198382	8.416859	8.631562	8.841022	9.044088	9.239032	9.424746	9.599611	9.762162	9.910901	
 Vektor vzdalenosti N od hornoho povrchu klenby:
0.001894	0.025030	0.045763	0.064229	0.080544	0.094810	0.107111	0.117521	0.126107	0.132918	0.138013	0.141435	0.143217	0.143414	0.142049	0.139178	0.134827	0.129042	0.121870	0.113346	0.103515	0.092419	0.080106	0.066614	0.051973	0.036223	0.019371	0.001443	0.029777	0.055013	0.076842	0.095379	0.110728	0.122988	0.132245	0.138571	0.142025	0.142644	0.140455	0.135459	0.127640	
 Vektor posouvajicich sil ve sparach:
-2.413745	-2.137993	-1.876366	-1.628858	-1.395412	-1.175872	-0.969931	-0.777282	-0.597507	-0.430118	-0.274491	-0.130026	0.003940	0.128199	0.243613	0.350962	0.451192	0.545234	0.634032	0.718647	0.800003	0.879182	0.957219	1.035086	1.113860	1.194516	1.278099	1.365508	-2.468084	-2.273329	-2.061477	-1.832100	-1.584685	-1.318950	-1.034612	-0.731467	-0.409482	-0.068650	0.290888	0.668905	1.065092	
 Vektor d_crush:
0.003787	0.003750	0.003709	0.003664	0.003617	0.003568	0.003518	0.003467	0.003416	0.003365	0.003314	0.003265	0.003218	0.003173	0.003130	0.003090	0.003053	0.003019	0.002988	0.002962	0.002939	0.002920	0.002905	0.002894	0.002886	0.002883	0.002883	0.002886	0.003766	0.003878	0.003989	0.004099	0.004208	0.004316	0.004421	0.004522	0.004620	0.004712	0.004800	0.004881	0.004955	
