Vstupni soubor: zlamal1_6.in
***kopie vstupniho souboru***

 2.472500
 0.713750
 1
 0.145000
 20.000000
 0.600000
 40
 1
 1.2 1.000000 0.200000
 0.500000
 0.000000
 0 30.000000
 0 0.600000 0.400000 2.400000
 1
 1 2000.000000 inter.txt
*****************************
Ortoganalni souradnice intrados a extrados:
X_int	Y_int	X_ext	Y_ext
0.000000	0.000000	-0.125574	0.072500
0.039049	0.063722	-0.082558	0.142695
0.081379	0.125313	-0.035928	0.210542
0.126875	0.184605	0.014189	0.275856
0.175412	0.241434	0.067656	0.338458
0.226856	0.295645	0.124325	0.398175
0.281067	0.347089	0.184043	0.454845
0.337896	0.395626	0.246644	0.508312
0.397187	0.441122	0.311958	0.558429
0.458778	0.483452	0.379806	0.605059
0.522501	0.522501	0.450001	0.648075
0.588179	0.558162	0.522350	0.687358
0.655634	0.590336	0.596657	0.722800
0.724680	0.618936	0.672717	0.754305
0.795129	0.643883	0.750321	0.781786
0.866786	0.665109	0.829257	0.805168
0.939456	0.682556	0.909309	0.824387
1.012940	0.696175	0.990257	0.839390
1.087036	0.705930	1.071879	0.850136
1.161541	0.711794	1.153952	0.856595
1.236250	0.713750	1.236250	0.858750
1.310960	0.711794	1.318548	0.856595
1.385464	0.705930	1.400621	0.850136
1.459560	0.696175	1.482243	0.839390
1.533044	0.682556	1.563191	0.824387
1.605714	0.665109	1.643243	0.805168
1.677372	0.643883	1.722179	0.781786
1.747820	0.618936	1.799783	0.754305
1.816866	0.590336	1.875843	0.722800
1.884321	0.558162	1.950150	0.687358
1.949999	0.522501	2.022500	0.648075
2.013722	0.483452	2.092694	0.605059
2.075313	0.441122	2.160542	0.558429
2.134604	0.395626	2.225856	0.508312
2.191433	0.347089	2.288457	0.454845
2.245644	0.295645	2.348175	0.398175
2.297088	0.241434	2.404845	0.338458
2.345625	0.184605	2.458311	0.275856
2.391121	0.125313	2.508428	0.210542
2.433451	0.063722	2.555058	0.142695
2.472500	0.000000	2.598074	0.072500
Vlastni tiha klenby - jednotlive bloky:
X_p	Y_p	P
-0.043266	0.070339	0.227661
-0.000477	0.136230	0.227661
0.045702	0.199790	0.227661
0.095145	0.260847	0.227661
0.147715	0.319232	0.227661
0.203269	0.374786	0.227661
0.261654	0.427356	0.227661
0.322711	0.476799	0.227661
0.386271	0.522978	0.227661
0.452161	0.565768	0.227661
0.520200	0.605050	0.227661
0.590202	0.640718	0.227661
0.661975	0.672673	0.227661
0.735322	0.700828	0.227661
0.810042	0.725106	0.227661
0.885929	0.745440	0.227661
0.962778	0.761775	0.227662
1.040376	0.774065	0.227661
1.118510	0.782278	0.227661
1.196967	0.786389	0.227661
1.275532	0.786389	0.227661
1.353990	0.782278	0.227661
1.432125	0.774065	0.227661
1.509722	0.761775	0.227662
1.586570	0.745440	0.227661
1.662459	0.725106	0.227661
1.737178	0.700828	0.227661
1.810525	0.672673	0.227661
1.882298	0.640718	0.227661
1.952299	0.605050	0.227661
2.020339	0.565768	0.227661
2.086229	0.522978	0.227661
2.149790	0.476799	0.227661
2.210846	0.427356	0.227661
2.269231	0.374786	0.227661
2.324785	0.319232	0.227661
2.377355	0.260846	0.227661
2.426798	0.199790	0.227661
2.472977	0.136230	0.227662
2.515766	0.070339	0.227661
Tiha nadnasypu pusobici na bloky:
P	h_ver	X_p	Y_p
0.000000	0.070195	-0.104267	0.107269
0.000000	0.067847	-0.059466	0.176294
0.000000	0.065314	-0.011114	0.242881
0.000000	0.062602	0.040657	0.306846
0.000000	0.059718	0.095706	0.368017
0.000000	0.056670	0.153882	0.426223
0.000000	0.053467	0.215026	0.481307
0.000000	0.050117	0.278971	0.533117
0.000000	0.046630	0.345543	0.581511
0.000000	0.043015	0.414559	0.626357
0.000000	0.039283	0.485833	0.667530
0.000000	0.035442	0.559168	0.704919
0.000000	0.031505	0.634365	0.738419
0.000000	0.027481	0.711218	0.767939
0.000000	0.023382	0.789517	0.793397
0.000000	0.019219	0.869048	0.814721
0.000000	0.015003	0.949591	0.831853
0.000000	0.010746	1.030926	0.844744
0.000000	0.006459	1.112828	0.853358
0.000000	0.002155	1.195071	0.857672
0.000000	-0.002155	1.277429	0.857672
0.000000	-0.006459	1.359672	0.853358
0.000000	-0.010746	1.441574	0.844744
0.000000	-0.015003	1.522909	0.831853
0.000000	-0.019219	1.603452	0.814721
0.000000	-0.023382	1.682983	0.793397
0.000000	-0.027481	1.761282	0.767939
0.000000	-0.031505	1.838135	0.738420
0.000000	-0.035442	1.913332	0.704919
0.000000	-0.039283	1.986668	0.667530
0.000000	-0.043016	2.057940	0.626357
0.000000	-0.046630	2.126957	0.581511
0.000000	-0.050117	2.193529	0.533117
0.000000	-0.053467	2.257474	0.481307
0.000000	-0.056670	2.318619	0.426223
0.000000	-0.059718	2.376793	0.368017
0.000000	-0.062602	2.431843	0.306846
0.000000	-0.065314	2.483614	0.242880
0.000000	-0.067848	2.531968	0.176292
0.000000	-0.070195	2.576767	0.107270
Vnejsi zatizeni pusobici na bloky:
X_q	Y_q	Q
-0.125574	0.072500	0.000000
-0.082558	0.142695	0.000000
-0.035928	0.210542	0.000000
0.014189	0.275856	0.000000
0.067656	0.338458	0.000000
0.124325	0.398175	0.000000
0.184043	0.454845	0.000000
0.246644	0.508312	0.000000
0.311958	0.558429	0.000000
0.379806	0.605059	0.000000
0.450001	0.648075	0.000000
0.522350	0.687358	0.000000
0.596657	0.722800	0.000000
0.672717	0.754305	0.000000
0.750321	0.781786	0.000000
0.829257	0.805168	0.000000
0.909309	0.824387	0.000000
0.990257	0.839390	0.000000
1.071879	0.850136	0.000000
1.200000	0.860447	1.000000
1.236250	0.858750	0.000000
1.318548	0.856595	0.000000
1.400621	0.850136	0.000000
1.482243	0.839390	0.000000
1.563191	0.824387	0.000000
1.643243	0.805168	0.000000
1.722179	0.781786	0.000000
1.799783	0.754305	0.000000
1.875843	0.722800	0.000000
1.950150	0.687358	0.000000
2.022500	0.648075	0.000000
2.092694	0.605059	0.000000
2.160542	0.558429	0.000000
2.225856	0.508312	0.000000
2.288457	0.454845	0.000000
2.348175	0.398175	0.000000
2.404845	0.338458	0.000000
2.458311	0.275856	0.000000
2.508428	0.210542	0.000000
2.555058	0.142695	0.000000
Ortogonalni lokalni souradnice jednotlivych bloku:
a	alfa	b	beta
0.072500	2.617995	0.078531	1.021018
0.072500	2.565635	0.078531	0.968659
0.072500	2.513275	0.078531	0.916299
0.072500	2.460915	0.078531	0.863939
0.072500	2.408555	0.078531	0.811579
0.072500	2.356195	0.078531	0.759219
0.072500	2.303835	0.078531	0.706859
0.072500	2.251475	0.078531	0.654500
0.072500	2.199115	0.078531	0.602139
0.072500	2.146756	0.078531	0.549778
0.072500	2.094395	0.078531	0.497420
0.072500	2.042036	0.078531	0.445059
0.072500	1.989676	0.078531	0.392700
0.072500	1.937316	0.078531	0.340338
0.072500	1.884957	0.078531	0.287981
0.072500	1.832596	0.078531	0.235619
0.072500	1.780236	0.078531	0.183260
0.072500	1.727876	0.078531	0.130899
0.072500	1.675516	0.078531	0.078541
0.072500	1.623156	0.078531	0.026179
0.072500	1.570796	0.078531	-0.026179
0.072500	1.518436	0.078531	-0.078540
0.072500	1.466077	0.078531	-0.130900
0.072500	1.413716	0.078531	-0.183260
0.072500	1.361356	0.078531	-0.235619
0.072500	1.308997	0.078531	-0.287979
0.072500	1.256637	0.078531	-0.340341
0.072500	1.204276	0.078531	-0.392699
0.072500	1.151917	0.078531	-0.445058
0.072500	1.099557	0.078531	-0.497421
0.072500	1.047197	0.078531	-0.549780
0.072500	0.994838	0.078531	-0.602137
0.072500	0.942477	0.078531	-0.654499
0.072500	0.890118	0.078531	-0.706859
0.072500	0.837758	0.078531	-0.759219
0.072500	0.785397	0.078531	-0.811578
0.072500	0.733037	0.078531	-0.863940
0.072500	0.680678	0.078531	-0.916301
0.072500	0.628319	0.078531	-0.968656
0.072500	0.575958	0.078531	-1.021019
0.072500	0.523597	1.000000	-1.047199
Transformovane zatizeni vlastni tihou klenby:
Px	Py	Mp
0.000000	0.227661	0.004444
0.000000	0.227661	0.004844
0.000000	0.227661	0.005231
0.000000	0.227661	0.005603
0.000000	0.227661	0.005961
0.000000	0.227661	0.006301
0.000000	0.227661	0.006625
0.000000	0.227661	0.006930
0.000000	0.227661	0.007216
0.000000	0.227661	0.007483
0.000000	0.227661	0.007729
0.000000	0.227661	0.007954
0.000000	0.227661	0.008157
0.000000	0.227661	0.008338
0.000000	0.227661	0.008496
0.000000	0.227661	0.008630
0.000000	0.227662	0.008741
0.000000	0.227661	0.008828
0.000000	0.227661	0.008891
0.000000	0.227661	0.008929
0.000000	0.227661	0.008943
0.000000	0.227661	0.008933
0.000000	0.227661	0.008897
0.000000	0.227662	0.008838
0.000000	0.227661	0.008754
0.000000	0.227661	0.008647
0.000000	0.227661	0.008515
0.000000	0.227661	0.008360
0.000000	0.227661	0.008183
0.000000	0.227661	0.007983
0.000000	0.227661	0.007761
0.000000	0.227661	0.007518
0.000000	0.227661	0.007254
0.000000	0.227661	0.006970
0.000000	0.227661	0.006667
0.000000	0.227661	0.006346
0.000000	0.227661	0.006008
0.000000	0.227661	0.005653
0.000000	0.227662	0.005282
0.000000	0.227661	0.004897
0.000000	0.000000	0.000000
Transformovane zatizeni nadnasypem:
Px	Py	Mp
0.000000	0.000000	0.000000
0.000000	0.000000	0.000000
0.000000	0.000000	0.000000
0.000000	0.000000	0.000000
0.000000	0.000000	0.000000
0.000000	0.000000	0.000000
0.000000	0.000000	0.000000
0.000000	0.000000	0.000000
0.000000	0.000000	0.000000
0.000000	0.000000	0.000000
0.000000	0.000000	0.000000
0.000000	0.000000	0.000000
0.000000	0.000000	0.000000
0.000000	0.000000	0.000000
0.000000	0.000000	0.000000
0.000000	0.000000	0.000000
0.000000	0.000000	0.000000
0.000000	0.000000	0.000000
0.000000	0.000000	0.000000
0.000000	0.000000	0.000000
0.000000	0.000000	0.000000
0.000000	0.000000	0.000000
0.000000	0.000000	0.000000
0.000000	0.000000	0.000000
0.000000	0.000000	0.000000
0.000000	0.000000	0.000000
0.000000	0.000000	0.000000
0.000000	0.000000	0.000000
0.000000	0.000000	0.000000
0.000000	0.000000	0.000000
0.000000	0.000000	0.000000
0.000000	0.000000	0.000000
0.000000	0.000000	0.000000
0.000000	0.000000	0.000000
0.000000	0.000000	0.000000
0.000000	0.000000	0.000000
0.000000	0.000000	0.000000
0.000000	0.000000	0.000000
0.000000	0.000000	0.000000
0.000000	0.000000	0.000000
0.000000	0.000000	0.000000
Transformovane zatizeni vnejsich sil:
Qx	Qy	Mq
0.000000	0.000000	0.000000
0.000000	0.000000	0.000000
0.000000	0.000000	0.000000
0.000000	0.000000	0.000000
0.000000	0.000000	0.000000
0.000000	0.000000	0.000000
0.000000	0.000000	0.000000
0.000000	0.000000	0.000000
0.000000	0.000000	0.000000
0.000000	0.000000	0.000000
0.000000	0.000000	0.000000
0.000000	0.000000	0.000000
0.000000	0.000000	0.000000
0.000000	0.000000	0.000000
0.000000	0.000000	0.000000
0.000000	0.000000	0.000000
0.000000	0.000000	0.000000
0.000000	0.000000	0.000000
0.000000	0.000000	0.000000
0.000000	1.000000	0.042254
0.000000	0.000000	0.000000
0.000000	0.000000	0.000000
0.000000	0.000000	0.000000
0.000000	0.000000	0.000000
0.000000	0.000000	0.000000
0.000000	0.000000	0.000000
0.000000	0.000000	0.000000
0.000000	0.000000	0.000000
0.000000	0.000000	0.000000
0.000000	0.000000	0.000000
0.000000	0.000000	0.000000
0.000000	0.000000	0.000000
0.000000	0.000000	0.000000
0.000000	0.000000	0.000000
0.000000	0.000000	0.000000
0.000000	0.000000	0.000000
0.000000	0.000000	0.000000
0.000000	0.000000	0.000000
0.000000	0.000000	0.000000
0.000000	0.000000	0.000000
0.000000	0.000000	0.000000

*** vysledky vypoctu ***
 icase = 0
         0 -> O.K.,
        -1 -> nelze splnit omezujici podminky,
        +1 -> cilova funkce je na polyedru neomezena.
 lambda = 8.101000
 pocet bloku N = 40
 Vektor lokalnich deformaci:
  19: fi 09 int = 1.349130
  42: fi 20 ext = 9.096883
  61: fi 30 int = 14.662167
  82: fi 40 ext = 6.914417
 Vektor indexu spary mezi bloky:
0		1		2		3		4		5		6		7		8		9		10		11		12		13		14		15		16		17		18		19		20		21		22		23		24		25		26		27		28		29		30		31		32		33		34		35		36		37		38		39		40		
 Vektor normalovych sil ve sparach (+ znaci tlak):
12.827146	12.859946	12.870377	12.859509	12.828474	12.778288	12.709779	12.624286	12.522662	12.405979	12.275072	12.131373	11.975862	11.808975	11.632006	11.445869	11.251290	11.049447	10.840889	10.625834	10.405725	10.604703	10.798854	10.986957	11.168431	11.342462	11.508374	11.665587	11.813175	11.949880	12.075040	12.188060	12.287495	12.372527	12.442139	12.495277	12.531146	12.548555	12.546657	12.524337	12.480664	
 Vektor vzdalenosti N od hornoho povrchu klenby:
0.019585	0.046191	0.069310	0.089124	0.105786	0.119410	0.130088	0.137888	0.142851	0.145000	0.144343	0.140862	0.134523	0.125285	0.113078	0.097822	0.079420	0.057756	0.032699	0.004096	0.000000	0.028690	0.053928	0.075854	0.094592	0.110248	0.122916	0.132669	0.139573	0.143672	0.145000	0.143571	0.139386	0.132425	0.122652	0.110010	0.094417	0.075769	0.053933	0.028744	0.000000	
 Vektor posouvajicich sil ve sparach:
-4.609783	-4.056104	-3.511339	-2.976204	-2.451452	-1.937672	-1.435439	-0.945230	-0.467402	-0.002298	0.449813	0.888797	1.314509	1.726922	2.126058	2.512032	2.884927	3.244986	3.592414	3.927472	-3.850443	-3.527901	-3.194490	-2.849783	-2.493562	-2.125547	-1.745554	-1.353399	-0.948961	-0.532281	-0.103314	0.337874	0.791102	1.256141	1.732802	2.220602	2.719182	3.228034	3.746518	4.274054	4.809822	
 Vektor d_crush:
0.006414	0.006430	0.006435	0.006430	0.006414	0.006389	0.006355	0.006312	0.006261	0.006203	0.006138	0.006066	0.005988	0.005904	0.005816	0.005723	0.005626	0.005525	0.005420	0.005313	0.005203	0.005302	0.005399	0.005493	0.005584	0.005671	0.005754	0.005833	0.005907	0.005975	0.006038	0.006094	0.006144	0.006186	0.006221	0.006248	0.006266	0.006274	0.006273	0.006262	0.006240	

 * Iterace c. 1 * Delta = 1.016016 *
 icase = 0
         0 -> O.K.,
        -1 -> nelze splnit omezujici podminky,
        +1 -> cilova funkce je na polyedru neomezena.
 lambda = 7.084984
 pocet bloku N = 40
 Vektor lokalnich deformaci:
  19: fi 09 int = 1.346072
  42: fi 20 ext = 8.481274
  61: fi 30 int = 13.432682
  82: fi 40 ext = 6.297473
 Vektor indexu spary mezi bloky:
0		1		2		3		4		5		6		7		8		9		10		11		12		13		14		15		16		17		18		19		20		21		22		23		24		25		26		27		28		29		30		31		32		33		34		35		36		37		38		39		40		
 Vektor normalovych sil ve sparach (+ znaci tlak):
11.939987	11.949432	11.939169	11.910118	11.863511	11.800299	11.721514	11.628417	11.522079	11.402925	11.272977	11.132833	10.983205	10.825276	10.659875	10.487787	10.310332	10.127736	9.940744	9.750451	9.557248	9.732291	9.904727	10.073318	10.237989	10.398070	10.552502	10.700872	10.841900	10.975010	11.099651	11.213986	11.317883	11.409897	11.489225	11.554745	11.605483	11.640463	11.658330	11.658343	11.639321	
 Vektor vzdalenosti N od hornoho povrchu klenby:
0.021126	0.046735	0.069002	0.088097	0.104157	0.117291	0.127581	0.135088	0.139852	0.141899	0.141227	0.137826	0.131675	0.122730	0.110940	0.096234	0.078530	0.057743	0.033759	0.006465	0.002601	0.029932	0.054053	0.075073	0.093085	0.108175	0.120419	0.129878	0.136602	0.140628	0.141981	0.140678	0.136716	0.130075	0.120721	0.108603	0.093647	0.075757	0.054812	0.030661	0.003120	
 Vektor posouvajicich sil ve sparach:
-4.142062	-3.635515	-3.138967	-2.653092	-2.178453	-1.715538	-1.264810	-0.826554	-0.401006	0.011622	0.411235	0.797806	1.171390	1.532077	1.879971	2.215394	2.538551	2.849829	3.149539	3.438133	-3.368925	-3.091477	-2.804295	-2.506950	-2.198992	-1.880064	-1.549831	-1.207971	-0.854257	-0.488511	-0.110600	0.279535	0.681870	1.096309	1.522777	1.961021	2.410734	2.871552	3.342985	3.824572	4.315672	
 Vektor d_crush:
0.005970	0.005975	0.005970	0.005955	0.005932	0.005900	0.005861	0.005814	0.005761	0.005701	0.005636	0.005566	0.005492	0.005413	0.005330	0.005244	0.005155	0.005064	0.004970	0.004875	0.004779	0.004866	0.004952	0.005037	0.005119	0.005199	0.005276	0.005350	0.005421	0.005488	0.005550	0.005607	0.005659	0.005705	0.005745	0.005777	0.005803	0.005820	0.005829	0.005829	0.005820	

 * Iterace c. 2 * Delta = -0.072986 *
 icase = 0
         0 -> O.K.,
        -1 -> nelze splnit omezujici podminky,
        +1 -> cilova funkce je na polyedru neomezena.
 lambda = 7.157970
 pocet bloku N = 40
 Vektor lokalnich deformaci:
  19: fi 09 int = 1.346316
  42: fi 20 ext = 8.525776
  61: fi 30 int = 13.521763
  82: fi 40 ext = 6.342296
 Vektor indexu spary mezi bloky:
0		1		2		3		4		5		6		7		8		9		10		11		12		13		14		15		16		17		18		19		20		21		22		23		24		25		26		27		28		29		30		31		32		33		34		35		36		37		38		39		40		
 Vektor normalovych sil ve sparach (+ znaci tlak):
12.003448	12.014631	12.005808	11.977959	11.932495	11.870165	11.792247	11.699725	11.593469	11.474826	11.344691	11.204200	11.054053	10.895433	10.729049	10.556401	10.377567	10.193373	10.004928	9.812950	9.617609	9.794207	9.968176	10.138467	10.304501	10.465322	10.620576	10.769819	10.911042	11.044641	11.169279	11.283628	11.387079	11.478639	11.557379	11.622068	11.671639	11.705351	11.721798	11.720265	11.699512	
 Vektor vzdalenosti N od hornoho povrchu klenby:
0.021037	0.046719	0.069050	0.088199	0.104303	0.117472	0.127791	0.135319	0.140097	0.142149	0.141477	0.138070	0.131904	0.122935	0.111109	0.096357	0.078599	0.057741	0.033671	0.006277	0.002389	0.029828	0.054040	0.075132	0.093200	0.108339	0.120618	0.130097	0.136839	0.140872	0.142225	0.140914	0.136935	0.130271	0.120887	0.108730	0.093727	0.075780	0.054768	0.030541	0.002910	
 Vektor posouvajicich sil ve sparach:
-4.175234	-3.665284	-3.165287	-2.675880	-2.197659	-1.731144	-1.276727	-0.834741	-0.405462	0.010893	0.414281	0.804585	1.181885	1.546216	1.897813	2.236839	2.563551	2.878288	3.181407	3.473321	-3.403514	-3.122842	-2.832378	-2.531652	-2.220256	-1.897834	-1.564038	-1.218601	-0.861258	-0.491867	-0.110320	0.283427	0.689404	1.107464	1.537523	1.979318	2.432500	2.896740	3.371551	3.856430	4.350709	
 Vektor d_crush:
0.006002	0.006007	0.006003	0.005989	0.005966	0.005935	0.005896	0.005850	0.005797	0.005737	0.005672	0.005602	0.005527	0.005448	0.005365	0.005278	0.005189	0.005097	0.005002	0.004906	0.004809	0.004897	0.004984	0.005069	0.005152	0.005233	0.005310	0.005385	0.005456	0.005522	0.005585	0.005642	0.005694	0.005739	0.005779	0.005811	0.005836	0.005853	0.005861	0.005860	0.005850	

 * Iterace c. 3 * Delta = 0.005372 *
 icase = 0
         0 -> O.K.,
        -1 -> nelze splnit omezujici podminky,
        +1 -> cilova funkce je na polyedru neomezena.
 lambda = 7.152598
 pocet bloku N = 40
 Vektor lokalnich deformaci:
  19: fi 09 int = 1.346270
  42: fi 20 ext = 8.522566
  61: fi 30 int = 13.515350
  82: fi 40 ext = 6.339067
 Vektor indexu spary mezi bloky:
0		1		2		3		4		5		6		7		8		9		10		11		12		13		14		15		16		17		18		19		20		21		22		23		24		25		26		27		28		29		30		31		32		33		34		35		36		37		38		39		40		
 Vektor normalovych sil ve sparach (+ znaci tlak):
11.998764	12.009794	12.000873	11.972950	11.927308	11.865053	11.786802	11.694445	11.588055	11.469331	11.339095	11.198853	11.048843	10.890384	10.724071	10.551210	10.372471	10.188381	10.000288	9.808257	9.613050	9.790016	9.963597	10.133759	10.299356	10.460462	10.615726	10.764694	10.906062	11.039504	11.163979	11.278513	11.382104	11.473546	11.552243	11.616968	11.666759	11.700474	11.717131	11.715658	11.695049	
 Vektor vzdalenosti N od hornoho povrchu klenby:
0.021045	0.046722	0.069047	0.088192	0.104294	0.117460	0.127776	0.135302	0.140080	0.142131	0.141461	0.138051	0.131885	0.122917	0.111094	0.096347	0.078592	0.057738	0.033678	0.006288	0.002404	0.029837	0.054039	0.075126	0.093191	0.108324	0.120600	0.130080	0.136818	0.140852	0.142208	0.140896	0.136918	0.130255	0.120874	0.108719	0.093720	0.075778	0.054772	0.030549	0.002925	
 Vektor posouvajicich sil ve sparach:
-4.172742	-3.663049	-3.163309	-2.674172	-2.196233	-1.729951	-1.275799	-0.834097	-0.405104	0.010986	0.414066	0.804128	1.181134	1.545212	1.896523	2.235284	2.561747	2.876225	3.179072	3.470735	-3.400951	-3.120517	-2.830303	-2.529829	-2.218691	-1.896525	-1.562993	-1.217798	-0.860747	-0.491646	-0.110379	0.283113	0.688835	1.106634	1.536408	1.977944	2.430898	2.894859	3.369411	3.854078	4.348124	
 Vektor d_crush:
0.005999	0.006005	0.006000	0.005986	0.005964	0.005933	0.005893	0.005847	0.005794	0.005735	0.005670	0.005599	0.005524	0.005445	0.005362	0.005276	0.005186	0.005094	0.005000	0.004904	0.004807	0.004895	0.004982	0.005067	0.005150	0.005230	0.005308	0.005382	0.005453	0.005520	0.005582	0.005639	0.005691	0.005737	0.005776	0.005808	0.005833	0.005850	0.005859	0.005858	0.005848	
