Vstupni soubor: zlamal1_12.in
***kopie vstupniho souboru***

 2.472500
 0.713750
 1
 0.145000
 20.000000
 0.600000
 40
 1
 2.4 1.000000 0.200000
 0.500000
 0.000000
 0 30.000000
 0 0.600000 0.400000 2.400000
 1
 1 2000.000000 inter.txt
*****************************
Ortoganalni souradnice intrados a extrados:
X_int	Y_int	X_ext	Y_ext
0.000000	0.000000	-0.125574	0.072500
0.039049	0.063722	-0.082558	0.142695
0.081379	0.125313	-0.035928	0.210542
0.126875	0.184605	0.014189	0.275856
0.175412	0.241434	0.067656	0.338458
0.226856	0.295645	0.124325	0.398175
0.281067	0.347089	0.184043	0.454845
0.337896	0.395626	0.246644	0.508312
0.397187	0.441122	0.311958	0.558429
0.458778	0.483452	0.379806	0.605059
0.522501	0.522501	0.450001	0.648075
0.588179	0.558162	0.522350	0.687358
0.655634	0.590336	0.596657	0.722800
0.724680	0.618936	0.672717	0.754305
0.795129	0.643883	0.750321	0.781786
0.866786	0.665109	0.829257	0.805168
0.939456	0.682556	0.909309	0.824387
1.012940	0.696175	0.990257	0.839390
1.087036	0.705930	1.071879	0.850136
1.161541	0.711794	1.153952	0.856595
1.236250	0.713750	1.236250	0.858750
1.310960	0.711794	1.318548	0.856595
1.385464	0.705930	1.400621	0.850136
1.459560	0.696175	1.482243	0.839390
1.533044	0.682556	1.563191	0.824387
1.605714	0.665109	1.643243	0.805168
1.677372	0.643883	1.722179	0.781786
1.747820	0.618936	1.799783	0.754305
1.816866	0.590336	1.875843	0.722800
1.884321	0.558162	1.950150	0.687358
1.949999	0.522501	2.022500	0.648075
2.013722	0.483452	2.092694	0.605059
2.075313	0.441122	2.160542	0.558429
2.134604	0.395626	2.225856	0.508312
2.191433	0.347089	2.288457	0.454845
2.245644	0.295645	2.348175	0.398175
2.297088	0.241434	2.404845	0.338458
2.345625	0.184605	2.458311	0.275856
2.391121	0.125313	2.508428	0.210542
2.433451	0.063722	2.555058	0.142695
2.472500	0.000000	2.598074	0.072500
Vlastni tiha klenby - jednotlive bloky:
X_p	Y_p	P
-0.043266	0.070339	0.227661
-0.000477	0.136230	0.227661
0.045702	0.199790	0.227661
0.095145	0.260847	0.227661
0.147715	0.319232	0.227661
0.203269	0.374786	0.227661
0.261654	0.427356	0.227661
0.322711	0.476799	0.227661
0.386271	0.522978	0.227661
0.452161	0.565768	0.227661
0.520200	0.605050	0.227661
0.590202	0.640718	0.227661
0.661975	0.672673	0.227661
0.735322	0.700828	0.227661
0.810042	0.725106	0.227661
0.885929	0.745440	0.227661
0.962778	0.761775	0.227662
1.040376	0.774065	0.227661
1.118510	0.782278	0.227661
1.196967	0.786389	0.227661
1.275532	0.786389	0.227661
1.353990	0.782278	0.227661
1.432125	0.774065	0.227661
1.509722	0.761775	0.227662
1.586570	0.745440	0.227661
1.662459	0.725106	0.227661
1.737178	0.700828	0.227661
1.810525	0.672673	0.227661
1.882298	0.640718	0.227661
1.952299	0.605050	0.227661
2.020339	0.565768	0.227661
2.086229	0.522978	0.227661
2.149790	0.476799	0.227661
2.210846	0.427356	0.227661
2.269231	0.374786	0.227661
2.324785	0.319232	0.227661
2.377355	0.260846	0.227661
2.426798	0.199790	0.227661
2.472977	0.136230	0.227662
2.515766	0.070339	0.227661
Tiha nadnasypu pusobici na bloky:
P	h_ver	X_p	Y_p
0.000000	0.070195	-0.104267	0.107269
0.000000	0.067847	-0.059466	0.176294
0.000000	0.065314	-0.011114	0.242881
0.000000	0.062602	0.040657	0.306846
0.000000	0.059718	0.095706	0.368017
0.000000	0.056670	0.153882	0.426223
0.000000	0.053467	0.215026	0.481307
0.000000	0.050117	0.278971	0.533117
0.000000	0.046630	0.345543	0.581511
0.000000	0.043015	0.414559	0.626357
0.000000	0.039283	0.485833	0.667530
0.000000	0.035442	0.559168	0.704919
0.000000	0.031505	0.634365	0.738419
0.000000	0.027481	0.711218	0.767939
0.000000	0.023382	0.789517	0.793397
0.000000	0.019219	0.869048	0.814721
0.000000	0.015003	0.949591	0.831853
0.000000	0.010746	1.030926	0.844744
0.000000	0.006459	1.112828	0.853358
0.000000	0.002155	1.195071	0.857672
0.000000	-0.002155	1.277429	0.857672
0.000000	-0.006459	1.359672	0.853358
0.000000	-0.010746	1.441574	0.844744
0.000000	-0.015003	1.522909	0.831853
0.000000	-0.019219	1.603452	0.814721
0.000000	-0.023382	1.682983	0.793397
0.000000	-0.027481	1.761282	0.767939
0.000000	-0.031505	1.838135	0.738420
0.000000	-0.035442	1.913332	0.704919
0.000000	-0.039283	1.986668	0.667530
0.000000	-0.043016	2.057940	0.626357
0.000000	-0.046630	2.126957	0.581511
0.000000	-0.050117	2.193529	0.533117
0.000000	-0.053467	2.257474	0.481307
0.000000	-0.056670	2.318619	0.426223
0.000000	-0.059718	2.376793	0.368017
0.000000	-0.062602	2.431843	0.306846
0.000000	-0.065314	2.483614	0.242880
0.000000	-0.067848	2.531968	0.176292
0.000000	-0.070195	2.576767	0.107270
Vnejsi zatizeni pusobici na bloky:
X_q	Y_q	Q
-0.125574	0.072500	0.000000
-0.082558	0.142695	0.000000
-0.035928	0.210542	0.000000
0.014189	0.275856	0.000000
0.067656	0.338458	0.000000
0.124325	0.398175	0.000000
0.184043	0.454845	0.000000
0.246644	0.508312	0.000000
0.311958	0.558429	0.000000
0.379806	0.605059	0.000000
0.450001	0.648075	0.000000
0.522350	0.687358	0.000000
0.596657	0.722800	0.000000
0.672717	0.754305	0.000000
0.750321	0.781786	0.000000
0.829257	0.805168	0.000000
0.909309	0.824387	0.000000
0.990257	0.839390	0.000000
1.071879	0.850136	0.000000
1.153952	0.856595	0.000000
1.236250	0.858750	0.000000
1.318548	0.856595	0.000000
1.400621	0.850136	0.000000
1.482243	0.839390	0.000000
1.563191	0.824387	0.000000
1.643243	0.805168	0.000000
1.722179	0.781786	0.000000
1.799783	0.754305	0.000000
1.875843	0.722800	0.000000
1.950150	0.687358	0.000000
2.022500	0.648075	0.000000
2.092694	0.605059	0.000000
2.160542	0.558429	0.000000
2.225856	0.508312	0.000000
2.288457	0.454845	0.000000
2.400000	0.332876	1.000000
2.404845	0.338458	0.000000
2.458311	0.275856	0.000000
2.508428	0.210542	0.000000
2.555058	0.142695	0.000000
Ortogonalni lokalni souradnice jednotlivych bloku:
a	alfa	b	beta
0.072500	2.617995	0.078531	1.021018
0.072500	2.565635	0.078531	0.968659
0.072500	2.513275	0.078531	0.916299
0.072500	2.460915	0.078531	0.863939
0.072500	2.408555	0.078531	0.811579
0.072500	2.356195	0.078531	0.759219
0.072500	2.303835	0.078531	0.706859
0.072500	2.251475	0.078531	0.654500
0.072500	2.199115	0.078531	0.602139
0.072500	2.146756	0.078531	0.549778
0.072500	2.094395	0.078531	0.497420
0.072500	2.042036	0.078531	0.445059
0.072500	1.989676	0.078531	0.392700
0.072500	1.937316	0.078531	0.340338
0.072500	1.884957	0.078531	0.287981
0.072500	1.832596	0.078531	0.235619
0.072500	1.780236	0.078531	0.183260
0.072500	1.727876	0.078531	0.130899
0.072500	1.675516	0.078531	0.078541
0.072500	1.623156	0.078531	0.026179
0.072500	1.570796	0.078531	-0.026179
0.072500	1.518436	0.078531	-0.078540
0.072500	1.466077	0.078531	-0.130900
0.072500	1.413716	0.078531	-0.183260
0.072500	1.361356	0.078531	-0.235619
0.072500	1.308997	0.078531	-0.287979
0.072500	1.256637	0.078531	-0.340341
0.072500	1.204276	0.078531	-0.392699
0.072500	1.151917	0.078531	-0.445058
0.072500	1.099557	0.078531	-0.497421
0.072500	1.047197	0.078531	-0.549780
0.072500	0.994838	0.078531	-0.602137
0.072500	0.942477	0.078531	-0.654499
0.072500	0.890118	0.078531	-0.706859
0.072500	0.837758	0.078531	-0.759219
0.072500	0.785397	0.078531	-0.811578
0.072500	0.733037	0.078531	-0.863940
0.072500	0.680678	0.078531	-0.916301
0.072500	0.628319	0.078531	-0.968656
0.072500	0.575958	0.078531	-1.021019
0.072500	0.523597	1.000000	-1.047199
Transformovane zatizeni vlastni tihou klenby:
Px	Py	Mp
0.000000	0.227661	0.004444
0.000000	0.227661	0.004844
0.000000	0.227661	0.005231
0.000000	0.227661	0.005603
0.000000	0.227661	0.005961
0.000000	0.227661	0.006301
0.000000	0.227661	0.006625
0.000000	0.227661	0.006930
0.000000	0.227661	0.007216
0.000000	0.227661	0.007483
0.000000	0.227661	0.007729
0.000000	0.227661	0.007954
0.000000	0.227661	0.008157
0.000000	0.227661	0.008338
0.000000	0.227661	0.008496
0.000000	0.227661	0.008630
0.000000	0.227662	0.008741
0.000000	0.227661	0.008828
0.000000	0.227661	0.008891
0.000000	0.227661	0.008929
0.000000	0.227661	0.008943
0.000000	0.227661	0.008933
0.000000	0.227661	0.008897
0.000000	0.227662	0.008838
0.000000	0.227661	0.008754
0.000000	0.227661	0.008647
0.000000	0.227661	0.008515
0.000000	0.227661	0.008360
0.000000	0.227661	0.008183
0.000000	0.227661	0.007983
0.000000	0.227661	0.007761
0.000000	0.227661	0.007518
0.000000	0.227661	0.007254
0.000000	0.227661	0.006970
0.000000	0.227661	0.006667
0.000000	0.227661	0.006346
0.000000	0.227661	0.006008
0.000000	0.227661	0.005653
0.000000	0.227662	0.005282
0.000000	0.227661	0.004897
0.000000	0.000000	0.000000
Transformovane zatizeni nadnasypem:
Px	Py	Mp
0.000000	0.000000	0.000000
0.000000	0.000000	0.000000
0.000000	0.000000	0.000000
0.000000	0.000000	0.000000
0.000000	0.000000	0.000000
0.000000	0.000000	0.000000
0.000000	0.000000	0.000000
0.000000	0.000000	0.000000
0.000000	0.000000	0.000000
0.000000	0.000000	0.000000
0.000000	0.000000	0.000000
0.000000	0.000000	0.000000
0.000000	0.000000	0.000000
0.000000	0.000000	0.000000
0.000000	0.000000	0.000000
0.000000	0.000000	0.000000
0.000000	0.000000	0.000000
0.000000	0.000000	0.000000
0.000000	0.000000	0.000000
0.000000	0.000000	0.000000
0.000000	0.000000	0.000000
0.000000	0.000000	0.000000
0.000000	0.000000	0.000000
0.000000	0.000000	0.000000
0.000000	0.000000	0.000000
0.000000	0.000000	0.000000
0.000000	0.000000	0.000000
0.000000	0.000000	0.000000
0.000000	0.000000	0.000000
0.000000	0.000000	0.000000
0.000000	0.000000	0.000000
0.000000	0.000000	0.000000
0.000000	0.000000	0.000000
0.000000	0.000000	0.000000
0.000000	0.000000	0.000000
0.000000	0.000000	0.000000
0.000000	0.000000	0.000000
0.000000	0.000000	0.000000
0.000000	0.000000	0.000000
0.000000	0.000000	0.000000
0.000000	0.000000	0.000000
Transformovane zatizeni vnejsich sil:
Qx	Qy	Mq
0.000000	0.000000	0.000000
0.000000	0.000000	0.000000
0.000000	0.000000	0.000000
0.000000	0.000000	0.000000
0.000000	0.000000	0.000000
0.000000	0.000000	0.000000
0.000000	0.000000	0.000000
0.000000	0.000000	0.000000
0.000000	0.000000	0.000000
0.000000	0.000000	0.000000
0.000000	0.000000	0.000000
0.000000	0.000000	0.000000
0.000000	0.000000	0.000000
0.000000	0.000000	0.000000
0.000000	0.000000	0.000000
0.000000	0.000000	0.000000
0.000000	0.000000	0.000000
0.000000	0.000000	0.000000
0.000000	0.000000	0.000000
0.000000	0.000000	0.000000
0.000000	0.000000	0.000000
0.000000	0.000000	0.000000
0.000000	0.000000	0.000000
0.000000	0.000000	0.000000
0.000000	0.000000	0.000000
0.000000	0.000000	0.000000
0.000000	0.000000	0.000000
0.000000	0.000000	0.000000
0.000000	0.000000	0.000000
0.000000	0.000000	0.000000
0.000000	0.000000	0.000000
0.000000	0.000000	0.000000
0.000000	0.000000	0.000000
0.000000	0.000000	0.000000
0.000000	0.000000	0.000000
0.000000	1.000000	0.103091
0.000000	0.000000	0.000000
0.000000	0.000000	0.000000
0.000000	0.000000	0.000000
0.000000	0.000000	0.000000
0.000000	0.000000	0.000000

*** vysledky vypoctu ***
 icase = 0
         0 -> O.K.,
        -1 -> nelze splnit omezujici podminky,
        +1 -> cilova funkce je na polyedru neomezena.
 lambda = 21.375492
 pocet bloku N = 40
 Vektor lokalnich deformaci:
   2: fi 00 ext = 5.672404
  33: fi 16 int = 10.493377
  74: fi 36 ext = 19.946556
  81: fi 40 int = 15.125582
 Vektor indexu spary mezi bloky:
0		1		2		3		4		5		6		7		8		9		10		11		12		13		14		15		16		17		18		19		20		21		22		23		24		25		26		27		28		29		30		31		32		33		34		35		36		37		38		39		40		
 Vektor normalovych sil ve sparach (+ znaci tlak):
6.657405	6.559660	6.456701	6.349597	6.240851	6.130847	6.020806	5.911605	5.805414	5.701696	5.602401	5.509350	5.422123	5.341046	5.268755	5.203657	5.147428	5.100547	5.064119	5.036447	5.019122	5.011630	5.014658	5.027122	5.050549	5.081861	5.122581	5.172282	5.229909	5.295290	5.366585	5.444394	5.527560	5.614659	5.704634	5.796497	21.774597	22.594261	23.367184	24.090065	24.759775	
 Vektor vzdalenosti N od hornoho povrchu klenby:
0.000000	0.020940	0.039817	0.056768	0.071922	0.085381	0.097239	0.107597	0.116522	0.124093	0.130408	0.135499	0.139432	0.142301	0.144136	0.145019	0.145000	0.144120	0.142405	0.139959	0.136760	0.132888	0.128313	0.123092	0.117202	0.110652	0.103408	0.095456	0.086747	0.077244	0.066880	0.055608	0.043332	0.029975	0.015439	-0.000376	0.000000	0.045552	0.084451	0.117408	0.145000	
 Vektor posouvajicich sil ve sparach:
-1.951901	-1.724681	-1.512936	-1.316157	-1.134381	-0.967201	-0.814158	-0.674911	-0.548726	-0.435056	-0.333251	-0.242364	-0.161684	-0.090240	-0.027088	0.028802	0.078427	0.122867	0.163279	0.200677	0.236351	0.271395	0.306820	0.344022	0.383953	0.427835	0.476659	0.531508	0.593597	0.663573	0.742566	0.831572	0.931169	1.042251	1.165535	1.301459	-12.852301	-11.838282	-10.773429	-9.659691	-8.499519	
 Vektor d_crush:
0.003329	0.003280	0.003228	0.003175	0.003120	0.003065	0.003010	0.002956	0.002903	0.002851	0.002801	0.002755	0.002711	0.002671	0.002634	0.002602	0.002574	0.002550	0.002532	0.002518	0.002510	0.002506	0.002507	0.002514	0.002525	0.002541	0.002561	0.002586	0.002615	0.002648	0.002683	0.002722	0.002764	0.002807	0.002852	0.002898	0.010887	0.011297	0.011684	0.012045	0.012380	

 * Iterace c. 1 * Delta = 4.135389 *
 icase = 0
         0 -> O.K.,
        -1 -> nelze splnit omezujici podminky,
        +1 -> cilova funkce je na polyedru neomezena.
 lambda = 17.240103
 pocet bloku N = 40
 Vektor lokalnich deformaci:
   2: fi 00 ext = 4.710346
  33: fi 16 int = 8.823544
  74: fi 36 ext = 17.132975
  81: fi 40 int = 13.019779
 Vektor indexu spary mezi bloky:
0		1		2		3		4		5		6		7		8		9		10		11		12		13		14		15		16		17		18		19		20		21		22		23		24		25		26		27		28		29		30		31		32		33		34		35		36		37		38		39		40		
 Vektor normalovych sil ve sparach (+ znaci tlak):
6.543863	6.441879	6.334987	6.225110	6.112808	5.999907	5.887200	5.775800	5.667452	5.563819	5.463383	5.369050	5.281872	5.201333	5.128425	5.065480	5.010926	4.965819	4.931015	4.905441	4.891186	4.886843	4.893415	4.909357	4.936604	4.972517	5.018614	5.072253	5.135744	5.207132	5.284283	5.368166	5.457512	5.551033	5.647281	5.746153	18.658493	19.344618	19.992702	20.599968	21.163879	
 Vektor vzdalenosti N od hornoho povrchu klenby:
0.001664	0.021999	0.040317	0.056761	0.071442	0.084486	0.095982	0.106026	0.114696	0.122068	0.128253	0.133283	0.137239	0.140213	0.142245	0.143380	0.143713	0.143294	0.142149	0.140352	0.137907	0.134853	0.131210	0.126988	0.122159	0.116737	0.110678	0.103965	0.096523	0.088317	0.079288	0.069353	0.058445	0.046452	0.033299	0.018878	0.005444	0.047597	0.083476	0.113708	0.138810	
 Vektor posouvajicich sil ve sparach:
-1.869486	-1.648389	-1.442872	-1.252558	-1.077383	-0.916979	-0.770944	-0.638720	-0.519734	-0.413257	-0.318693	-0.235233	-0.161848	-0.097711	-0.041894	0.006704	0.049103	0.086394	0.119763	0.150315	0.179144	0.207487	0.236561	0.267488	0.301352	0.339406	0.382626	0.432210	0.489096	0.554411	0.629017	0.713802	0.809516	0.917166	1.037188	1.170336	-10.218660	-9.371499	-8.479986	-7.546114	-6.571354	
 Vektor d_crush:
0.003272	0.003221	0.003167	0.003113	0.003056	0.003000	0.002944	0.002888	0.002834	0.002782	0.002732	0.002685	0.002641	0.002601	0.002564	0.002533	0.002505	0.002483	0.002466	0.002453	0.002446	0.002443	0.002447	0.002455	0.002468	0.002486	0.002509	0.002536	0.002568	0.002604	0.002642	0.002684	0.002729	0.002776	0.002824	0.002873	0.009329	0.009672	0.009996	0.010300	0.010582	

 * Iterace c. 2 * Delta = -0.508352 *
 icase = 0
         0 -> O.K.,
        -1 -> nelze splnit omezujici podminky,
        +1 -> cilova funkce je na polyedru neomezena.
 lambda = 17.748455
 pocet bloku N = 40
 Vektor lokalnich deformaci:
   2: fi 00 ext = 4.829961
  33: fi 16 int = 9.030349
  74: fi 36 ext = 17.486038
  81: fi 40 int = 13.285649
 Vektor indexu spary mezi bloky:
0		1		2		3		4		5		6		7		8		9		10		11		12		13		14		15		16		17		18		19		20		21		22		23		24		25		26		27		28		29		30		31		32		33		34		35		36		37		38		39		40		
 Vektor normalovych sil ve sparach (+ znaci tlak):
6.556841	6.455062	6.348765	6.238962	6.127307	6.014499	5.902075	5.791476	5.683138	5.577972	5.479023	5.384014	5.296843	5.216310	5.144608	5.079908	5.025695	4.979994	4.943865	4.919094	4.904069	4.899182	4.905468	4.921576	4.947925	4.983230	5.029035	5.082267	5.145234	5.215336	5.292225	5.375164	5.463411	5.556410	5.652756	5.750593	19.039419	19.742275	20.405806	21.027441	21.604370	
 Vektor vzdalenosti N od hornoho povrchu klenby:
0.001636	0.022019	0.040388	0.056874	0.071596	0.084668	0.096193	0.106251	0.114926	0.122329	0.128490	0.133517	0.137456	0.140384	0.142366	0.143473	0.143747	0.143264	0.142046	0.140142	0.137604	0.134440	0.130672	0.126307	0.121354	0.115787	0.109592	0.102734	0.095140	0.086800	0.077599	0.067521	0.056447	0.044317	0.031011	0.016438	0.004665	0.047309	0.083622	0.114248	0.139709	
 Vektor posouvajicich sil ve sparach:
-1.877254	-1.655519	-1.449329	-1.258339	-1.082352	-0.921222	-0.774373	-0.641375	-0.521539	-0.414355	-0.319059	-0.234685	-0.160543	-0.095671	-0.039019	0.010316	0.053531	0.091581	0.125666	0.156904	0.186467	0.215537	0.245241	0.276773	0.311277	0.349883	0.393716	0.443761	0.501269	0.566992	0.641989	0.727193	0.823267	0.931204	1.051597	1.184938	-10.544138	-9.676437	-8.763785	-7.807837	-6.810423	
 Vektor d_crush:
0.003278	0.003228	0.003174	0.003119	0.003064	0.003007	0.002951	0.002896	0.002842	0.002789	0.002740	0.002692	0.002648	0.002608	0.002572	0.002540	0.002513	0.002490	0.002472	0.002460	0.002452	0.002450	0.002453	0.002461	0.002474	0.002492	0.002515	0.002541	0.002573	0.002608	0.002646	0.002688	0.002732	0.002778	0.002826	0.002875	0.009520	0.009871	0.010203	0.010514	0.010802	

 * Iterace c. 3 * Delta = 0.063631 *
 icase = 0
         0 -> O.K.,
        -1 -> nelze splnit omezujici podminky,
        +1 -> cilova funkce je na polyedru neomezena.
 lambda = 17.684824
 pocet bloku N = 40
 Vektor lokalnich deformaci:
   2: fi 00 ext = 4.814972
  33: fi 16 int = 9.004436
  74: fi 36 ext = 17.441755
  81: fi 40 int = 13.252293
 Vektor indexu spary mezi bloky:
0		1		2		3		4		5		6		7		8		9		10		11		12		13		14		15		16		17		18		19		20		21		22		23		24		25		26		27		28		29		30		31		32		33		34		35		36		37		38		39		40		
 Vektor normalovych sil ve sparach (+ znaci tlak):
6.555175	6.453438	6.346892	6.237396	6.125401	6.012576	5.899869	5.789350	5.680665	5.576894	5.476487	5.382548	5.294549	5.213873	5.142460	5.078700	5.023506	4.977926	4.942257	4.917444	4.901972	4.897393	4.904079	4.919588	4.945914	4.981808	5.027242	5.081219	5.143867	5.214159	5.291321	5.374732	5.463008	5.555774	5.651954	5.750343	18.991747	19.692411	20.354105	20.974016	21.549282	
 Vektor vzdalenosti N od hornoho povrchu klenby:
0.001639	0.022017	0.040379	0.056859	0.071574	0.084645	0.096163	0.106221	0.114903	0.122280	0.128452	0.133465	0.137422	0.140363	0.142338	0.143448	0.143744	0.143247	0.142053	0.140167	0.137640	0.134489	0.130731	0.126392	0.121453	0.115908	0.109725	0.102874	0.095315	0.086973	0.077808	0.067748	0.056698	0.044579	0.031299	0.016746	0.004760	0.047344	0.083604	0.114182	0.139599	
 Vektor posouvajicich sil ve sparach:
-1.876249	-1.654612	-1.448404	-1.257549	-1.081696	-0.920666	-0.773946	-0.640942	-0.521244	-0.414220	-0.318957	-0.234781	-0.160685	-0.095855	-0.039374	0.009895	0.052969	0.090952	0.124938	0.156119	0.185541	0.214483	0.244169	0.275605	0.310011	0.348561	0.392319	0.442342	0.499638	0.565458	0.640378	0.725432	0.821495	0.929402	1.049669	1.183076	-10.503439	-9.638341	-8.728258	-7.775042	-6.780579	
 Vektor d_crush:
0.003278	0.003227	0.003173	0.003119	0.003063	0.003006	0.002950	0.002895	0.002840	0.002788	0.002738	0.002691	0.002647	0.002607	0.002571	0.002539	0.002512	0.002489	0.002471	0.002459	0.002451	0.002449	0.002452	0.002460	0.002473	0.002491	0.002514	0.002541	0.002572	0.002607	0.002646	0.002687	0.002732	0.002778	0.002826	0.002875	0.009496	0.009846	0.010177	0.010487	0.010775	

 * Iterace c. 4 * Delta = -0.007940 *
 icase = 0
         0 -> O.K.,
        -1 -> nelze splnit omezujici podminky,
        +1 -> cilova funkce je na polyedru neomezena.
 lambda = 17.692764
 pocet bloku N = 40
 Vektor lokalnich deformaci:
   2: fi 00 ext = 4.816880
  33: fi 16 int = 9.007710
  74: fi 36 ext = 17.447355
  81: fi 40 int = 13.256522
 Vektor indexu spary mezi bloky:
0		1		2		3		4		5		6		7		8		9		10		11		12		13		14		15		16		17		18		19		20		21		22		23		24		25		26		27		28		29		30		31		32		33		34		35		36		37		38		39		40		
 Vektor normalovych sil ve sparach (+ znaci tlak):
6.555357	6.453642	6.347167	6.237447	6.125462	6.012609	5.900609	5.789417	5.681410	5.576517	5.477424	5.382843	5.295019	5.214464	5.142346	5.078249	5.023766	4.978156	4.942975	4.918080	4.902868	4.898767	4.903719	4.920010	4.946690	4.982005	5.027490	5.081839	5.143422	5.214248	5.290790	5.374555	5.462927	5.555929	5.651873	5.750147	18.997602	19.698568	20.360537	20.980680	21.556128	
 Vektor vzdalenosti N od hornoho povrchu klenby:
0.001639	0.022019	0.040380	0.056861	0.071582	0.084649	0.096169	0.106225	0.114906	0.122300	0.128456	0.133479	0.137431	0.140369	0.142358	0.143471	0.143744	0.143263	0.142049	0.140151	0.137632	0.134467	0.130735	0.126379	0.121443	0.115895	0.109714	0.102866	0.095298	0.086961	0.077789	0.067723	0.056672	0.044552	0.031261	0.016709	0.004748	0.047340	0.083607	0.114190	0.139613	
 Vektor posouvajicich sil ve sparach:
-1.876402	-1.654770	-1.448549	-1.257709	-1.081855	-0.920727	-0.774006	-0.641060	-0.521358	-0.414235	-0.318981	-0.234707	-0.160704	-0.095869	-0.039318	0.009928	0.053068	0.091003	0.125005	0.156138	0.185702	0.214698	0.244301	0.275783	0.310240	0.348757	0.392500	0.442511	0.499868	0.565590	0.640501	0.725642	0.821803	0.929650	1.049953	1.183305	-10.508445	-9.643013	-8.732771	-7.779160	-6.784281	
 Vektor d_crush:
0.003278	0.003227	0.003174	0.003119	0.003063	0.003006	0.002950	0.002895	0.002841	0.002788	0.002739	0.002691	0.002648	0.002607	0.002571	0.002539	0.002512	0.002489	0.002471	0.002459	0.002451	0.002449	0.002452	0.002460	0.002473	0.002491	0.002514	0.002541	0.002572	0.002607	0.002645	0.002687	0.002731	0.002778	0.002826	0.002875	0.009499	0.009849	0.010180	0.010490	0.010778	
