Vstupni soubor: zlamal3_6.in
***kopie vstupniho souboru***

 2.472500
 0.713750
 1
 0.145000
 20.000000
 0.600000
 40
 1
 1.2 1.000000 0.200000
 0.500000
 0.000000
 0 30.000000
 0 0.600000 0.400000 2.400000
 1
 4 2000.000000 inter1.txt
*****************************
Ortoganalni souradnice intrados a extrados:
X_int	Y_int	X_ext	Y_ext
0.000000	0.000000	-0.125574	0.072500
0.039049	0.063722	-0.082558	0.142695
0.081379	0.125313	-0.035928	0.210542
0.126875	0.184605	0.014189	0.275856
0.175412	0.241434	0.067656	0.338458
0.226856	0.295645	0.124325	0.398175
0.281067	0.347089	0.184043	0.454845
0.337896	0.395626	0.246644	0.508312
0.397187	0.441122	0.311958	0.558429
0.458778	0.483452	0.379806	0.605059
0.522501	0.522501	0.450001	0.648075
0.588179	0.558162	0.522350	0.687358
0.655634	0.590336	0.596657	0.722800
0.724680	0.618936	0.672717	0.754305
0.795129	0.643883	0.750321	0.781786
0.866786	0.665109	0.829257	0.805168
0.939456	0.682556	0.909309	0.824387
1.012940	0.696175	0.990257	0.839390
1.087036	0.705930	1.071879	0.850136
1.161541	0.711794	1.153952	0.856595
1.236250	0.713750	1.236250	0.858750
1.310960	0.711794	1.318548	0.856595
1.385464	0.705930	1.400621	0.850136
1.459560	0.696175	1.482243	0.839390
1.533044	0.682556	1.563191	0.824387
1.605714	0.665109	1.643243	0.805168
1.677372	0.643883	1.722179	0.781786
1.747820	0.618936	1.799783	0.754305
1.816866	0.590336	1.875843	0.722800
1.884321	0.558162	1.950150	0.687358
1.949999	0.522501	2.022500	0.648075
2.013722	0.483452	2.092694	0.605059
2.075313	0.441122	2.160542	0.558429
2.134604	0.395626	2.225856	0.508312
2.191433	0.347089	2.288457	0.454845
2.245644	0.295645	2.348175	0.398175
2.297088	0.241434	2.404845	0.338458
2.345625	0.184605	2.458311	0.275856
2.391121	0.125313	2.508428	0.210542
2.433451	0.063722	2.555058	0.142695
2.472500	0.000000	2.598074	0.072500
Vlastni tiha klenby - jednotlive bloky:
X_p	Y_p	P
-0.043266	0.070339	0.227661
-0.000477	0.136230	0.227661
0.045702	0.199790	0.227661
0.095145	0.260847	0.227661
0.147715	0.319232	0.227661
0.203269	0.374786	0.227661
0.261654	0.427356	0.227661
0.322711	0.476799	0.227661
0.386271	0.522978	0.227661
0.452161	0.565768	0.227661
0.520200	0.605050	0.227661
0.590202	0.640718	0.227661
0.661975	0.672673	0.227661
0.735322	0.700828	0.227661
0.810042	0.725106	0.227661
0.885929	0.745440	0.227661
0.962778	0.761775	0.227662
1.040376	0.774065	0.227661
1.118510	0.782278	0.227661
1.196967	0.786389	0.227661
1.275532	0.786389	0.227661
1.353990	0.782278	0.227661
1.432125	0.774065	0.227661
1.509722	0.761775	0.227662
1.586570	0.745440	0.227661
1.662459	0.725106	0.227661
1.737178	0.700828	0.227661
1.810525	0.672673	0.227661
1.882298	0.640718	0.227661
1.952299	0.605050	0.227661
2.020339	0.565768	0.227661
2.086229	0.522978	0.227661
2.149790	0.476799	0.227661
2.210846	0.427356	0.227661
2.269231	0.374786	0.227661
2.324785	0.319232	0.227661
2.377355	0.260846	0.227661
2.426798	0.199790	0.227661
2.472977	0.136230	0.227662
2.515766	0.070339	0.227661
Tiha nadnasypu pusobici na bloky:
P	h_ver	X_p	Y_p
0.000000	0.070195	-0.104267	0.107269
0.000000	0.067847	-0.059466	0.176294
0.000000	0.065314	-0.011114	0.242881
0.000000	0.062602	0.040657	0.306846
0.000000	0.059718	0.095706	0.368017
0.000000	0.056670	0.153882	0.426223
0.000000	0.053467	0.215026	0.481307
0.000000	0.050117	0.278971	0.533117
0.000000	0.046630	0.345543	0.581511
0.000000	0.043015	0.414559	0.626357
0.000000	0.039283	0.485833	0.667530
0.000000	0.035442	0.559168	0.704919
0.000000	0.031505	0.634365	0.738419
0.000000	0.027481	0.711218	0.767939
0.000000	0.023382	0.789517	0.793397
0.000000	0.019219	0.869048	0.814721
0.000000	0.015003	0.949591	0.831853
0.000000	0.010746	1.030926	0.844744
0.000000	0.006459	1.112828	0.853358
0.000000	0.002155	1.195071	0.857672
0.000000	-0.002155	1.277429	0.857672
0.000000	-0.006459	1.359672	0.853358
0.000000	-0.010746	1.441574	0.844744
0.000000	-0.015003	1.522909	0.831853
0.000000	-0.019219	1.603452	0.814721
0.000000	-0.023382	1.682983	0.793397
0.000000	-0.027481	1.761282	0.767939
0.000000	-0.031505	1.838135	0.738420
0.000000	-0.035442	1.913332	0.704919
0.000000	-0.039283	1.986668	0.667530
0.000000	-0.043016	2.057940	0.626357
0.000000	-0.046630	2.126957	0.581511
0.000000	-0.050117	2.193529	0.533117
0.000000	-0.053467	2.257474	0.481307
0.000000	-0.056670	2.318619	0.426223
0.000000	-0.059718	2.376793	0.368017
0.000000	-0.062602	2.431843	0.306846
0.000000	-0.065314	2.483614	0.242880
0.000000	-0.067848	2.531968	0.176292
0.000000	-0.070195	2.576767	0.107270
Vnejsi zatizeni pusobici na bloky:
X_q	Y_q	Q
-0.125574	0.072500	0.000000
-0.082558	0.142695	0.000000
-0.035928	0.210542	0.000000
0.014189	0.275856	0.000000
0.067656	0.338458	0.000000
0.124325	0.398175	0.000000
0.184043	0.454845	0.000000
0.246644	0.508312	0.000000
0.311958	0.558429	0.000000
0.379806	0.605059	0.000000
0.450001	0.648075	0.000000
0.522350	0.687358	0.000000
0.596657	0.722800	0.000000
0.672717	0.754305	0.000000
0.750321	0.781786	0.000000
0.829257	0.805168	0.000000
0.909309	0.824387	0.000000
0.990257	0.839390	0.000000
1.071879	0.850136	0.000000
1.200000	0.860447	1.000000
1.236250	0.858750	0.000000
1.318548	0.856595	0.000000
1.400621	0.850136	0.000000
1.482243	0.839390	0.000000
1.563191	0.824387	0.000000
1.643243	0.805168	0.000000
1.722179	0.781786	0.000000
1.799783	0.754305	0.000000
1.875843	0.722800	0.000000
1.950150	0.687358	0.000000
2.022500	0.648075	0.000000
2.092694	0.605059	0.000000
2.160542	0.558429	0.000000
2.225856	0.508312	0.000000
2.288457	0.454845	0.000000
2.348175	0.398175	0.000000
2.404845	0.338458	0.000000
2.458311	0.275856	0.000000
2.508428	0.210542	0.000000
2.555058	0.142695	0.000000
Ortogonalni lokalni souradnice jednotlivych bloku:
a	alfa	b	beta
0.072500	2.617995	0.078531	1.021018
0.072500	2.565635	0.078531	0.968659
0.072500	2.513275	0.078531	0.916299
0.072500	2.460915	0.078531	0.863939
0.072500	2.408555	0.078531	0.811579
0.072500	2.356195	0.078531	0.759219
0.072500	2.303835	0.078531	0.706859
0.072500	2.251475	0.078531	0.654500
0.072500	2.199115	0.078531	0.602139
0.072500	2.146756	0.078531	0.549778
0.072500	2.094395	0.078531	0.497420
0.072500	2.042036	0.078531	0.445059
0.072500	1.989676	0.078531	0.392700
0.072500	1.937316	0.078531	0.340338
0.072500	1.884957	0.078531	0.287981
0.072500	1.832596	0.078531	0.235619
0.072500	1.780236	0.078531	0.183260
0.072500	1.727876	0.078531	0.130899
0.072500	1.675516	0.078531	0.078541
0.072500	1.623156	0.078531	0.026179
0.072500	1.570796	0.078531	-0.026179
0.072500	1.518436	0.078531	-0.078540
0.072500	1.466077	0.078531	-0.130900
0.072500	1.413716	0.078531	-0.183260
0.072500	1.361356	0.078531	-0.235619
0.072500	1.308997	0.078531	-0.287979
0.072500	1.256637	0.078531	-0.340341
0.072500	1.204276	0.078531	-0.392699
0.072500	1.151917	0.078531	-0.445058
0.072500	1.099557	0.078531	-0.497421
0.072500	1.047197	0.078531	-0.549780
0.072500	0.994838	0.078531	-0.602137
0.072500	0.942477	0.078531	-0.654499
0.072500	0.890118	0.078531	-0.706859
0.072500	0.837758	0.078531	-0.759219
0.072500	0.785397	0.078531	-0.811578
0.072500	0.733037	0.078531	-0.863940
0.072500	0.680678	0.078531	-0.916301
0.072500	0.628319	0.078531	-0.968656
0.072500	0.575958	0.078531	-1.021019
0.072500	0.523597	1.000000	-1.047199
Transformovane zatizeni vlastni tihou klenby:
Px	Py	Mp
0.000000	0.227661	0.004444
0.000000	0.227661	0.004844
0.000000	0.227661	0.005231
0.000000	0.227661	0.005603
0.000000	0.227661	0.005961
0.000000	0.227661	0.006301
0.000000	0.227661	0.006625
0.000000	0.227661	0.006930
0.000000	0.227661	0.007216
0.000000	0.227661	0.007483
0.000000	0.227661	0.007729
0.000000	0.227661	0.007954
0.000000	0.227661	0.008157
0.000000	0.227661	0.008338
0.000000	0.227661	0.008496
0.000000	0.227661	0.008630
0.000000	0.227662	0.008741
0.000000	0.227661	0.008828
0.000000	0.227661	0.008891
0.000000	0.227661	0.008929
0.000000	0.227661	0.008943
0.000000	0.227661	0.008933
0.000000	0.227661	0.008897
0.000000	0.227662	0.008838
0.000000	0.227661	0.008754
0.000000	0.227661	0.008647
0.000000	0.227661	0.008515
0.000000	0.227661	0.008360
0.000000	0.227661	0.008183
0.000000	0.227661	0.007983
0.000000	0.227661	0.007761
0.000000	0.227661	0.007518
0.000000	0.227661	0.007254
0.000000	0.227661	0.006970
0.000000	0.227661	0.006667
0.000000	0.227661	0.006346
0.000000	0.227661	0.006008
0.000000	0.227661	0.005653
0.000000	0.227662	0.005282
0.000000	0.227661	0.004897
0.000000	0.000000	0.000000
Transformovane zatizeni nadnasypem:
Px	Py	Mp
0.000000	0.000000	0.000000
0.000000	0.000000	0.000000
0.000000	0.000000	0.000000
0.000000	0.000000	0.000000
0.000000	0.000000	0.000000
0.000000	0.000000	0.000000
0.000000	0.000000	0.000000
0.000000	0.000000	0.000000
0.000000	0.000000	0.000000
0.000000	0.000000	0.000000
0.000000	0.000000	0.000000
0.000000	0.000000	0.000000
0.000000	0.000000	0.000000
0.000000	0.000000	0.000000
0.000000	0.000000	0.000000
0.000000	0.000000	0.000000
0.000000	0.000000	0.000000
0.000000	0.000000	0.000000
0.000000	0.000000	0.000000
0.000000	0.000000	0.000000
0.000000	0.000000	0.000000
0.000000	0.000000	0.000000
0.000000	0.000000	0.000000
0.000000	0.000000	0.000000
0.000000	0.000000	0.000000
0.000000	0.000000	0.000000
0.000000	0.000000	0.000000
0.000000	0.000000	0.000000
0.000000	0.000000	0.000000
0.000000	0.000000	0.000000
0.000000	0.000000	0.000000
0.000000	0.000000	0.000000
0.000000	0.000000	0.000000
0.000000	0.000000	0.000000
0.000000	0.000000	0.000000
0.000000	0.000000	0.000000
0.000000	0.000000	0.000000
0.000000	0.000000	0.000000
0.000000	0.000000	0.000000
0.000000	0.000000	0.000000
0.000000	0.000000	0.000000
Transformovane zatizeni vnejsich sil:
Qx	Qy	Mq
0.000000	0.000000	0.000000
0.000000	0.000000	0.000000
0.000000	0.000000	0.000000
0.000000	0.000000	0.000000
0.000000	0.000000	0.000000
0.000000	0.000000	0.000000
0.000000	0.000000	0.000000
0.000000	0.000000	0.000000
0.000000	0.000000	0.000000
0.000000	0.000000	0.000000
0.000000	0.000000	0.000000
0.000000	0.000000	0.000000
0.000000	0.000000	0.000000
0.000000	0.000000	0.000000
0.000000	0.000000	0.000000
0.000000	0.000000	0.000000
0.000000	0.000000	0.000000
0.000000	0.000000	0.000000
0.000000	0.000000	0.000000
0.000000	1.000000	0.042254
0.000000	0.000000	0.000000
0.000000	0.000000	0.000000
0.000000	0.000000	0.000000
0.000000	0.000000	0.000000
0.000000	0.000000	0.000000
0.000000	0.000000	0.000000
0.000000	0.000000	0.000000
0.000000	0.000000	0.000000
0.000000	0.000000	0.000000
0.000000	0.000000	0.000000
0.000000	0.000000	0.000000
0.000000	0.000000	0.000000
0.000000	0.000000	0.000000
0.000000	0.000000	0.000000
0.000000	0.000000	0.000000
0.000000	0.000000	0.000000
0.000000	0.000000	0.000000
0.000000	0.000000	0.000000
0.000000	0.000000	0.000000
0.000000	0.000000	0.000000
0.000000	0.000000	0.000000

*** vysledky vypoctu ***
 icase = 0
         0 -> O.K.,
        -1 -> nelze splnit omezujici podminky,
        +1 -> cilova funkce je na polyedru neomezena.
 lambda = 8.101000
 pocet bloku N = 40
 Vektor lokalnich deformaci:
  19: fi 09 int = 1.349130
  42: fi 20 ext = 9.096883
  61: fi 30 int = 14.662167
  82: fi 40 ext = 6.914417
 Vektor indexu spary mezi bloky:
0		1		2		3		4		5		6		7		8		9		10		11		12		13		14		15		16		17		18		19		20		21		22		23		24		25		26		27		28		29		30		31		32		33		34		35		36		37		38		39		40		
 Vektor normalovych sil ve sparach (+ znaci tlak):
12.827146	12.859946	12.870377	12.859509	12.828474	12.778288	12.709779	12.624286	12.522662	12.405979	12.275072	12.131373	11.975862	11.808975	11.632006	11.445869	11.251290	11.049447	10.840889	10.625834	10.405725	10.604703	10.798854	10.986957	11.168431	11.342462	11.508374	11.665587	11.813175	11.949880	12.075040	12.188060	12.287495	12.372527	12.442139	12.495277	12.531146	12.548555	12.546657	12.524337	12.480664	
 Vektor vzdalenosti N od hornoho povrchu klenby:
0.019585	0.046191	0.069310	0.089124	0.105786	0.119410	0.130088	0.137888	0.142851	0.145000	0.144343	0.140862	0.134523	0.125285	0.113078	0.097822	0.079420	0.057756	0.032699	0.004096	0.000000	0.028690	0.053928	0.075854	0.094592	0.110248	0.122916	0.132669	0.139573	0.143672	0.145000	0.143571	0.139386	0.132425	0.122652	0.110010	0.094417	0.075769	0.053933	0.028744	0.000000	
 Vektor posouvajicich sil ve sparach:
-4.609783	-4.056104	-3.511339	-2.976204	-2.451452	-1.937672	-1.435439	-0.945230	-0.467402	-0.002298	0.449813	0.888797	1.314509	1.726922	2.126058	2.512032	2.884927	3.244986	3.592414	3.927472	-3.850443	-3.527901	-3.194490	-2.849783	-2.493562	-2.125547	-1.745554	-1.353399	-0.948961	-0.532281	-0.103314	0.337874	0.791102	1.256141	1.732802	2.220602	2.719182	3.228034	3.746518	4.274054	4.809822	
 Vektor e_min:
0.003809	0.003818	0.003822	0.003818	0.003809	0.003794	0.003774	0.003748	0.003718	0.003684	0.003645	0.003602	0.003556	0.003506	0.003454	0.003399	0.003341	0.003281	0.003219	0.003155	0.003090	0.003149	0.003206	0.003262	0.003316	0.003368	0.003417	0.003464	0.003508	0.003548	0.003585	0.003619	0.003648	0.003674	0.003694	0.003710	0.003721	0.003726	0.003725	0.003719	0.003706	

 * Iterace c. 1 * Delta = 1.189803 *
 icase = 0
         0 -> O.K.,
        -1 -> nelze splnit omezujici podminky,
        +1 -> cilova funkce je na polyedru neomezena.
 lambda = 6.911197
 pocet bloku N = 40
 Vektor lokalnich deformaci:
  19: fi 09 int = 1.345485
  42: fi 20 ext = 8.376067
  61: fi 30 int = 13.222589
  82: fi 40 ext = 6.192013
 Vektor indexu spary mezi bloky:
0		1		2		3		4		5		6		7		8		9		10		11		12		13		14		15		16		17		18		19		20		21		22		23		24		25		26		27		28		29		30		31		32		33		34		35		36		37		38		39		40		
 Vektor normalovych sil ve sparach (+ znaci tlak):
11.788213	11.793683	11.779803	11.747656	11.698320	11.632916	11.552383	11.457881	11.350615	11.231474	11.101591	10.961926	10.813310	10.656766	10.493451	10.324013	10.149031	9.969872	9.786808	9.600693	9.411717	9.582753	9.751661	9.916919	10.078897	10.236440	10.388918	10.535674	10.675700	10.808390	10.932479	11.047278	11.151899	11.245052	11.326266	11.393728	11.447051	11.484871	11.506259	11.510124	11.495324	
 Vektor vzdalenosti N od hornoho povrchu klenby:
0.021424	0.046847	0.068954	0.087914	0.103860	0.116900	0.127116	0.134566	0.139293	0.141316	0.140641	0.137257	0.131139	0.122251	0.110536	0.095933	0.078362	0.057739	0.033961	0.006914	0.003090	0.030164	0.054075	0.074923	0.092799	0.107782	0.119948	0.129350	0.136038	0.140051	0.141415	0.140136	0.136215	0.129635	0.120361	0.108343	0.093507	0.075760	0.054981	0.031024	0.003706	
 Vektor posouvajicich sil ve sparach:
-4.061969	-3.563424	-3.075121	-2.597687	-2.131608	-1.677430	-1.235491	-0.806150	-0.389533	0.014100	0.404721	0.782342	1.146988	1.498801	1.837951	2.164713	2.479379	2.782287	3.073827	3.354475	-3.286532	-3.016800	-2.737544	-2.448300	-2.148621	-1.838108	-1.516374	-1.183106	-0.838078	-0.481039	-0.111897	0.269466	0.663101	1.068895	1.486781	1.916533	2.357898	2.810452	3.273883	3.747594	4.231019	
 Vektor e_min:
0.003500	0.003502	0.003498	0.003488	0.003474	0.003454	0.003430	0.003402	0.003370	0.003335	0.003296	0.003255	0.003211	0.003164	0.003116	0.003065	0.003013	0.002960	0.002906	0.002851	0.002795	0.002845	0.002895	0.002945	0.002993	0.003039	0.003085	0.003128	0.003170	0.003209	0.003246	0.003280	0.003311	0.003339	0.003363	0.003383	0.003399	0.003410	0.003416	0.003418	0.003413	

 * Iterace c. 2 * Delta = -0.099035 *
 icase = 0
         0 -> O.K.,
        -1 -> nelze splnit omezujici podminky,
        +1 -> cilova funkce je na polyedru neomezena.
 lambda = 7.010232
 pocet bloku N = 40
 Vektor lokalnich deformaci:
  19: fi 09 int = 1.345798
  42: fi 20 ext = 8.436364
  61: fi 30 int = 13.343324
  82: fi 40 ext = 6.252759
 Vektor indexu spary mezi bloky:
0		1		2		3		4		5		6		7		8		9		10		11		12		13		14		15		16		17		18		19		20		21		22		23		24		25		26		27		28		29		30		31		32		33		34		35		36		37		38		39		40		
 Vektor normalovych sil ve sparach (+ znaci tlak):
11.874282	11.882018	11.870184	11.839838	11.791986	11.727661	11.648146	11.554393	11.447590	11.328632	11.198674	11.058489	10.909245	10.752240	10.587305	10.416701	10.240396	10.058951	9.873627	9.685011	9.493811	9.667078	9.837666	10.005240	10.168797	10.327719	10.481419	10.628692	10.769713	10.902856	11.026644	11.141583	11.245731	11.338333	11.418526	11.485058	11.536787	11.573030	11.592388	11.594095	11.576943	
 Vektor vzdalenosti N od hornoho povrchu klenby:
0.021301	0.046826	0.069021	0.088055	0.104063	0.117154	0.127408	0.134889	0.139634	0.141665	0.140990	0.137595	0.131456	0.122531	0.110770	0.096104	0.078456	0.057733	0.033834	0.006644	0.002794	0.030021	0.054054	0.075002	0.092958	0.108007	0.120218	0.129658	0.136367	0.140390	0.141754	0.140461	0.136520	0.129907	0.120590	0.108517	0.093617	0.075791	0.054920	0.030855	0.003413	
 Vektor posouvajicich sil ve sparach:
-4.106879	-3.603786	-3.110799	-2.628575	-2.157670	-1.698551	-1.251606	-0.817216	-0.395556	0.013145	0.408881	0.791573	1.161264	1.518063	1.862176	2.193826	2.513291	2.820923	3.117079	3.402205	-3.333452	-3.059360	-2.775644	-2.481838	-2.177469	-1.862228	-1.535662	-1.197536	-0.847608	-0.485666	-0.111541	0.274751	0.673312	1.084016	1.506759	1.941319	2.387403	2.844617	3.312605	3.790768	4.278547	
 Vektor e_min:
0.003526	0.003528	0.003525	0.003516	0.003501	0.003482	0.003459	0.003431	0.003399	0.003364	0.003325	0.003284	0.003239	0.003193	0.003144	0.003093	0.003041	0.002987	0.002932	0.002876	0.002819	0.002870	0.002921	0.002971	0.003019	0.003067	0.003112	0.003156	0.003198	0.003237	0.003274	0.003308	0.003339	0.003367	0.003390	0.003410	0.003426	0.003436	0.003442	0.003443	0.003437	

 * Iterace c. 3 * Delta = 0.007978 *
 icase = 0
         0 -> O.K.,
        -1 -> nelze splnit omezujici podminky,
        +1 -> cilova funkce je na polyedru neomezena.
 lambda = 7.002254
 pocet bloku N = 40
 Vektor lokalnich deformaci:
  19: fi 09 int = 1.345788
  42: fi 20 ext = 8.431400
  61: fi 30 int = 13.333358
  82: fi 40 ext = 6.247744
 Vektor indexu spary mezi bloky:
0		1		2		3		4		5		6		7		8		9		10		11		12		13		14		15		16		17		18		19		20		21		22		23		24		25		26		27		28		29		30		31		32		33		34		35		36		37		38		39		40		
 Vektor normalovych sil ve sparach (+ znaci tlak):
11.867335	11.874883	11.862866	11.832305	11.784390	11.720043	11.640476	11.546634	11.439707	11.320806	11.190831	11.050671	10.901567	10.744240	10.579775	10.408973	10.232702	10.051703	9.866860	9.678553	9.487198	9.660402	9.830861	9.998036	10.161411	10.320320	10.473992	10.621573	10.762200	10.894994	11.019337	11.134116	11.238196	11.331029	11.411075	11.477683	11.529650	11.565901	11.585488	11.587338	11.570413	
 Vektor vzdalenosti N od hornoho povrchu klenby:
0.021308	0.046825	0.069013	0.088041	0.104045	0.117130	0.127383	0.134861	0.139605	0.141636	0.140961	0.137569	0.131430	0.122508	0.110751	0.096091	0.078448	0.057734	0.033846	0.006667	0.002819	0.030033	0.054056	0.074997	0.092946	0.107989	0.120199	0.129631	0.136341	0.140365	0.141726	0.140436	0.136495	0.129886	0.120572	0.108504	0.093608	0.075788	0.054926	0.030869	0.003437	
 Vektor posouvajicich sil ve sparach:
-4.103280	-3.600557	-3.107946	-2.626101	-2.155604	-1.696852	-1.250351	-0.816335	-0.395098	0.013219	0.408526	0.790795	1.160073	1.516482	1.860203	2.191470	2.510547	2.817791	3.113591	3.398357	-3.329701	-3.055951	-2.772600	-2.479135	-2.175158	-1.860289	-1.534138	-1.196424	-0.846872	-0.485306	-0.111572	0.274346	0.672480	1.082788	1.505145	1.939308	2.385016	2.841898	3.309486	3.787296	4.274717	
 Vektor e_min:
0.003524	0.003526	0.003522	0.003513	0.003499	0.003480	0.003456	0.003428	0.003397	0.003361	0.003323	0.003281	0.003237	0.003190	0.003141	0.003091	0.003038	0.002985	0.002930	0.002874	0.002817	0.002868	0.002919	0.002969	0.003017	0.003064	0.003110	0.003154	0.003196	0.003235	0.003272	0.003306	0.003337	0.003364	0.003388	0.003408	0.003423	0.003434	0.003440	0.003441	0.003436	
