Vstupni soubor: zlamal3_12.in
***kopie vstupniho souboru***

 2.472500
 0.713750
 1
 0.145000
 20.000000
 0.600000
 40
 1
 2.4 1.000000 0.200000
 0.500000
 0.000000
 0 30.000000
 0 0.600000 0.400000 2.400000
 1
 4 2000.000000 inter1.txt
*****************************
Ortoganalni souradnice intrados a extrados:
X_int	Y_int	X_ext	Y_ext
0.000000	0.000000	-0.125574	0.072500
0.039049	0.063722	-0.082558	0.142695
0.081379	0.125313	-0.035928	0.210542
0.126875	0.184605	0.014189	0.275856
0.175412	0.241434	0.067656	0.338458
0.226856	0.295645	0.124325	0.398175
0.281067	0.347089	0.184043	0.454845
0.337896	0.395626	0.246644	0.508312
0.397187	0.441122	0.311958	0.558429
0.458778	0.483452	0.379806	0.605059
0.522501	0.522501	0.450001	0.648075
0.588179	0.558162	0.522350	0.687358
0.655634	0.590336	0.596657	0.722800
0.724680	0.618936	0.672717	0.754305
0.795129	0.643883	0.750321	0.781786
0.866786	0.665109	0.829257	0.805168
0.939456	0.682556	0.909309	0.824387
1.012940	0.696175	0.990257	0.839390
1.087036	0.705930	1.071879	0.850136
1.161541	0.711794	1.153952	0.856595
1.236250	0.713750	1.236250	0.858750
1.310960	0.711794	1.318548	0.856595
1.385464	0.705930	1.400621	0.850136
1.459560	0.696175	1.482243	0.839390
1.533044	0.682556	1.563191	0.824387
1.605714	0.665109	1.643243	0.805168
1.677372	0.643883	1.722179	0.781786
1.747820	0.618936	1.799783	0.754305
1.816866	0.590336	1.875843	0.722800
1.884321	0.558162	1.950150	0.687358
1.949999	0.522501	2.022500	0.648075
2.013722	0.483452	2.092694	0.605059
2.075313	0.441122	2.160542	0.558429
2.134604	0.395626	2.225856	0.508312
2.191433	0.347089	2.288457	0.454845
2.245644	0.295645	2.348175	0.398175
2.297088	0.241434	2.404845	0.338458
2.345625	0.184605	2.458311	0.275856
2.391121	0.125313	2.508428	0.210542
2.433451	0.063722	2.555058	0.142695
2.472500	0.000000	2.598074	0.072500
Vlastni tiha klenby - jednotlive bloky:
X_p	Y_p	P
-0.043266	0.070339	0.227661
-0.000477	0.136230	0.227661
0.045702	0.199790	0.227661
0.095145	0.260847	0.227661
0.147715	0.319232	0.227661
0.203269	0.374786	0.227661
0.261654	0.427356	0.227661
0.322711	0.476799	0.227661
0.386271	0.522978	0.227661
0.452161	0.565768	0.227661
0.520200	0.605050	0.227661
0.590202	0.640718	0.227661
0.661975	0.672673	0.227661
0.735322	0.700828	0.227661
0.810042	0.725106	0.227661
0.885929	0.745440	0.227661
0.962778	0.761775	0.227662
1.040376	0.774065	0.227661
1.118510	0.782278	0.227661
1.196967	0.786389	0.227661
1.275532	0.786389	0.227661
1.353990	0.782278	0.227661
1.432125	0.774065	0.227661
1.509722	0.761775	0.227662
1.586570	0.745440	0.227661
1.662459	0.725106	0.227661
1.737178	0.700828	0.227661
1.810525	0.672673	0.227661
1.882298	0.640718	0.227661
1.952299	0.605050	0.227661
2.020339	0.565768	0.227661
2.086229	0.522978	0.227661
2.149790	0.476799	0.227661
2.210846	0.427356	0.227661
2.269231	0.374786	0.227661
2.324785	0.319232	0.227661
2.377355	0.260846	0.227661
2.426798	0.199790	0.227661
2.472977	0.136230	0.227662
2.515766	0.070339	0.227661
Tiha nadnasypu pusobici na bloky:
P	h_ver	X_p	Y_p
0.000000	0.070195	-0.104267	0.107269
0.000000	0.067847	-0.059466	0.176294
0.000000	0.065314	-0.011114	0.242881
0.000000	0.062602	0.040657	0.306846
0.000000	0.059718	0.095706	0.368017
0.000000	0.056670	0.153882	0.426223
0.000000	0.053467	0.215026	0.481307
0.000000	0.050117	0.278971	0.533117
0.000000	0.046630	0.345543	0.581511
0.000000	0.043015	0.414559	0.626357
0.000000	0.039283	0.485833	0.667530
0.000000	0.035442	0.559168	0.704919
0.000000	0.031505	0.634365	0.738419
0.000000	0.027481	0.711218	0.767939
0.000000	0.023382	0.789517	0.793397
0.000000	0.019219	0.869048	0.814721
0.000000	0.015003	0.949591	0.831853
0.000000	0.010746	1.030926	0.844744
0.000000	0.006459	1.112828	0.853358
0.000000	0.002155	1.195071	0.857672
0.000000	-0.002155	1.277429	0.857672
0.000000	-0.006459	1.359672	0.853358
0.000000	-0.010746	1.441574	0.844744
0.000000	-0.015003	1.522909	0.831853
0.000000	-0.019219	1.603452	0.814721
0.000000	-0.023382	1.682983	0.793397
0.000000	-0.027481	1.761282	0.767939
0.000000	-0.031505	1.838135	0.738420
0.000000	-0.035442	1.913332	0.704919
0.000000	-0.039283	1.986668	0.667530
0.000000	-0.043016	2.057940	0.626357
0.000000	-0.046630	2.126957	0.581511
0.000000	-0.050117	2.193529	0.533117
0.000000	-0.053467	2.257474	0.481307
0.000000	-0.056670	2.318619	0.426223
0.000000	-0.059718	2.376793	0.368017
0.000000	-0.062602	2.431843	0.306846
0.000000	-0.065314	2.483614	0.242880
0.000000	-0.067848	2.531968	0.176292
0.000000	-0.070195	2.576767	0.107270
Vnejsi zatizeni pusobici na bloky:
X_q	Y_q	Q
-0.125574	0.072500	0.000000
-0.082558	0.142695	0.000000
-0.035928	0.210542	0.000000
0.014189	0.275856	0.000000
0.067656	0.338458	0.000000
0.124325	0.398175	0.000000
0.184043	0.454845	0.000000
0.246644	0.508312	0.000000
0.311958	0.558429	0.000000
0.379806	0.605059	0.000000
0.450001	0.648075	0.000000
0.522350	0.687358	0.000000
0.596657	0.722800	0.000000
0.672717	0.754305	0.000000
0.750321	0.781786	0.000000
0.829257	0.805168	0.000000
0.909309	0.824387	0.000000
0.990257	0.839390	0.000000
1.071879	0.850136	0.000000
1.153952	0.856595	0.000000
1.236250	0.858750	0.000000
1.318548	0.856595	0.000000
1.400621	0.850136	0.000000
1.482243	0.839390	0.000000
1.563191	0.824387	0.000000
1.643243	0.805168	0.000000
1.722179	0.781786	0.000000
1.799783	0.754305	0.000000
1.875843	0.722800	0.000000
1.950150	0.687358	0.000000
2.022500	0.648075	0.000000
2.092694	0.605059	0.000000
2.160542	0.558429	0.000000
2.225856	0.508312	0.000000
2.288457	0.454845	0.000000
2.400000	0.332876	1.000000
2.404845	0.338458	0.000000
2.458311	0.275856	0.000000
2.508428	0.210542	0.000000
2.555058	0.142695	0.000000
Ortogonalni lokalni souradnice jednotlivych bloku:
a	alfa	b	beta
0.072500	2.617995	0.078531	1.021018
0.072500	2.565635	0.078531	0.968659
0.072500	2.513275	0.078531	0.916299
0.072500	2.460915	0.078531	0.863939
0.072500	2.408555	0.078531	0.811579
0.072500	2.356195	0.078531	0.759219
0.072500	2.303835	0.078531	0.706859
0.072500	2.251475	0.078531	0.654500
0.072500	2.199115	0.078531	0.602139
0.072500	2.146756	0.078531	0.549778
0.072500	2.094395	0.078531	0.497420
0.072500	2.042036	0.078531	0.445059
0.072500	1.989676	0.078531	0.392700
0.072500	1.937316	0.078531	0.340338
0.072500	1.884957	0.078531	0.287981
0.072500	1.832596	0.078531	0.235619
0.072500	1.780236	0.078531	0.183260
0.072500	1.727876	0.078531	0.130899
0.072500	1.675516	0.078531	0.078541
0.072500	1.623156	0.078531	0.026179
0.072500	1.570796	0.078531	-0.026179
0.072500	1.518436	0.078531	-0.078540
0.072500	1.466077	0.078531	-0.130900
0.072500	1.413716	0.078531	-0.183260
0.072500	1.361356	0.078531	-0.235619
0.072500	1.308997	0.078531	-0.287979
0.072500	1.256637	0.078531	-0.340341
0.072500	1.204276	0.078531	-0.392699
0.072500	1.151917	0.078531	-0.445058
0.072500	1.099557	0.078531	-0.497421
0.072500	1.047197	0.078531	-0.549780
0.072500	0.994838	0.078531	-0.602137
0.072500	0.942477	0.078531	-0.654499
0.072500	0.890118	0.078531	-0.706859
0.072500	0.837758	0.078531	-0.759219
0.072500	0.785397	0.078531	-0.811578
0.072500	0.733037	0.078531	-0.863940
0.072500	0.680678	0.078531	-0.916301
0.072500	0.628319	0.078531	-0.968656
0.072500	0.575958	0.078531	-1.021019
0.072500	0.523597	1.000000	-1.047199
Transformovane zatizeni vlastni tihou klenby:
Px	Py	Mp
0.000000	0.227661	0.004444
0.000000	0.227661	0.004844
0.000000	0.227661	0.005231
0.000000	0.227661	0.005603
0.000000	0.227661	0.005961
0.000000	0.227661	0.006301
0.000000	0.227661	0.006625
0.000000	0.227661	0.006930
0.000000	0.227661	0.007216
0.000000	0.227661	0.007483
0.000000	0.227661	0.007729
0.000000	0.227661	0.007954
0.000000	0.227661	0.008157
0.000000	0.227661	0.008338
0.000000	0.227661	0.008496
0.000000	0.227661	0.008630
0.000000	0.227662	0.008741
0.000000	0.227661	0.008828
0.000000	0.227661	0.008891
0.000000	0.227661	0.008929
0.000000	0.227661	0.008943
0.000000	0.227661	0.008933
0.000000	0.227661	0.008897
0.000000	0.227662	0.008838
0.000000	0.227661	0.008754
0.000000	0.227661	0.008647
0.000000	0.227661	0.008515
0.000000	0.227661	0.008360
0.000000	0.227661	0.008183
0.000000	0.227661	0.007983
0.000000	0.227661	0.007761
0.000000	0.227661	0.007518
0.000000	0.227661	0.007254
0.000000	0.227661	0.006970
0.000000	0.227661	0.006667
0.000000	0.227661	0.006346
0.000000	0.227661	0.006008
0.000000	0.227661	0.005653
0.000000	0.227662	0.005282
0.000000	0.227661	0.004897
0.000000	0.000000	0.000000
Transformovane zatizeni nadnasypem:
Px	Py	Mp
0.000000	0.000000	0.000000
0.000000	0.000000	0.000000
0.000000	0.000000	0.000000
0.000000	0.000000	0.000000
0.000000	0.000000	0.000000
0.000000	0.000000	0.000000
0.000000	0.000000	0.000000
0.000000	0.000000	0.000000
0.000000	0.000000	0.000000
0.000000	0.000000	0.000000
0.000000	0.000000	0.000000
0.000000	0.000000	0.000000
0.000000	0.000000	0.000000
0.000000	0.000000	0.000000
0.000000	0.000000	0.000000
0.000000	0.000000	0.000000
0.000000	0.000000	0.000000
0.000000	0.000000	0.000000
0.000000	0.000000	0.000000
0.000000	0.000000	0.000000
0.000000	0.000000	0.000000
0.000000	0.000000	0.000000
0.000000	0.000000	0.000000
0.000000	0.000000	0.000000
0.000000	0.000000	0.000000
0.000000	0.000000	0.000000
0.000000	0.000000	0.000000
0.000000	0.000000	0.000000
0.000000	0.000000	0.000000
0.000000	0.000000	0.000000
0.000000	0.000000	0.000000
0.000000	0.000000	0.000000
0.000000	0.000000	0.000000
0.000000	0.000000	0.000000
0.000000	0.000000	0.000000
0.000000	0.000000	0.000000
0.000000	0.000000	0.000000
0.000000	0.000000	0.000000
0.000000	0.000000	0.000000
0.000000	0.000000	0.000000
0.000000	0.000000	0.000000
Transformovane zatizeni vnejsich sil:
Qx	Qy	Mq
0.000000	0.000000	0.000000
0.000000	0.000000	0.000000
0.000000	0.000000	0.000000
0.000000	0.000000	0.000000
0.000000	0.000000	0.000000
0.000000	0.000000	0.000000
0.000000	0.000000	0.000000
0.000000	0.000000	0.000000
0.000000	0.000000	0.000000
0.000000	0.000000	0.000000
0.000000	0.000000	0.000000
0.000000	0.000000	0.000000
0.000000	0.000000	0.000000
0.000000	0.000000	0.000000
0.000000	0.000000	0.000000
0.000000	0.000000	0.000000
0.000000	0.000000	0.000000
0.000000	0.000000	0.000000
0.000000	0.000000	0.000000
0.000000	0.000000	0.000000
0.000000	0.000000	0.000000
0.000000	0.000000	0.000000
0.000000	0.000000	0.000000
0.000000	0.000000	0.000000
0.000000	0.000000	0.000000
0.000000	0.000000	0.000000
0.000000	0.000000	0.000000
0.000000	0.000000	0.000000
0.000000	0.000000	0.000000
0.000000	0.000000	0.000000
0.000000	0.000000	0.000000
0.000000	0.000000	0.000000
0.000000	0.000000	0.000000
0.000000	0.000000	0.000000
0.000000	0.000000	0.000000
0.000000	1.000000	0.103091
0.000000	0.000000	0.000000
0.000000	0.000000	0.000000
0.000000	0.000000	0.000000
0.000000	0.000000	0.000000
0.000000	0.000000	0.000000

*** vysledky vypoctu ***
 icase = 0
         0 -> O.K.,
        -1 -> nelze splnit omezujici podminky,
        +1 -> cilova funkce je na polyedru neomezena.
 lambda = 21.375492
 pocet bloku N = 40
 Vektor lokalnich deformaci:
   2: fi 00 ext = 5.672404
  33: fi 16 int = 10.493377
  74: fi 36 ext = 19.946556
  81: fi 40 int = 15.125582
 Vektor indexu spary mezi bloky:
0		1		2		3		4		5		6		7		8		9		10		11		12		13		14		15		16		17		18		19		20		21		22		23		24		25		26		27		28		29		30		31		32		33		34		35		36		37		38		39		40		
 Vektor normalovych sil ve sparach (+ znaci tlak):
6.657405	6.559660	6.456701	6.349597	6.240851	6.130847	6.020806	5.911605	5.805414	5.701696	5.602401	5.509350	5.422123	5.341046	5.268755	5.203657	5.147428	5.100547	5.064119	5.036447	5.019122	5.011630	5.014658	5.027122	5.050549	5.081861	5.122581	5.172282	5.229909	5.295290	5.366585	5.444394	5.527560	5.614659	5.704634	5.796497	21.774597	22.594261	23.367184	24.090065	24.759775	
 Vektor vzdalenosti N od hornoho povrchu klenby:
0.000000	0.020940	0.039817	0.056768	0.071922	0.085381	0.097239	0.107597	0.116522	0.124093	0.130408	0.135499	0.139432	0.142301	0.144136	0.145019	0.145000	0.144120	0.142405	0.139959	0.136760	0.132888	0.128313	0.123092	0.117202	0.110652	0.103408	0.095456	0.086747	0.077244	0.066880	0.055608	0.043332	0.029975	0.015439	-0.000376	0.000000	0.045552	0.084451	0.117408	0.145000	
 Vektor posouvajicich sil ve sparach:
-1.951901	-1.724681	-1.512936	-1.316157	-1.134381	-0.967201	-0.814158	-0.674911	-0.548726	-0.435056	-0.333251	-0.242364	-0.161684	-0.090240	-0.027088	0.028802	0.078427	0.122867	0.163279	0.200677	0.236351	0.271395	0.306820	0.344022	0.383953	0.427835	0.476659	0.531508	0.593597	0.663573	0.742566	0.831572	0.931169	1.042251	1.165535	1.301459	-12.852301	-11.838282	-10.773429	-9.659691	-8.499519	
 Vektor e_min:
0.001977	0.001948	0.001917	0.001885	0.001853	0.001820	0.001788	0.001755	0.001724	0.001693	0.001663	0.001636	0.001610	0.001586	0.001564	0.001545	0.001528	0.001514	0.001503	0.001495	0.001490	0.001488	0.001489	0.001492	0.001499	0.001509	0.001521	0.001535	0.001553	0.001572	0.001593	0.001616	0.001641	0.001667	0.001694	0.001721	0.006465	0.006709	0.006938	0.007153	0.007352	

 * Iterace c. 1 * Delta = 4.786425 *
 icase = 0
         0 -> O.K.,
        -1 -> nelze splnit omezujici podminky,
        +1 -> cilova funkce je na polyedru neomezena.
 lambda = 16.589067
 pocet bloku N = 40
 Vektor lokalnich deformaci:
   2: fi 00 ext = 4.558790
  33: fi 16 int = 8.560523
  74: fi 36 ext = 16.689419
  81: fi 40 int = 12.687687
 Vektor indexu spary mezi bloky:
0		1		2		3		4		5		6		7		8		9		10		11		12		13		14		15		16		17		18		19		20		21		22		23		24		25		26		27		28		29		30		31		32		33		34		35		36		37		38		39		40		
 Vektor normalovych sil ve sparach (+ znaci tlak):
6.525548	6.422874	6.315331	6.204919	6.091894	5.978898	5.865562	5.753690	5.645756	5.541109	5.440887	5.346138	5.258931	5.178923	5.106480	5.043019	4.987661	4.943393	4.908518	4.884062	4.869101	4.866831	4.873265	4.890181	4.917744	4.954493	5.000734	5.056340	5.120087	5.191926	5.270559	5.354989	5.445576	5.540119	5.637775	5.737953	18.167145	18.832460	19.461000	20.050060	20.597401	
 Vektor vzdalenosti N od hornoho povrchu klenby:
0.001977	0.022206	0.040428	0.056785	0.071387	0.084352	0.095782	0.105765	0.114389	0.121734	0.127884	0.132898	0.136858	0.139819	0.141884	0.143073	0.143472	0.143114	0.142072	0.140360	0.138054	0.135111	0.131619	0.127554	0.122903	0.117654	0.111787	0.105267	0.098042	0.090053	0.081236	0.071511	0.060820	0.049049	0.036124	0.021928	0.006465	0.047984	0.083295	0.113015	0.137648	
 Vektor posouvajicich sil ve sparach:
-1.855827	-1.635689	-1.431092	-1.241969	-1.067888	-0.908522	-0.763590	-0.632384	-0.514565	-0.409402	-0.315971	-0.233666	-0.161483	-0.098515	-0.043923	0.003504	0.044731	0.080842	0.113021	0.142458	0.170199	0.197488	0.225519	0.255383	0.288269	0.325331	0.367634	0.416308	0.472469	0.536916	0.610798	0.694795	0.790034	0.896990	1.016482	1.149177	-9.804659	-8.983657	-8.119634	-7.213936	-6.268528	
 Vektor e_min:
0.001937	0.001907	0.001875	0.001842	0.001809	0.001775	0.001741	0.001708	0.001676	0.001645	0.001615	0.001587	0.001561	0.001537	0.001516	0.001497	0.001481	0.001468	0.001457	0.001450	0.001445	0.001445	0.001447	0.001452	0.001460	0.001471	0.001485	0.001501	0.001520	0.001541	0.001565	0.001590	0.001617	0.001645	0.001674	0.001704	0.005394	0.005592	0.005778	0.005953	0.006116	

 * Iterace c. 2 * Delta = -0.669573 *
 icase = 0
         0 -> O.K.,
        -1 -> nelze splnit omezujici podminky,
        +1 -> cilova funkce je na polyedru neomezena.
 lambda = 17.258640
 pocet bloku N = 40
 Vektor lokalnich deformaci:
   2: fi 00 ext = 4.716437
  33: fi 16 int = 8.833090
  74: fi 36 ext = 17.155132
  81: fi 40 int = 13.038483
 Vektor indexu spary mezi bloky:
0		1		2		3		4		5		6		7		8		9		10		11		12		13		14		15		16		17		18		19		20		21		22		23		24		25		26		27		28		29		30		31		32		33		34		35		36		37		38		39		40		
 Vektor normalovych sil ve sparach (+ znaci tlak):
6.542860	6.440536	6.333584	6.223391	6.110944	5.997987	5.885141	5.774236	5.665721	5.561234	5.460541	5.366484	5.279166	5.198180	5.125884	5.062920	5.007469	4.962622	4.926449	4.902184	4.887740	4.883676	4.890166	4.905823	4.932775	4.968665	5.015247	5.069314	5.132628	5.203766	5.281314	5.365162	5.454338	5.547560	5.644564	5.743405	18.669287	19.356308	20.005140	20.613205	21.177660	
 Vektor vzdalenosti N od hornoho povrchu klenby:
0.001937	0.022236	0.040524	0.056935	0.071590	0.084602	0.096063	0.106074	0.114717	0.122061	0.128217	0.133224	0.137143	0.140087	0.142089	0.143196	0.143519	0.143078	0.141926	0.140099	0.137635	0.134574	0.130915	0.126685	0.121856	0.116436	0.110370	0.103656	0.096225	0.088040	0.079012	0.069102	0.058203	0.046228	0.033100	0.018703	0.005394	0.047584	0.083495	0.113756	0.138884	
 Vektor posouvajicich sil ve sparach:
-1.866297	-1.645296	-1.439722	-1.249615	-1.074535	-0.914171	-0.768180	-0.636025	-0.517179	-0.410894	-0.316417	-0.233013	-0.159805	-0.095824	-0.040177	0.008279	0.050484	0.087640	0.120787	0.151122	0.179901	0.208084	0.237008	0.267686	0.301409	0.339257	0.382286	0.431685	0.488458	0.553560	0.627994	0.712573	0.808145	0.915671	1.035589	1.168550	-10.233022	-9.385215	-8.493120	-7.558494	-6.583124	
 Vektor e_min:
0.001943	0.001912	0.001880	0.001848	0.001814	0.001781	0.001747	0.001714	0.001682	0.001651	0.001621	0.001593	0.001567	0.001543	0.001522	0.001503	0.001487	0.001473	0.001462	0.001455	0.001451	0.001450	0.001452	0.001456	0.001464	0.001475	0.001489	0.001505	0.001524	0.001545	0.001568	0.001593	0.001619	0.001647	0.001676	0.001705	0.005543	0.005747	0.005940	0.006121	0.006288	

 * Iterace c. 3 * Delta = 0.095211 *
 icase = 0
         0 -> O.K.,
        -1 -> nelze splnit omezujici podminky,
        +1 -> cilova funkce je na polyedru neomezena.
 lambda = 17.163429
 pocet bloku N = 40
 Vektor lokalnich deformaci:
   2: fi 00 ext = 4.694001
  33: fi 16 int = 8.794293
  74: fi 36 ext = 17.088844
  81: fi 40 int = 12.988550
 Vektor indexu spary mezi bloky:
0		1		2		3		4		5		6		7		8		9		10		11		12		13		14		15		16		17		18		19		20		21		22		23		24		25		26		27		28		29		30		31		32		33		34		35		36		37		38		39		40		
 Vektor normalovych sil ve sparach (+ znaci tlak):
6.540332	6.437953	6.331120	6.220779	6.108397	5.994816	5.882751	5.771375	5.662602	5.558331	5.457626	5.363862	5.276528	5.195897	5.123484	5.059855	5.004541	4.959317	4.924872	4.899471	4.885029	4.880936	4.887397	4.903649	4.930810	4.967007	5.013068	5.067695	5.131177	5.202093	5.279533	5.363461	5.452915	5.546472	5.643701	5.742644	18.598253	19.281483	19.927759	20.533094	21.095179	
 Vektor vzdalenosti N od hornoho povrchu klenby:
0.001943	0.022231	0.040511	0.056913	0.071558	0.084566	0.096024	0.106028	0.114666	0.122013	0.128167	0.133164	0.137091	0.140039	0.142050	0.143177	0.143513	0.143084	0.141938	0.140119	0.137676	0.134644	0.131005	0.126795	0.121988	0.116602	0.110565	0.103878	0.096472	0.088316	0.079329	0.069437	0.058562	0.046622	0.033528	0.019157	0.005543	0.047638	0.083466	0.113653	0.138712	
 Vektor posouvajicich sil ve sparach:
-1.864772	-1.643888	-1.438511	-1.248449	-1.073495	-0.913384	-0.767499	-0.635523	-0.516760	-0.410620	-0.316286	-0.233109	-0.160042	-0.096267	-0.040660	0.007587	0.049700	0.086697	0.119721	0.149974	0.178498	0.206555	0.235327	0.265941	0.299543	0.337228	0.380249	0.429560	0.486191	0.551215	0.625494	0.710022	0.805580	0.912959	1.032803	1.165762	-10.172186	-9.328192	-8.440121	-7.509534	-6.538459	
 Vektor e_min:
0.001942	0.001911	0.001880	0.001847	0.001814	0.001780	0.001747	0.001713	0.001681	0.001650	0.001620	0.001592	0.001566	0.001543	0.001521	0.001502	0.001486	0.001472	0.001462	0.001454	0.001450	0.001449	0.001451	0.001456	0.001464	0.001475	0.001488	0.001504	0.001523	0.001544	0.001567	0.001592	0.001619	0.001647	0.001676	0.001705	0.005522	0.005725	0.005917	0.006097	0.006264	

 * Iterace c. 4 * Delta = -0.012459 *
 icase = 0
         0 -> O.K.,
        -1 -> nelze splnit omezujici podminky,
        +1 -> cilova funkce je na polyedru neomezena.
 lambda = 17.175888
 pocet bloku N = 40
 Vektor lokalnich deformaci:
   2: fi 00 ext = 4.696947
  33: fi 16 int = 8.799375
  74: fi 36 ext = 17.097427
  81: fi 40 int = 12.995001
 Vektor indexu spary mezi bloky:
0		1		2		3		4		5		6		7		8		9		10		11		12		13		14		15		16		17		18		19		20		21		22		23		24		25		26		27		28		29		30		31		32		33		34		35		36		37		38		39		40		
 Vektor normalovych sil ve sparach (+ znaci tlak):
6.540615	6.438331	6.331291	6.220891	6.108642	5.995229	5.882539	5.771670	5.663101	5.558022	5.458390	5.364499	5.276237	5.195905	5.123606	5.059703	5.004862	4.960495	4.925347	4.899631	4.885664	4.881197	4.887523	4.903799	4.930812	4.967450	5.012971	5.068078	5.131085	5.201741	5.279778	5.363485	5.452913	5.546670	5.643640	5.742741	18.607170	19.291698	19.937677	20.543528	21.105890	
 Vektor vzdalenosti N od hornoho povrchu klenby:
0.001942	0.022231	0.040509	0.056911	0.071563	0.084565	0.096024	0.106028	0.114671	0.122023	0.128162	0.133165	0.137099	0.140043	0.142047	0.143180	0.143514	0.143061	0.141918	0.140125	0.137663	0.134629	0.130984	0.126776	0.121970	0.116558	0.110536	0.103836	0.096445	0.088276	0.079285	0.069383	0.058514	0.046578	0.033470	0.019101	0.005522	0.047634	0.083471	0.113668	0.138736	
 Vektor posouvajicich sil ve sparach:
-1.864868	-1.643987	-1.438626	-1.248536	-1.073576	-0.913391	-0.767573	-0.635504	-0.516814	-0.410613	-0.316268	-0.233093	-0.160016	-0.096198	-0.040596	0.007687	0.049771	0.086804	0.119872	0.150097	0.178664	0.206754	0.235529	0.266148	0.299710	0.337485	0.380442	0.429800	0.486387	0.551485	0.625825	0.710270	0.805843	0.913192	1.033113	1.166049	-10.180124	-9.335696	-8.447117	-7.516107	-6.544381	
 Vektor e_min:
0.001942	0.001912	0.001880	0.001847	0.001814	0.001780	0.001746	0.001714	0.001681	0.001650	0.001620	0.001593	0.001566	0.001543	0.001521	0.001502	0.001486	0.001473	0.001462	0.001455	0.001450	0.001449	0.001451	0.001456	0.001464	0.001475	0.001488	0.001505	0.001523	0.001544	0.001567	0.001592	0.001619	0.001647	0.001675	0.001705	0.005525	0.005728	0.005920	0.006100	0.006267	

 * Iterace c. 5 * Delta = 0.000732 *
 icase = 0
         0 -> O.K.,
        -1 -> nelze splnit omezujici podminky,
        +1 -> cilova funkce je na polyedru neomezena.
 lambda = 17.175156
 pocet bloku N = 40
 Vektor lokalnich deformaci:
   2: fi 00 ext = 4.696764
  33: fi 16 int = 8.799052
  74: fi 36 ext = 17.096968
  81: fi 40 int = 12.994678
 Vektor indexu spary mezi bloky:
0		1		2		3		4		5		6		7		8		9		10		11		12		13		14		15		16		17		18		19		20		21		22		23		24		25		26		27		28		29		30		31		32		33		34		35		36		37		38		39		40		
 Vektor normalovych sil ve sparach (+ znaci tlak):
6.540658	6.438360	6.331385	6.220983	6.108719	5.995521	5.882754	5.771657	5.663442	5.558772	5.458312	5.364071	5.276377	5.196025	5.123699	5.059815	5.005512	4.960000	4.924855	4.899828	4.886352	4.881032	4.888324	4.903902	4.930912	4.967407	5.013246	5.068063	5.131323	5.202032	5.279749	5.363592	5.453018	5.546745	5.643635	5.742763	18.606850	19.290949	19.937229	20.542959	21.105299	
 Vektor vzdalenosti N od hornoho povrchu klenby:
0.001942	0.022232	0.040512	0.056915	0.071569	0.084573	0.096032	0.106038	0.114675	0.122021	0.128174	0.133177	0.137112	0.140057	0.142063	0.143196	0.143514	0.143085	0.141939	0.140143	0.137660	0.134646	0.131002	0.126793	0.121987	0.116574	0.110549	0.103853	0.096456	0.088290	0.079296	0.069394	0.058524	0.046586	0.033476	0.019108	0.005525	0.047633	0.083470	0.113665	0.138733	
 Vektor posouvajicich sil ve sparach:
-1.864977	-1.644091	-1.438727	-1.248633	-1.073669	-0.913479	-0.767656	-0.635582	-0.516887	-0.410680	-0.316330	-0.233148	-0.160065	-0.096243	-0.040634	0.007656	0.049746	0.086786	0.119861	0.150093	0.178666	0.206764	0.235544	0.266172	0.299739	0.337520	0.380483	0.429848	0.486441	0.551545	0.625891	0.710342	0.805920	0.913273	1.033201	1.166141	-10.179540	-9.335133	-8.446582	-7.515600	-6.543902	
 Vektor e_min:
0.001942	0.001912	0.001880	0.001847	0.001814	0.001780	0.001747	0.001714	0.001681	0.001650	0.001620	0.001592	0.001566	0.001543	0.001521	0.001502	0.001486	0.001472	0.001462	0.001455	0.001451	0.001449	0.001451	0.001456	0.001464	0.001475	0.001488	0.001505	0.001523	0.001544	0.001567	0.001592	0.001619	0.001647	0.001675	0.001705	0.005525	0.005728	0.005920	0.006100	0.006267	
