 icase = 0
         0 -> O.K.,
        -1 -> nelze splnit omezujici podminky,
        +1 -> cilova funkce je na polyedru neomezena.
 lambda = 5.447847
 pocet bloku N = 40
 Vektor lokalnich deformaci:
   2: fi 00 ext = 2.758852
  29: fi 14 int = 5.923372
  60: fi 29 ext = 5.471613
  79: fi 39 int = 2.307094
 Vektor indexu spary mezi bloky:
0		1		2		3		4		5		6		7		8		9		10		11		12		13		14		15		16		17		18		19		20		21		22		23		24		25		26		27		28		29		30		31		32		33		34		35		36		37		38		39		40		
 Vektor normalovych sil ve sparach (+ znaci tlak):
7.299091	7.218599	7.131211	7.038222	6.941071	6.840794	6.738576	6.635794	6.533274	6.432017	6.332871	6.237388	6.146165	6.059382	5.978530	5.903917	5.836148	5.775762	5.723079	5.678176	5.641779	5.613433	5.593727	5.582416	5.579507	5.584227	5.596598	5.616643	5.643638	5.676544	8.439025	8.726012	9.009099	9.286582	9.557189	9.819253	10.071356	10.311700	10.538883	10.751196	10.946972	
 Vektor vzdalenosti N od hornoho povrchu klenby:
0.000000	0.022808	0.043307	0.061633	0.077906	0.092226	0.104681	0.115350	0.124301	0.131591	0.137287	0.141427	0.144059	0.145238	0.145000	0.143395	0.140462	0.136248	0.130798	0.124158	0.116366	0.107473	0.097508	0.086516	0.074522	0.061549	0.047610	0.032713	0.016851	0.000000	0.002424	0.033591	0.060448	0.083243	0.102197	0.117498	0.129308	0.137761	0.142965	0.145000	0.143919	
 Vektor posouvajicich sil ve sparach:
-2.300328	-2.039141	-1.792389	-1.559973	-1.341815	-1.137687	-0.947297	-0.770258	-0.606084	-0.454261	-0.314186	-0.185155	-0.066429	0.042767	0.143309	0.236120	0.322093	0.402246	0.477569	0.549053	0.617819	0.684908	0.751311	0.818200	0.886550	0.957436	1.031845	1.110794	1.195280	1.286131	-3.333696	-3.078370	-2.801651	-2.503266	-2.182957	-1.840776	-1.476694	-1.090817	-0.683493	-0.254952	0.194212	

 * Iterace c. 1 * Delta = 0.234560 *
 icase = 0
         0 -> O.K.,
        -1 -> nelze splnit omezujici podminky,
        +1 -> cilova funkce je na polyedru neomezena.
 lambda = 5.213288
 pocet bloku N = 40
 Vektor lokalnich deformaci:
   2: fi 00 ext = 2.695804
  29: fi 14 int = 5.805908
  60: fi 29 ext = 5.403028
  79: fi 39 int = 2.292923
 Vektor indexu spary mezi bloky:
0		1		2		3		4		5		6		7		8		9		10		11		12		13		14		15		16		17		18		19		20		21		22		23		24		25		26		27		28		29		30		31		32		33		34		35		36		37		38		39		40		
 Vektor normalovych sil ve sparach (+ znaci tlak):
7.242467	7.158994	7.068836	6.973291	6.873687	6.771178	6.666946	6.562298	6.457988	6.354989	6.255079	6.158446	6.066195	5.978993	5.898087	5.823215	5.755576	5.695261	5.642930	5.599067	5.563245	5.536526	5.517979	5.508152	5.506872	5.513769	5.528368	5.550706	5.580239	5.615904	8.263995	8.543665	8.819617	9.090858	9.355566	9.612387	9.859674	10.095959	10.319527	10.528752	10.722183	
 Vektor vzdalenosti N od hornoho povrchu klenby:
0.002167	0.024544	0.044636	0.062579	0.078491	0.092471	0.104608	0.114979	0.123654	0.130697	0.136158	0.140095	0.142550	0.143581	0.143225	0.141539	0.138561	0.134346	0.128929	0.122367	0.114706	0.105980	0.096245	0.085527	0.073854	0.061254	0.047738	0.033312	0.017970	0.001685	0.003532	0.033964	0.060176	0.082404	0.100856	0.115708	0.127116	0.135205	0.140076	0.141808	0.140446	
 Vektor posouvajicich sil ve sparach:
-2.242590	-1.984469	-1.740879	-1.511855	-1.297143	-1.096588	-0.909890	-0.736653	-0.576387	-0.428573	-0.292530	-0.167576	-0.053017	0.051986	0.148303	0.236870	0.318631	0.394539	0.465654	0.532999	0.597644	0.660637	0.723054	0.785982	0.850515	0.917647	0.988425	1.063877	1.144958	1.232569	-3.187182	-2.941257	-2.674249	-2.385935	-2.076061	-1.744587	-1.391426	-1.016787	-0.620860	-0.203903	0.233592	

 * Iterace c. 2 * Delta = -0.003095 *
 icase = 0
         0 -> O.K.,
        -1 -> nelze splnit omezujici podminky,
        +1 -> cilova funkce je na polyedru neomezena.
 lambda = 5.216383
 pocet bloku N = 40
 Vektor lokalnich deformaci:
   2: fi 00 ext = 2.696702
  29: fi 14 int = 5.807550
  60: fi 29 ext = 5.404029
  79: fi 39 int = 2.293184
 Vektor indexu spary mezi bloky:
0		1		2		3		4		5		6		7		8		9		10		11		12		13		14		15		16		17		18		19		20		21		22		23		24		25		26		27		28		29		30		31		32		33		34		35		36		37		38		39		40		
 Vektor normalovych sil ve sparach (+ znaci tlak):
7.242991	7.159557	7.069490	6.973876	6.874313	6.771924	6.667711	6.562799	6.458550	6.355918	6.255720	6.159203	6.066930	5.979988	5.898610	5.823764	5.756253	5.695906	5.643807	5.599530	5.564069	5.537022	5.518791	5.508816	5.507551	5.514206	5.528985	5.551415	5.580742	5.616253	8.266133	8.545663	8.821968	9.093255	9.358000	9.614895	9.862333	10.098634	10.322248	10.531594	10.725047	
 Vektor vzdalenosti N od hornoho povrchu klenby:
0.002150	0.024531	0.044628	0.062574	0.078489	0.092472	0.104613	0.114986	0.123664	0.130707	0.136175	0.140110	0.142573	0.143601	0.143249	0.141562	0.138581	0.134363	0.128947	0.122387	0.114723	0.105998	0.096261	0.085537	0.073860	0.061257	0.047739	0.033309	0.017955	0.001667	0.003523	0.033966	0.060191	0.082430	0.100889	0.115749	0.127164	0.135259	0.140137	0.141874	0.140517	
 Vektor posouvajicich sil ve sparach:
-2.243140	-1.984975	-1.741369	-1.512286	-1.297552	-1.096966	-0.910237	-0.736951	-0.576674	-0.428780	-0.292704	-0.167744	-0.053146	0.051891	0.148265	0.236883	0.318668	0.394637	0.465775	0.533166	0.597833	0.660873	0.723348	0.786324	0.850873	0.918050	0.988876	1.064368	1.145432	1.233107	-3.189292	-2.943252	-2.676162	-2.387701	-2.077711	-1.746081	-1.392838	-1.018020	-0.621916	-0.204844	0.232814	
