Vstupni soubor: zlamal3_1.in
***kopie vstupniho souboru***

 2.472500
 0.713750
 1
 0.145000
 20.000000
 0.600000
 40
 1
 0.2 1.000000 0.200000
 0.500000
 0.000000
 0 30.000000
 0 0.600000 0.400000 2.400000
 1
 4 2000.000000 inter1.txt
*****************************
Ortoganalni souradnice intrados a extrados:
X_int	Y_int	X_ext	Y_ext
0.000000	0.000000	-0.125574	0.072500
0.039049	0.063722	-0.082558	0.142695
0.081379	0.125313	-0.035928	0.210542
0.126875	0.184605	0.014189	0.275856
0.175412	0.241434	0.067656	0.338458
0.226856	0.295645	0.124325	0.398175
0.281067	0.347089	0.184043	0.454845
0.337896	0.395626	0.246644	0.508312
0.397187	0.441122	0.311958	0.558429
0.458778	0.483452	0.379806	0.605059
0.522501	0.522501	0.450001	0.648075
0.588179	0.558162	0.522350	0.687358
0.655634	0.590336	0.596657	0.722800
0.724680	0.618936	0.672717	0.754305
0.795129	0.643883	0.750321	0.781786
0.866786	0.665109	0.829257	0.805168
0.939456	0.682556	0.909309	0.824387
1.012940	0.696175	0.990257	0.839390
1.087036	0.705930	1.071879	0.850136
1.161541	0.711794	1.153952	0.856595
1.236250	0.713750	1.236250	0.858750
1.310960	0.711794	1.318548	0.856595
1.385464	0.705930	1.400621	0.850136
1.459560	0.696175	1.482243	0.839390
1.533044	0.682556	1.563191	0.824387
1.605714	0.665109	1.643243	0.805168
1.677372	0.643883	1.722179	0.781786
1.747820	0.618936	1.799783	0.754305
1.816866	0.590336	1.875843	0.722800
1.884321	0.558162	1.950150	0.687358
1.949999	0.522501	2.022500	0.648075
2.013722	0.483452	2.092694	0.605059
2.075313	0.441122	2.160542	0.558429
2.134604	0.395626	2.225856	0.508312
2.191433	0.347089	2.288457	0.454845
2.245644	0.295645	2.348175	0.398175
2.297088	0.241434	2.404845	0.338458
2.345625	0.184605	2.458311	0.275856
2.391121	0.125313	2.508428	0.210542
2.433451	0.063722	2.555058	0.142695
2.472500	0.000000	2.598074	0.072500
Vlastni tiha klenby - jednotlive bloky:
X_p	Y_p	P
-0.043266	0.070339	0.227661
-0.000477	0.136230	0.227661
0.045702	0.199790	0.227661
0.095145	0.260847	0.227661
0.147715	0.319232	0.227661
0.203269	0.374786	0.227661
0.261654	0.427356	0.227661
0.322711	0.476799	0.227661
0.386271	0.522978	0.227661
0.452161	0.565768	0.227661
0.520200	0.605050	0.227661
0.590202	0.640718	0.227661
0.661975	0.672673	0.227661
0.735322	0.700828	0.227661
0.810042	0.725106	0.227661
0.885929	0.745440	0.227661
0.962778	0.761775	0.227662
1.040376	0.774065	0.227661
1.118510	0.782278	0.227661
1.196967	0.786389	0.227661
1.275532	0.786389	0.227661
1.353990	0.782278	0.227661
1.432125	0.774065	0.227661
1.509722	0.761775	0.227662
1.586570	0.745440	0.227661
1.662459	0.725106	0.227661
1.737178	0.700828	0.227661
1.810525	0.672673	0.227661
1.882298	0.640718	0.227661
1.952299	0.605050	0.227661
2.020339	0.565768	0.227661
2.086229	0.522978	0.227661
2.149790	0.476799	0.227661
2.210846	0.427356	0.227661
2.269231	0.374786	0.227661
2.324785	0.319232	0.227661
2.377355	0.260846	0.227661
2.426798	0.199790	0.227661
2.472977	0.136230	0.227662
2.515766	0.070339	0.227661
Tiha nadnasypu pusobici na bloky:
P	h_ver	X_p	Y_p
0.000000	0.070195	-0.104267	0.107269
0.000000	0.067847	-0.059466	0.176294
0.000000	0.065314	-0.011114	0.242881
0.000000	0.062602	0.040657	0.306846
0.000000	0.059718	0.095706	0.368017
0.000000	0.056670	0.153882	0.426223
0.000000	0.053467	0.215026	0.481307
0.000000	0.050117	0.278971	0.533117
0.000000	0.046630	0.345543	0.581511
0.000000	0.043015	0.414559	0.626357
0.000000	0.039283	0.485833	0.667530
0.000000	0.035442	0.559168	0.704919
0.000000	0.031505	0.634365	0.738419
0.000000	0.027481	0.711218	0.767939
0.000000	0.023382	0.789517	0.793397
0.000000	0.019219	0.869048	0.814721
0.000000	0.015003	0.949591	0.831853
0.000000	0.010746	1.030926	0.844744
0.000000	0.006459	1.112828	0.853358
0.000000	0.002155	1.195071	0.857672
0.000000	-0.002155	1.277429	0.857672
0.000000	-0.006459	1.359672	0.853358
0.000000	-0.010746	1.441574	0.844744
0.000000	-0.015003	1.522909	0.831853
0.000000	-0.019219	1.603452	0.814721
0.000000	-0.023382	1.682983	0.793397
0.000000	-0.027481	1.761282	0.767939
0.000000	-0.031505	1.838135	0.738420
0.000000	-0.035442	1.913332	0.704919
0.000000	-0.039283	1.986668	0.667530
0.000000	-0.043016	2.057940	0.626357
0.000000	-0.046630	2.126957	0.581511
0.000000	-0.050117	2.193529	0.533117
0.000000	-0.053467	2.257474	0.481307
0.000000	-0.056670	2.318619	0.426223
0.000000	-0.059718	2.376793	0.368017
0.000000	-0.062602	2.431843	0.306846
0.000000	-0.065314	2.483614	0.242880
0.000000	-0.067848	2.531968	0.176292
0.000000	-0.070195	2.576767	0.107270
Vnejsi zatizeni pusobici na bloky:
X_q	Y_q	Q
-0.125574	0.072500	0.000000
-0.082558	0.142695	0.000000
-0.035928	0.210542	0.000000
0.014189	0.275856	0.000000
0.067656	0.338458	0.000000
0.124325	0.398175	0.000000
0.200000	0.664601	1.000000
0.246644	0.508312	0.000000
0.311958	0.558429	0.000000
0.379806	0.605059	0.000000
0.450001	0.648075	0.000000
0.522350	0.687358	0.000000
0.596657	0.722800	0.000000
0.672717	0.754305	0.000000
0.750321	0.781786	0.000000
0.829257	0.805168	0.000000
0.909309	0.824387	0.000000
0.990257	0.839390	0.000000
1.071879	0.850136	0.000000
1.153952	0.856595	0.000000
1.236250	0.858750	0.000000
1.318548	0.856595	0.000000
1.400621	0.850136	0.000000
1.482243	0.839390	0.000000
1.563191	0.824387	0.000000
1.643243	0.805168	0.000000
1.722179	0.781786	0.000000
1.799783	0.754305	0.000000
1.875843	0.722800	0.000000
1.950150	0.687358	0.000000
2.022500	0.648075	0.000000
2.092694	0.605059	0.000000
2.160542	0.558429	0.000000
2.225856	0.508312	0.000000
2.288457	0.454845	0.000000
2.348175	0.398175	0.000000
2.404845	0.338458	0.000000
2.458311	0.275856	0.000000
2.508428	0.210542	0.000000
2.555058	0.142695	0.000000
Ortogonalni lokalni souradnice jednotlivych bloku:
a	alfa	b	beta
0.072500	2.617995	0.078531	1.021018
0.072500	2.565635	0.078531	0.968659
0.072500	2.513275	0.078531	0.916299
0.072500	2.460915	0.078531	0.863939
0.072500	2.408555	0.078531	0.811579
0.072500	2.356195	0.078531	0.759219
0.072500	2.303835	0.078531	0.706859
0.072500	2.251475	0.078531	0.654500
0.072500	2.199115	0.078531	0.602139
0.072500	2.146756	0.078531	0.549778
0.072500	2.094395	0.078531	0.497420
0.072500	2.042036	0.078531	0.445059
0.072500	1.989676	0.078531	0.392700
0.072500	1.937316	0.078531	0.340338
0.072500	1.884957	0.078531	0.287981
0.072500	1.832596	0.078531	0.235619
0.072500	1.780236	0.078531	0.183260
0.072500	1.727876	0.078531	0.130899
0.072500	1.675516	0.078531	0.078541
0.072500	1.623156	0.078531	0.026179
0.072500	1.570796	0.078531	-0.026179
0.072500	1.518436	0.078531	-0.078540
0.072500	1.466077	0.078531	-0.130900
0.072500	1.413716	0.078531	-0.183260
0.072500	1.361356	0.078531	-0.235619
0.072500	1.308997	0.078531	-0.287979
0.072500	1.256637	0.078531	-0.340341
0.072500	1.204276	0.078531	-0.392699
0.072500	1.151917	0.078531	-0.445058
0.072500	1.099557	0.078531	-0.497421
0.072500	1.047197	0.078531	-0.549780
0.072500	0.994838	0.078531	-0.602137
0.072500	0.942477	0.078531	-0.654499
0.072500	0.890118	0.078531	-0.706859
0.072500	0.837758	0.078531	-0.759219
0.072500	0.785397	0.078531	-0.811578
0.072500	0.733037	0.078531	-0.863940
0.072500	0.680678	0.078531	-0.916301
0.072500	0.628319	0.078531	-0.968656
0.072500	0.575958	0.078531	-1.021019
0.072500	0.523597	1.000000	-1.047199
Transformovane zatizeni vlastni tihou klenby:
Px	Py	Mp
0.000000	0.227661	0.004444
0.000000	0.227661	0.004844
0.000000	0.227661	0.005231
0.000000	0.227661	0.005603
0.000000	0.227661	0.005961
0.000000	0.227661	0.006301
0.000000	0.227661	0.006625
0.000000	0.227661	0.006930
0.000000	0.227661	0.007216
0.000000	0.227661	0.007483
0.000000	0.227661	0.007729
0.000000	0.227661	0.007954
0.000000	0.227661	0.008157
0.000000	0.227661	0.008338
0.000000	0.227661	0.008496
0.000000	0.227661	0.008630
0.000000	0.227662	0.008741
0.000000	0.227661	0.008828
0.000000	0.227661	0.008891
0.000000	0.227661	0.008929
0.000000	0.227661	0.008943
0.000000	0.227661	0.008933
0.000000	0.227661	0.008897
0.000000	0.227662	0.008838
0.000000	0.227661	0.008754
0.000000	0.227661	0.008647
0.000000	0.227661	0.008515
0.000000	0.227661	0.008360
0.000000	0.227661	0.008183
0.000000	0.227661	0.007983
0.000000	0.227661	0.007761
0.000000	0.227661	0.007518
0.000000	0.227661	0.007254
0.000000	0.227661	0.006970
0.000000	0.227661	0.006667
0.000000	0.227661	0.006346
0.000000	0.227661	0.006008
0.000000	0.227661	0.005653
0.000000	0.227662	0.005282
0.000000	0.227661	0.004897
0.000000	0.000000	0.000000
Transformovane zatizeni nadnasypem:
Px	Py	Mp
0.000000	0.000000	0.000000
0.000000	0.000000	0.000000
0.000000	0.000000	0.000000
0.000000	0.000000	0.000000
0.000000	0.000000	0.000000
0.000000	0.000000	0.000000
0.000000	0.000000	0.000000
0.000000	0.000000	0.000000
0.000000	0.000000	0.000000
0.000000	0.000000	0.000000
0.000000	0.000000	0.000000
0.000000	0.000000	0.000000
0.000000	0.000000	0.000000
0.000000	0.000000	0.000000
0.000000	0.000000	0.000000
0.000000	0.000000	0.000000
0.000000	0.000000	0.000000
0.000000	0.000000	0.000000
0.000000	0.000000	0.000000
0.000000	0.000000	0.000000
0.000000	0.000000	0.000000
0.000000	0.000000	0.000000
0.000000	0.000000	0.000000
0.000000	0.000000	0.000000
0.000000	0.000000	0.000000
0.000000	0.000000	0.000000
0.000000	0.000000	0.000000
0.000000	0.000000	0.000000
0.000000	0.000000	0.000000
0.000000	0.000000	0.000000
0.000000	0.000000	0.000000
0.000000	0.000000	0.000000
0.000000	0.000000	0.000000
0.000000	0.000000	0.000000
0.000000	0.000000	0.000000
0.000000	0.000000	0.000000
0.000000	0.000000	0.000000
0.000000	0.000000	0.000000
0.000000	0.000000	0.000000
0.000000	0.000000	0.000000
0.000000	0.000000	0.000000
Transformovane zatizeni vnejsich sil:
Qx	Qy	Mq
0.000000	0.000000	0.000000
0.000000	0.000000	0.000000
0.000000	0.000000	0.000000
0.000000	0.000000	0.000000
0.000000	0.000000	0.000000
0.000000	0.000000	0.000000
0.000000	1.000000	-0.032555
0.000000	0.000000	0.000000
0.000000	0.000000	0.000000
0.000000	0.000000	0.000000
0.000000	0.000000	0.000000
0.000000	0.000000	0.000000
0.000000	0.000000	0.000000
0.000000	0.000000	0.000000
0.000000	0.000000	0.000000
0.000000	0.000000	0.000000
0.000000	0.000000	0.000000
0.000000	0.000000	0.000000
0.000000	0.000000	0.000000
0.000000	0.000000	0.000000
0.000000	0.000000	0.000000
0.000000	0.000000	0.000000
0.000000	0.000000	0.000000
0.000000	0.000000	0.000000
0.000000	0.000000	0.000000
0.000000	0.000000	0.000000
0.000000	0.000000	0.000000
0.000000	0.000000	0.000000
0.000000	0.000000	0.000000
0.000000	0.000000	0.000000
0.000000	0.000000	0.000000
0.000000	0.000000	0.000000
0.000000	0.000000	0.000000
0.000000	0.000000	0.000000
0.000000	0.000000	0.000000
0.000000	0.000000	0.000000
0.000000	0.000000	0.000000
0.000000	0.000000	0.000000
0.000000	0.000000	0.000000
0.000000	0.000000	0.000000
0.000000	0.000000	0.000000

*** vysledky vypoctu ***
 icase = 0
         0 -> O.K.,
        -1 -> nelze splnit omezujici podminky,
        +1 -> cilova funkce je na polyedru neomezena.
 lambda = 9.158882
 pocet bloku N = 40
 Vektor lokalnich deformaci:
   1: fi 00 int = 5.000002
  16: fi 07 ext = 8.384995
  51: fi 25 int = 6.778130
  82: fi 40 ext = 3.393136
 Vektor indexu spary mezi bloky:
0		1		2		3		4		5		6		7		8		9		10		11		12		13		14		15		16		17		18		19		20		21		22		23		24		25		26		27		28		29		30		31		32		33		34		35		36		37		38		39		40		
 Vektor normalovych sil ve sparach (+ znaci tlak):
14.176798	13.851893	13.501942	13.128983	12.735071	12.322220	11.892380	5.683888	5.606809	5.533575	5.465048	5.402367	5.346131	5.296871	5.255471	5.222207	5.197648	5.182333	5.176313	5.179584	5.192635	5.215088	5.247268	5.288748	5.339258	5.398302	5.465555	5.540728	5.622838	5.711226	5.805188	5.903981	6.006613	6.111923	6.219080	6.326843	6.434171	6.539756	6.642501	6.741004	6.834007	
 Vektor vzdalenosti N od hornoho povrchu klenby:
0.145000	0.132544	0.116079	0.095354	0.070064	0.039835	0.004218	0.000000	0.015464	0.029830	0.043187	0.055603	0.067135	0.077836	0.087742	0.096881	0.105267	0.112907	0.119799	0.125928	0.131270	0.135803	0.139480	0.142271	0.144127	0.145000	0.144839	0.143589	0.141199	0.137614	0.132776	0.126624	0.119096	0.110126	0.099643	0.087569	0.073821	0.058301	0.040908	0.021519	0.000000	
 Vektor posouvajicich sil ve sparach:
2.189095	2.804080	3.391360	3.950088	4.479451	4.978848	5.447729	-1.232049	-1.117069	-1.013025	-0.919197	-0.834758	-0.758850	-0.690565	-0.628924	-0.572906	-0.521505	-0.473614	-0.428153	-0.384030	-0.340080	-0.295195	-0.248278	-0.198166	-0.143792	-0.084070	-0.017962	0.055568	0.137517	0.228738	0.330160	0.442602	0.566806	0.703447	0.853198	1.016520	1.193916	1.385756	1.592300	1.813784	2.050243	
 Vektor e_min:
0.004209	0.004113	0.004009	0.003898	0.003781	0.003659	0.003531	0.001687	0.001665	0.001643	0.001622	0.001604	0.001587	0.001573	0.001560	0.001550	0.001543	0.001538	0.001537	0.001538	0.001542	0.001548	0.001558	0.001570	0.001585	0.001603	0.001623	0.001645	0.001669	0.001696	0.001723	0.001753	0.001783	0.001815	0.001846	0.001878	0.001910	0.001942	0.001972	0.002001	0.002029	

 * Iterace c. 1 * Delta = 0.474225 *
 icase = 0
         0 -> O.K.,
        -1 -> nelze splnit omezujici podminky,
        +1 -> cilova funkce je na polyedru neomezena.
 lambda = 8.684657
 pocet bloku N = 40
 Vektor lokalnich deformaci:
   1: fi 00 int = 4.910496
  16: fi 07 ext = 8.210312
  51: fi 25 int = 6.580300
  82: fi 40 ext = 3.280484
 Vektor indexu spary mezi bloky:
0		1		2		3		4		5		6		7		8		9		10		11		12		13		14		15		16		17		18		19		20		21		22		23		24		25		26		27		28		29		30		31		32		33		34		35		36		37		38		39		40		
 Vektor normalovych sil ve sparach (+ znaci tlak):
13.747473	13.433060	13.094810	12.734642	12.354571	11.956708	11.542799	5.649530	5.570374	5.495285	5.425321	5.361089	5.303141	5.252693	5.209965	5.175536	5.150250	5.133775	5.126885	5.129706	5.142285	5.164567	5.196364	5.237900	5.288293	5.347741	5.415505	5.491000	5.573640	5.662856	5.757771	5.857618	5.961388	6.068067	6.176619	6.286016	6.394903	6.502319	6.606872	6.707291	6.802328	
 Vektor vzdalenosti N od hornoho povrchu klenby:
0.140791	0.128965	0.113179	0.093193	0.068715	0.039389	0.004791	0.001687	0.016734	0.030704	0.043682	0.055744	0.066946	0.077341	0.086970	0.095862	0.104035	0.111496	0.118246	0.124265	0.129533	0.134024	0.137703	0.140518	0.142436	0.143397	0.143351	0.142244	0.140020	0.136621	0.131986	0.126054	0.118762	0.110042	0.099822	0.088026	0.074565	0.059348	0.042268	0.023206	0.002029	
 Vektor posouvajicich sil ve sparach:
1.999347	2.592096	3.157756	3.695493	4.204582	4.684416	5.134564	-1.194513	-1.081399	-0.979315	-0.887519	-0.805200	-0.731522	-0.665494	-0.606224	-0.552620	-0.503678	-0.458313	-0.415423	-0.373882	-0.332572	-0.290334	-0.246061	-0.198624	-0.146909	-0.089839	-0.026366	0.044556	0.123886	0.212572	0.311516	0.421477	0.543295	0.677627	0.825078	0.986233	1.161529	1.351342	1.555984	1.775642	2.010414	
 Vektor e_min:
0.004082	0.003989	0.003888	0.003781	0.003668	0.003550	0.003427	0.001677	0.001654	0.001631	0.001611	0.001592	0.001574	0.001559	0.001547	0.001536	0.001529	0.001524	0.001522	0.001523	0.001527	0.001533	0.001543	0.001555	0.001570	0.001588	0.001608	0.001630	0.001655	0.001681	0.001709	0.001739	0.001770	0.001802	0.001834	0.001866	0.001899	0.001931	0.001962	0.001991	0.002020	

 * Iterace c. 2 * Delta = -0.009853 *
 icase = 0
         0 -> O.K.,
        -1 -> nelze splnit omezujici podminky,
        +1 -> cilova funkce je na polyedru neomezena.
 lambda = 8.694510
 pocet bloku N = 40
 Vektor lokalnich deformaci:
   1: fi 00 int = 4.913164
  16: fi 07 ext = 8.214940
  51: fi 25 int = 6.584821
  82: fi 40 ext = 3.283043
 Vektor indexu spary mezi bloky:
0		1		2		3		4		5		6		7		8		9		10		11		12		13		14		15		16		17		18		19		20		21		22		23		24		25		26		27		28		29		30		31		32		33		34		35		36		37		38		39		40		
 Vektor normalovych sil ve sparach (+ znaci tlak):
13.756097	13.441455	13.102886	12.742488	12.362103	11.963787	11.549639	5.649764	5.570860	5.495655	5.425499	5.361223	5.303342	5.252966	5.210205	5.175815	5.150434	5.134101	5.127164	5.129937	5.142570	5.164794	5.196811	5.238120	5.288798	5.348072	5.415822	5.491352	5.574083	5.663381	5.758153	5.858008	5.961709	6.068489	6.176971	6.286263	6.395227	6.502535	6.607121	6.707556	6.802565	
 Vektor vzdalenosti N od hornoho povrchu klenby:
0.140918	0.129076	0.113272	0.093267	0.068768	0.039419	0.004796	0.001677	0.016729	0.030702	0.043681	0.055745	0.066948	0.077347	0.086979	0.095873	0.104049	0.111512	0.118259	0.124280	0.129553	0.134043	0.137718	0.140539	0.142453	0.143412	0.143367	0.142259	0.140035	0.136632	0.131995	0.126061	0.118770	0.110048	0.099826	0.088028	0.074566	0.059345	0.042263	0.023199	0.002020	
 Vektor posouvajicich sil ve sparach:
2.003921	2.597125	3.163233	3.701379	4.210855	4.691090	5.141626	-1.194799	-1.081664	-0.979563	-0.887762	-0.805431	-0.731708	-0.665696	-0.606392	-0.552780	-0.503821	-0.458444	-0.415524	-0.373964	-0.332629	-0.290372	-0.246084	-0.198620	-0.146893	-0.089813	-0.026319	0.044622	0.123993	0.212676	0.311629	0.421623	0.543457	0.677797	0.825281	0.986451	1.161764	1.351585	1.556252	1.775907	2.010691	
 Vektor e_min:
0.004085	0.003991	0.003891	0.003784	0.003671	0.003552	0.003429	0.001677	0.001654	0.001632	0.001611	0.001592	0.001574	0.001559	0.001547	0.001537	0.001529	0.001524	0.001522	0.001523	0.001527	0.001533	0.001543	0.001555	0.001570	0.001588	0.001608	0.001630	0.001655	0.001681	0.001709	0.001739	0.001770	0.001802	0.001834	0.001866	0.001899	0.001931	0.001962	0.001991	0.002020	
