Vstupni soubor: zlamal3_5.in
***kopie vstupniho souboru***

 2.472500
 0.713750
 1
 0.145000
 20.000000
 0.600000
 40
 1
 1.0 1.000000 0.200000
 0.500000
 0.000000
 0 30.000000
 0 0.600000 0.400000 2.400000
 1
 4 2000.000000 inter1.txt
*****************************
Ortoganalni souradnice intrados a extrados:
X_int	Y_int	X_ext	Y_ext
0.000000	0.000000	-0.125574	0.072500
0.039049	0.063722	-0.082558	0.142695
0.081379	0.125313	-0.035928	0.210542
0.126875	0.184605	0.014189	0.275856
0.175412	0.241434	0.067656	0.338458
0.226856	0.295645	0.124325	0.398175
0.281067	0.347089	0.184043	0.454845
0.337896	0.395626	0.246644	0.508312
0.397187	0.441122	0.311958	0.558429
0.458778	0.483452	0.379806	0.605059
0.522501	0.522501	0.450001	0.648075
0.588179	0.558162	0.522350	0.687358
0.655634	0.590336	0.596657	0.722800
0.724680	0.618936	0.672717	0.754305
0.795129	0.643883	0.750321	0.781786
0.866786	0.665109	0.829257	0.805168
0.939456	0.682556	0.909309	0.824387
1.012940	0.696175	0.990257	0.839390
1.087036	0.705930	1.071879	0.850136
1.161541	0.711794	1.153952	0.856595
1.236250	0.713750	1.236250	0.858750
1.310960	0.711794	1.318548	0.856595
1.385464	0.705930	1.400621	0.850136
1.459560	0.696175	1.482243	0.839390
1.533044	0.682556	1.563191	0.824387
1.605714	0.665109	1.643243	0.805168
1.677372	0.643883	1.722179	0.781786
1.747820	0.618936	1.799783	0.754305
1.816866	0.590336	1.875843	0.722800
1.884321	0.558162	1.950150	0.687358
1.949999	0.522501	2.022500	0.648075
2.013722	0.483452	2.092694	0.605059
2.075313	0.441122	2.160542	0.558429
2.134604	0.395626	2.225856	0.508312
2.191433	0.347089	2.288457	0.454845
2.245644	0.295645	2.348175	0.398175
2.297088	0.241434	2.404845	0.338458
2.345625	0.184605	2.458311	0.275856
2.391121	0.125313	2.508428	0.210542
2.433451	0.063722	2.555058	0.142695
2.472500	0.000000	2.598074	0.072500
Vlastni tiha klenby - jednotlive bloky:
X_p	Y_p	P
-0.043266	0.070339	0.227661
-0.000477	0.136230	0.227661
0.045702	0.199790	0.227661
0.095145	0.260847	0.227661
0.147715	0.319232	0.227661
0.203269	0.374786	0.227661
0.261654	0.427356	0.227661
0.322711	0.476799	0.227661
0.386271	0.522978	0.227661
0.452161	0.565768	0.227661
0.520200	0.605050	0.227661
0.590202	0.640718	0.227661
0.661975	0.672673	0.227661
0.735322	0.700828	0.227661
0.810042	0.725106	0.227661
0.885929	0.745440	0.227661
0.962778	0.761775	0.227662
1.040376	0.774065	0.227661
1.118510	0.782278	0.227661
1.196967	0.786389	0.227661
1.275532	0.786389	0.227661
1.353990	0.782278	0.227661
1.432125	0.774065	0.227661
1.509722	0.761775	0.227662
1.586570	0.745440	0.227661
1.662459	0.725106	0.227661
1.737178	0.700828	0.227661
1.810525	0.672673	0.227661
1.882298	0.640718	0.227661
1.952299	0.605050	0.227661
2.020339	0.565768	0.227661
2.086229	0.522978	0.227661
2.149790	0.476799	0.227661
2.210846	0.427356	0.227661
2.269231	0.374786	0.227661
2.324785	0.319232	0.227661
2.377355	0.260846	0.227661
2.426798	0.199790	0.227661
2.472977	0.136230	0.227662
2.515766	0.070339	0.227661
Tiha nadnasypu pusobici na bloky:
P	h_ver	X_p	Y_p
0.000000	0.070195	-0.104267	0.107269
0.000000	0.067847	-0.059466	0.176294
0.000000	0.065314	-0.011114	0.242881
0.000000	0.062602	0.040657	0.306846
0.000000	0.059718	0.095706	0.368017
0.000000	0.056670	0.153882	0.426223
0.000000	0.053467	0.215026	0.481307
0.000000	0.050117	0.278971	0.533117
0.000000	0.046630	0.345543	0.581511
0.000000	0.043015	0.414559	0.626357
0.000000	0.039283	0.485833	0.667530
0.000000	0.035442	0.559168	0.704919
0.000000	0.031505	0.634365	0.738419
0.000000	0.027481	0.711218	0.767939
0.000000	0.023382	0.789517	0.793397
0.000000	0.019219	0.869048	0.814721
0.000000	0.015003	0.949591	0.831853
0.000000	0.010746	1.030926	0.844744
0.000000	0.006459	1.112828	0.853358
0.000000	0.002155	1.195071	0.857672
0.000000	-0.002155	1.277429	0.857672
0.000000	-0.006459	1.359672	0.853358
0.000000	-0.010746	1.441574	0.844744
0.000000	-0.015003	1.522909	0.831853
0.000000	-0.019219	1.603452	0.814721
0.000000	-0.023382	1.682983	0.793397
0.000000	-0.027481	1.761282	0.767939
0.000000	-0.031505	1.838135	0.738420
0.000000	-0.035442	1.913332	0.704919
0.000000	-0.039283	1.986668	0.667530
0.000000	-0.043016	2.057940	0.626357
0.000000	-0.046630	2.126957	0.581511
0.000000	-0.050117	2.193529	0.533117
0.000000	-0.053467	2.257474	0.481307
0.000000	-0.056670	2.318619	0.426223
0.000000	-0.059718	2.376793	0.368017
0.000000	-0.062602	2.431843	0.306846
0.000000	-0.065314	2.483614	0.242880
0.000000	-0.067848	2.531968	0.176292
0.000000	-0.070195	2.576767	0.107270
Vnejsi zatizeni pusobici na bloky:
X_q	Y_q	Q
-0.125574	0.072500	0.000000
-0.082558	0.142695	0.000000
-0.035928	0.210542	0.000000
0.014189	0.275856	0.000000
0.067656	0.338458	0.000000
0.124325	0.398175	0.000000
0.184043	0.454845	0.000000
0.246644	0.508312	0.000000
0.311958	0.558429	0.000000
0.379806	0.605059	0.000000
0.450001	0.648075	0.000000
0.522350	0.687358	0.000000
0.596657	0.722800	0.000000
0.672717	0.754305	0.000000
0.750321	0.781786	0.000000
0.829257	0.805168	0.000000
0.909309	0.824387	0.000000
1.000000	0.929412	1.000000
1.071879	0.850136	0.000000
1.153952	0.856595	0.000000
1.236250	0.858750	0.000000
1.318548	0.856595	0.000000
1.400621	0.850136	0.000000
1.482243	0.839390	0.000000
1.563191	0.824387	0.000000
1.643243	0.805168	0.000000
1.722179	0.781786	0.000000
1.799783	0.754305	0.000000
1.875843	0.722800	0.000000
1.950150	0.687358	0.000000
2.022500	0.648075	0.000000
2.092694	0.605059	0.000000
2.160542	0.558429	0.000000
2.225856	0.508312	0.000000
2.288457	0.454845	0.000000
2.348175	0.398175	0.000000
2.404845	0.338458	0.000000
2.458311	0.275856	0.000000
2.508428	0.210542	0.000000
2.555058	0.142695	0.000000
Ortogonalni lokalni souradnice jednotlivych bloku:
a	alfa	b	beta
0.072500	2.617995	0.078531	1.021018
0.072500	2.565635	0.078531	0.968659
0.072500	2.513275	0.078531	0.916299
0.072500	2.460915	0.078531	0.863939
0.072500	2.408555	0.078531	0.811579
0.072500	2.356195	0.078531	0.759219
0.072500	2.303835	0.078531	0.706859
0.072500	2.251475	0.078531	0.654500
0.072500	2.199115	0.078531	0.602139
0.072500	2.146756	0.078531	0.549778
0.072500	2.094395	0.078531	0.497420
0.072500	2.042036	0.078531	0.445059
0.072500	1.989676	0.078531	0.392700
0.072500	1.937316	0.078531	0.340338
0.072500	1.884957	0.078531	0.287981
0.072500	1.832596	0.078531	0.235619
0.072500	1.780236	0.078531	0.183260
0.072500	1.727876	0.078531	0.130899
0.072500	1.675516	0.078531	0.078541
0.072500	1.623156	0.078531	0.026179
0.072500	1.570796	0.078531	-0.026179
0.072500	1.518436	0.078531	-0.078540
0.072500	1.466077	0.078531	-0.130900
0.072500	1.413716	0.078531	-0.183260
0.072500	1.361356	0.078531	-0.235619
0.072500	1.308997	0.078531	-0.287979
0.072500	1.256637	0.078531	-0.340341
0.072500	1.204276	0.078531	-0.392699
0.072500	1.151917	0.078531	-0.445058
0.072500	1.099557	0.078531	-0.497421
0.072500	1.047197	0.078531	-0.549780
0.072500	0.994838	0.078531	-0.602137
0.072500	0.942477	0.078531	-0.654499
0.072500	0.890118	0.078531	-0.706859
0.072500	0.837758	0.078531	-0.759219
0.072500	0.785397	0.078531	-0.811578
0.072500	0.733037	0.078531	-0.863940
0.072500	0.680678	0.078531	-0.916301
0.072500	0.628319	0.078531	-0.968656
0.072500	0.575958	0.078531	-1.021019
0.072500	0.523597	1.000000	-1.047199
Transformovane zatizeni vlastni tihou klenby:
Px	Py	Mp
0.000000	0.227661	0.004444
0.000000	0.227661	0.004844
0.000000	0.227661	0.005231
0.000000	0.227661	0.005603
0.000000	0.227661	0.005961
0.000000	0.227661	0.006301
0.000000	0.227661	0.006625
0.000000	0.227661	0.006930
0.000000	0.227661	0.007216
0.000000	0.227661	0.007483
0.000000	0.227661	0.007729
0.000000	0.227661	0.007954
0.000000	0.227661	0.008157
0.000000	0.227661	0.008338
0.000000	0.227661	0.008496
0.000000	0.227661	0.008630
0.000000	0.227662	0.008741
0.000000	0.227661	0.008828
0.000000	0.227661	0.008891
0.000000	0.227661	0.008929
0.000000	0.227661	0.008943
0.000000	0.227661	0.008933
0.000000	0.227661	0.008897
0.000000	0.227662	0.008838
0.000000	0.227661	0.008754
0.000000	0.227661	0.008647
0.000000	0.227661	0.008515
0.000000	0.227661	0.008360
0.000000	0.227661	0.008183
0.000000	0.227661	0.007983
0.000000	0.227661	0.007761
0.000000	0.227661	0.007518
0.000000	0.227661	0.007254
0.000000	0.227661	0.006970
0.000000	0.227661	0.006667
0.000000	0.227661	0.006346
0.000000	0.227661	0.006008
0.000000	0.227661	0.005653
0.000000	0.227662	0.005282
0.000000	0.227661	0.004897
0.000000	0.000000	0.000000
Transformovane zatizeni nadnasypem:
Px	Py	Mp
0.000000	0.000000	0.000000
0.000000	0.000000	0.000000
0.000000	0.000000	0.000000
0.000000	0.000000	0.000000
0.000000	0.000000	0.000000
0.000000	0.000000	0.000000
0.000000	0.000000	0.000000
0.000000	0.000000	0.000000
0.000000	0.000000	0.000000
0.000000	0.000000	0.000000
0.000000	0.000000	0.000000
0.000000	0.000000	0.000000
0.000000	0.000000	0.000000
0.000000	0.000000	0.000000
0.000000	0.000000	0.000000
0.000000	0.000000	0.000000
0.000000	0.000000	0.000000
0.000000	0.000000	0.000000
0.000000	0.000000	0.000000
0.000000	0.000000	0.000000
0.000000	0.000000	0.000000
0.000000	0.000000	0.000000
0.000000	0.000000	0.000000
0.000000	0.000000	0.000000
0.000000	0.000000	0.000000
0.000000	0.000000	0.000000
0.000000	0.000000	0.000000
0.000000	0.000000	0.000000
0.000000	0.000000	0.000000
0.000000	0.000000	0.000000
0.000000	0.000000	0.000000
0.000000	0.000000	0.000000
0.000000	0.000000	0.000000
0.000000	0.000000	0.000000
0.000000	0.000000	0.000000
0.000000	0.000000	0.000000
0.000000	0.000000	0.000000
0.000000	0.000000	0.000000
0.000000	0.000000	0.000000
0.000000	0.000000	0.000000
0.000000	0.000000	0.000000
Transformovane zatizeni vnejsich sil:
Qx	Qy	Mq
0.000000	0.000000	0.000000
0.000000	0.000000	0.000000
0.000000	0.000000	0.000000
0.000000	0.000000	0.000000
0.000000	0.000000	0.000000
0.000000	0.000000	0.000000
0.000000	0.000000	0.000000
0.000000	0.000000	0.000000
0.000000	0.000000	0.000000
0.000000	0.000000	0.000000
0.000000	0.000000	0.000000
0.000000	0.000000	0.000000
0.000000	0.000000	0.000000
0.000000	0.000000	0.000000
0.000000	0.000000	0.000000
0.000000	0.000000	0.000000
0.000000	0.000000	0.000000
0.000000	1.000000	-0.001599
0.000000	0.000000	0.000000
0.000000	0.000000	0.000000
0.000000	0.000000	0.000000
0.000000	0.000000	0.000000
0.000000	0.000000	0.000000
0.000000	0.000000	0.000000
0.000000	0.000000	0.000000
0.000000	0.000000	0.000000
0.000000	0.000000	0.000000
0.000000	0.000000	0.000000
0.000000	0.000000	0.000000
0.000000	0.000000	0.000000
0.000000	0.000000	0.000000
0.000000	0.000000	0.000000
0.000000	0.000000	0.000000
0.000000	0.000000	0.000000
0.000000	0.000000	0.000000
0.000000	0.000000	0.000000
0.000000	0.000000	0.000000
0.000000	0.000000	0.000000
0.000000	0.000000	0.000000
0.000000	0.000000	0.000000
0.000000	0.000000	0.000000

*** vysledky vypoctu ***
 icase = 0
         0 -> O.K.,
        -1 -> nelze splnit omezujici podminky,
        +1 -> cilova funkce je na polyedru neomezena.
 lambda = 5.138506
 pocet bloku N = 40
 Vektor lokalnich deformaci:
  15: fi 07 int = 1.597636
  36: fi 17 ext = 5.932830
  59: fi 29 int = 8.305346
  82: fi 40 ext = 3.970152
 Vektor indexu spary mezi bloky:
0		1		2		3		4		5		6		7		8		9		10		11		12		13		14		15		16		17		18		19		20		21		22		23		24		25		26		27		28		29		30		31		32		33		34		35		36		37		38		39		40		
 Vektor normalovych sil ve sparach (+ znaci tlak):
10.546947	10.471602	10.380468	10.274869	10.156162	10.025578	9.884300	9.733732	9.575021	9.409226	9.237552	9.061380	8.881691	8.699151	8.515183	8.330405	8.145891	7.962540	7.243711	7.332283	7.424790	7.520560	7.619868	7.721851	7.826243	7.932285	8.039575	8.147793	8.255862	8.362872	8.468190	8.571110	8.670549	8.765350	8.854715	8.937459	9.012638	9.078981	9.135530	9.181026	9.214316	
 Vektor vzdalenosti N od hornoho povrchu klenby:
0.083588	0.100688	0.114895	0.126301	0.134976	0.140967	0.144305	0.145000	0.143049	0.138433	0.131127	0.121085	0.108255	0.092582	0.073994	0.052421	0.027782	0.000000	0.017680	0.040154	0.060440	0.078540	0.094455	0.108190	0.119752	0.129141	0.136362	0.141411	0.144293	0.145000	0.143523	0.139845	0.133943	0.125785	0.115327	0.102514	0.087275	0.069522	0.049149	0.026027	0.000000	
 Vektor posouvajicich sil ve sparach:
-2.484128	-2.052715	-1.635689	-1.233435	-0.846342	-0.474618	-0.118458	0.222079	0.547025	0.856465	1.150568	1.429611	1.693915	1.943871	2.179963	2.402735	2.612732	2.810630	-2.113257	-1.958630	-1.799856	-1.636142	-1.466731	-1.290773	-1.107562	-0.916365	-0.716499	-0.507293	-0.288128	-0.058522	0.182064	0.434085	0.697888	0.973764	1.262021	1.562720	1.875993	2.201852	2.540161	2.890828	3.253510	
 Vektor e_min:
0.003132	0.003109	0.003082	0.003051	0.003016	0.002977	0.002935	0.002890	0.002843	0.002794	0.002743	0.002690	0.002637	0.002583	0.002528	0.002473	0.002419	0.002364	0.002151	0.002177	0.002204	0.002233	0.002262	0.002293	0.002324	0.002355	0.002387	0.002419	0.002451	0.002483	0.002514	0.002545	0.002574	0.002603	0.002629	0.002654	0.002676	0.002696	0.002713	0.002726	0.002736	

 * Iterace c. 1 * Delta = 0.412860 *
 icase = 0
         0 -> O.K.,
        -1 -> nelze splnit omezujici podminky,
        +1 -> cilova funkce je na polyedru neomezena.
 lambda = 4.725646
 pocet bloku N = 40
 Vektor lokalnich deformaci:
  15: fi 07 int = 1.587322
  36: fi 17 ext = 5.746384
  59: fi 29 int = 7.936039
  82: fi 40 ext = 3.776983
 Vektor indexu spary mezi bloky:
0		1		2		3		4		5		6		7		8		9		10		11		12		13		14		15		16		17		18		19		20		21		22		23		24		25		26		27		28		29		30		31		32		33		34		35		36		37		38		39		40		
 Vektor normalovych sil ve sparach (+ znaci tlak):
10.162167	10.080899	9.985008	9.875682	9.754292	9.622286	9.480593	9.330637	9.173577	9.010784	8.843283	8.672052	8.498158	8.322990	8.147268	7.971987	7.797453	7.625129	6.961342	7.041468	7.126287	7.215407	7.308488	7.405048	7.504852	7.607530	7.712342	7.818655	7.925680	8.033105	8.139441	8.243987	8.346137	8.444844	8.538635	8.626848	8.708335	8.781711	8.846214	8.900354	8.943113	
 Vektor vzdalenosti N od hornoho povrchu klenby:
0.081184	0.098059	0.112093	0.123379	0.131985	0.137957	0.141327	0.142110	0.140302	0.135891	0.128854	0.119157	0.106758	0.091606	0.073648	0.052830	0.029089	0.002364	0.019451	0.040940	0.060393	0.077802	0.093153	0.106440	0.117661	0.126806	0.133872	0.138851	0.141737	0.142517	0.141183	0.137716	0.132088	0.124266	0.114206	0.101856	0.087146	0.069992	0.050293	0.027924	0.002736	
 Vektor posouvajicich sil ve sparach:
-2.361672	-1.950569	-1.554113	-1.172688	-0.806542	-0.455907	-0.120898	0.198509	0.502393	0.790870	1.064222	1.322741	1.566810	1.796892	2.013495	2.217243	2.408729	2.588673	-1.941992	-1.802339	-1.659001	-1.511097	-1.357829	-1.198348	-1.031828	-0.857562	-0.674768	-0.482738	-0.280871	-0.068512	0.154832	0.389661	0.636415	0.895415	1.166972	1.451288	1.748446	2.058541	2.381500	2.717220	3.065487	
 Vektor e_min:
0.003017	0.002993	0.002965	0.002932	0.002896	0.002857	0.002815	0.002770	0.002724	0.002675	0.002626	0.002575	0.002523	0.002471	0.002419	0.002367	0.002315	0.002264	0.002067	0.002091	0.002116	0.002142	0.002170	0.002199	0.002228	0.002259	0.002290	0.002321	0.002353	0.002385	0.002417	0.002448	0.002478	0.002507	0.002535	0.002561	0.002586	0.002607	0.002627	0.002643	0.002655	

 * Iterace c. 2 * Delta = -0.015103 *
 icase = 0
         0 -> O.K.,
        -1 -> nelze splnit omezujici podminky,
        +1 -> cilova funkce je na polyedru neomezena.
 lambda = 4.740749
 pocet bloku N = 40
 Vektor lokalnich deformaci:
  15: fi 07 int = 1.587733
  36: fi 17 ext = 5.753264
  59: fi 29 int = 7.949730
  82: fi 40 ext = 3.784199
 Vektor indexu spary mezi bloky:
0		1		2		3		4		5		6		7		8		9		10		11		12		13		14		15		16		17		18		19		20		21		22		23		24		25		26		27		28		29		30		31		32		33		34		35		36		37		38		39		40		
 Vektor normalovych sil ve sparach (+ znaci tlak):
10.176074	10.095013	9.999257	9.890183	9.768742	9.636702	9.494965	9.345063	9.188091	9.024985	8.857231	8.685862	8.511955	8.336486	8.160493	7.984615	7.809838	7.636970	6.971462	7.052099	7.136904	7.226192	7.319412	7.416007	7.516266	7.618979	7.724028	7.830371	7.937539	8.044834	8.151125	8.255743	8.357820	8.456235	8.549940	8.637949	8.719149	8.792394	8.856567	8.910423	8.952827	
 Vektor vzdalenosti N od hornoho povrchu klenby:
0.081298	0.098179	0.112219	0.123507	0.132114	0.138086	0.141453	0.142230	0.140414	0.135996	0.128946	0.119233	0.106815	0.091642	0.073659	0.052807	0.029032	0.002264	0.019373	0.040903	0.060386	0.077822	0.093197	0.106503	0.117736	0.126894	0.133963	0.138948	0.141835	0.142615	0.141277	0.137804	0.132165	0.124332	0.114259	0.101893	0.087166	0.069991	0.050268	0.027873	0.002655	
 Vektor posouvajicich sil ve sparach:
-2.365814	-1.954001	-1.556796	-1.174611	-0.807734	-0.456330	-0.120547	0.199625	0.504263	0.793484	1.067595	1.326818	1.571633	1.802405	2.019714	2.224135	2.416270	2.596845	-1.948210	-1.808030	-1.664148	-1.515699	-1.361847	-1.201768	-1.034678	-0.859805	-0.676394	-0.483760	-0.281260	-0.068317	0.155649	0.391086	0.638453	0.898057	1.170195	1.455112	1.752847	2.063500	2.387006	2.723278	3.072059	
 Vektor e_min:
0.003021	0.002997	0.002969	0.002937	0.002901	0.002861	0.002819	0.002775	0.002728	0.002680	0.002630	0.002579	0.002527	0.002475	0.002423	0.002371	0.002319	0.002267	0.002070	0.002094	0.002119	0.002146	0.002173	0.002202	0.002232	0.002262	0.002293	0.002325	0.002357	0.002389	0.002420	0.002451	0.002482	0.002511	0.002539	0.002565	0.002589	0.002611	0.002630	0.002646	0.002658	

 * Iterace c. 3 * Delta = 0.000575 *
 icase = 0
         0 -> O.K.,
        -1 -> nelze splnit omezujici podminky,
        +1 -> cilova funkce je na polyedru neomezena.
 lambda = 4.740174
 pocet bloku N = 40
 Vektor lokalnich deformaci:
  15: fi 07 int = 1.587712
  36: fi 17 ext = 5.753034
  59: fi 29 int = 7.949270
  82: fi 40 ext = 3.783956
 Vektor indexu spary mezi bloky:
0		1		2		3		4		5		6		7		8		9		10		11		12		13		14		15		16		17		18		19		20		21		22		23		24		25		26		27		28		29		30		31		32		33		34		35		36		37		38		39		40		
 Vektor normalovych sil ve sparach (+ znaci tlak):
10.175511	10.094458	9.998639	9.889562	9.768331	9.636195	9.494599	9.344474	9.187459	9.024283	8.856798	8.685308	8.511634	8.336018	8.159840	7.984209	7.809471	7.636602	6.971013	7.051351	7.136528	7.225603	7.319164	7.415801	7.515810	7.618593	7.723555	7.829851	7.936937	8.044236	8.150702	8.255312	8.357253	8.455912	8.549434	8.637567	8.718699	8.792019	8.856167	8.910020	8.952448	
 Vektor vzdalenosti N od hornoho povrchu klenby:
0.081295	0.098176	0.112215	0.123504	0.132109	0.138082	0.141449	0.142225	0.140410	0.135992	0.128942	0.119231	0.106813	0.091641	0.073660	0.052810	0.029033	0.002267	0.019376	0.040902	0.060386	0.077821	0.093193	0.106499	0.117733	0.126889	0.133962	0.138945	0.141831	0.142611	0.141274	0.137799	0.132163	0.124328	0.114257	0.101891	0.087164	0.069991	0.050269	0.027875	0.002658	
 Vektor posouvajicich sil ve sparach:
-2.365628	-1.953850	-1.556691	-1.174534	-0.807679	-0.456302	-0.120541	0.199592	0.504205	0.793395	1.067467	1.326671	1.571444	1.802213	2.019482	2.223884	2.416001	2.596539	-1.947970	-1.807805	-1.663942	-1.515528	-1.361687	-1.201637	-1.034571	-0.859720	-0.676335	-0.483715	-0.281250	-0.068309	0.155603	0.391032	0.638374	0.897958	1.170084	1.454952	1.752682	2.063291	2.386793	2.723026	3.071803	
 Vektor e_min:
0.003021	0.002997	0.002969	0.002936	0.002900	0.002861	0.002819	0.002775	0.002728	0.002679	0.002630	0.002579	0.002527	0.002475	0.002423	0.002371	0.002319	0.002267	0.002070	0.002094	0.002119	0.002145	0.002173	0.002202	0.002232	0.002262	0.002293	0.002325	0.002357	0.002388	0.002420	0.002451	0.002481	0.002511	0.002538	0.002565	0.002589	0.002610	0.002630	0.002646	0.002658	
