 icase = 0
         0 -> O.K.,
        -1 -> nelze splnit omezujici podminky,
        +1 -> cilova funkce je na polyedru neomezena.
 lambda = 7.309733
 pocet bloku N = 40
 Vektor lokalnich deformaci:
   2: fi 00 ext = 2.898558
  31: fi 15 int = 6.006729
  66: fi 32 ext = 6.777914
  81: fi 40 int = 3.669743
 Vektor indexu spary mezi bloky:
0		1		2		3		4		5		6		7		8		9		10		11		12		13		14		15		16		17		18		19		20		21		22		23		24		25		26		27		28		29		30		31		32		33		34		35		36		37		38		39		40		
 Vektor normalovych sil ve sparach (+ znaci tlak):
6.934293	6.844165	6.748122	6.647565	6.543786	6.438249	6.331686	6.225609	6.121058	6.018777	5.919813	5.825657	5.736897	5.653664	5.577691	5.508780	5.447717	5.395229	5.351539	5.316696	5.291255	5.274665	5.268072	5.270563	5.282272	5.302256	5.330832	5.367801	5.412413	5.463603	5.521028	5.584195	5.651947	10.323697	10.689012	11.042767	11.383084	11.708165	12.016231	12.305365	12.573694	
 Vektor vzdalenosti N od hornoho povrchu klenby:
0.000000	0.021837	0.041502	0.059134	0.074851	0.088758	0.100945	0.111498	0.120492	0.127987	0.134067	0.138769	0.142157	0.144296	0.145218	0.145000	0.143674	0.141303	0.137918	0.133576	0.128319	0.122190	0.115200	0.107402	0.098797	0.089400	0.079210	0.068211	0.056389	0.043704	0.030117	0.015574	0.000000	0.009058	0.041742	0.069487	0.092658	0.111561	0.126453	0.137544	0.145000	
 Vektor posouvajicich sil ve sparach:
-2.106211	-1.864387	-1.637462	-1.425295	-1.227792	-1.044591	-0.875416	-0.719775	-0.577139	-0.446911	-0.328476	-0.221034	-0.123814	-0.035957	0.043481	0.115429	0.180882	0.240899	0.296545	0.348830	0.398955	0.448001	0.497007	0.547204	0.599595	0.655308	0.715374	0.780843	0.852778	0.931985	1.019480	1.116131	1.222672	-4.340901	-3.963779	-3.559925	-3.129464	-2.672682	-2.190075	-1.682156	-1.149704	

 * Iterace c. 1 * Delta = 0.338046 *
 icase = 0
         0 -> O.K.,
        -1 -> nelze splnit omezujici podminky,
        +1 -> cilova funkce je na polyedru neomezena.
 lambda = 6.971687
 pocet bloku N = 40
 Vektor lokalnich deformaci:
   2: fi 00 ext = 3.061559
  29: fi 14 int = 5.961649
  66: fi 32 ext = 6.526904
  81: fi 40 int = 3.626814
 Vektor indexu spary mezi bloky:
0		1		2		3		4		5		6		7		8		9		10		11		12		13		14		15		16		17		18		19		20		21		22		23		24		25		26		27		28		29		30		31		32		33		34		35		36		37		38		39		40		
 Vektor normalovych sil ve sparach (+ znaci tlak):
6.894925	6.802381	6.704111	6.601452	6.495751	6.388092	6.279800	6.172160	6.065934	5.962434	5.862618	5.767166	5.677006	5.593762	5.517046	5.447751	5.386768	5.334297	5.290672	5.256041	5.231066	5.215387	5.209576	5.212412	5.225252	5.246771	5.277237	5.315660	5.361496	5.414801	5.474399	5.539333	5.609698	10.071019	10.425241	10.768697	11.099595	11.415999	11.716105	11.998031	12.260106	
 Vektor vzdalenosti N od hornoho povrchu klenby:
0.002059	0.023504	0.042796	0.060072	0.075445	0.089026	0.100900	0.111157	0.119869	0.127111	0.132940	0.137417	0.140616	0.142568	0.143344	0.143008	0.141591	0.139162	0.135759	0.131441	0.126250	0.120214	0.113378	0.105763	0.097383	0.088252	0.078360	0.067708	0.056260	0.043988	0.030840	0.016757	0.001678	0.009721	0.041559	0.068558	0.091060	0.109360	0.123701	0.134284	0.141267	
 Vektor posouvajicich sil ve sparach:
-2.059410	-1.819723	-1.595057	-1.385283	-1.190225	-1.009592	-0.843096	-0.690161	-0.550402	-0.423089	-0.307641	-0.203243	-0.109088	-0.024340	0.051921	0.120666	0.182943	0.239756	0.292159	0.341320	0.388261	0.434150	0.480114	0.527219	0.576622	0.629401	0.686629	0.749291	0.818526	0.895150	0.980111	1.074357	1.178585	-4.124356	-3.760814	-3.371023	-2.955152	-2.513452	-2.046395	-1.554384	-1.038105	

 * Iterace c. 2 * Delta = -0.005180 *
 icase = 0
         0 -> O.K.,
        -1 -> nelze splnit omezujici podminky,
        +1 -> cilova funkce je na polyedru neomezena.
 lambda = 6.976867
 pocet bloku N = 40
 Vektor lokalnich deformaci:
   2: fi 00 ext = 3.062929
  29: fi 14 int = 5.963980
  66: fi 32 ext = 6.528796
  81: fi 40 int = 3.627745
 Vektor indexu spary mezi bloky:
0		1		2		3		4		5		6		7		8		9		10		11		12		13		14		15		16		17		18		19		20		21		22		23		24		25		26		27		28		29		30		31		32		33		34		35		36		37		38		39		40		
 Vektor normalovych sil ve sparach (+ znaci tlak):
6.895166	6.802599	6.704431	6.601678	6.496003	6.388407	6.280109	6.172528	6.066458	5.962887	5.862989	5.767796	5.678109	5.594239	5.517726	5.448445	5.386869	5.334414	5.290665	5.256277	5.231311	5.215721	5.209550	5.212992	5.225652	5.247213	5.277403	5.315784	5.361830	5.415092	5.474438	5.539838	5.609761	10.074314	10.428971	10.772690	11.103644	11.420294	11.720429	12.002538	12.264716	
 Vektor vzdalenosti N od hornoho povrchu klenby:
0.002047	0.023494	0.042790	0.060067	0.075447	0.089026	0.100902	0.111162	0.119878	0.127115	0.132949	0.137430	0.140620	0.142583	0.143362	0.143020	0.141610	0.139184	0.135782	0.131468	0.126267	0.120231	0.113393	0.105776	0.097393	0.088255	0.078370	0.067715	0.056264	0.043984	0.030835	0.016755	0.001665	0.009722	0.041580	0.068594	0.091110	0.109421	0.123773	0.134367	0.141360	
 Vektor posouvajicich sil ve sparach:
-2.059673	-1.819989	-1.595331	-1.385542	-1.190457	-1.009826	-0.843295	-0.690393	-0.550576	-0.423256	-0.307754	-0.203338	-0.109208	-0.024438	0.051862	0.120651	0.182919	0.239769	0.292214	0.341371	0.388345	0.434239	0.480207	0.527357	0.576786	0.629566	0.686802	0.749541	0.818713	0.895366	0.980386	1.074614	1.178934	-4.128086	-3.764386	-3.374341	-2.958271	-2.516390	-2.049084	-1.556866	-1.040370	
