Vstupni soubor: zlamal3_7.in
***kopie vstupniho souboru***

 2.472500
 0.713750
 1
 0.145000
 20.000000
 0.600000
 40
 1
 1.4 1.000000 0.200000
 0.500000
 0.000000
 0 30.000000
 0 0.600000 0.400000 2.400000
 1
 4 2000.000000 inter1.txt
*****************************
Ortoganalni souradnice intrados a extrados:
X_int	Y_int	X_ext	Y_ext
0.000000	0.000000	-0.125574	0.072500
0.039049	0.063722	-0.082558	0.142695
0.081379	0.125313	-0.035928	0.210542
0.126875	0.184605	0.014189	0.275856
0.175412	0.241434	0.067656	0.338458
0.226856	0.295645	0.124325	0.398175
0.281067	0.347089	0.184043	0.454845
0.337896	0.395626	0.246644	0.508312
0.397187	0.441122	0.311958	0.558429
0.458778	0.483452	0.379806	0.605059
0.522501	0.522501	0.450001	0.648075
0.588179	0.558162	0.522350	0.687358
0.655634	0.590336	0.596657	0.722800
0.724680	0.618936	0.672717	0.754305
0.795129	0.643883	0.750321	0.781786
0.866786	0.665109	0.829257	0.805168
0.939456	0.682556	0.909309	0.824387
1.012940	0.696175	0.990257	0.839390
1.087036	0.705930	1.071879	0.850136
1.161541	0.711794	1.153952	0.856595
1.236250	0.713750	1.236250	0.858750
1.310960	0.711794	1.318548	0.856595
1.385464	0.705930	1.400621	0.850136
1.459560	0.696175	1.482243	0.839390
1.533044	0.682556	1.563191	0.824387
1.605714	0.665109	1.643243	0.805168
1.677372	0.643883	1.722179	0.781786
1.747820	0.618936	1.799783	0.754305
1.816866	0.590336	1.875843	0.722800
1.884321	0.558162	1.950150	0.687358
1.949999	0.522501	2.022500	0.648075
2.013722	0.483452	2.092694	0.605059
2.075313	0.441122	2.160542	0.558429
2.134604	0.395626	2.225856	0.508312
2.191433	0.347089	2.288457	0.454845
2.245644	0.295645	2.348175	0.398175
2.297088	0.241434	2.404845	0.338458
2.345625	0.184605	2.458311	0.275856
2.391121	0.125313	2.508428	0.210542
2.433451	0.063722	2.555058	0.142695
2.472500	0.000000	2.598074	0.072500
Vlastni tiha klenby - jednotlive bloky:
X_p	Y_p	P
-0.043266	0.070339	0.227661
-0.000477	0.136230	0.227661
0.045702	0.199790	0.227661
0.095145	0.260847	0.227661
0.147715	0.319232	0.227661
0.203269	0.374786	0.227661
0.261654	0.427356	0.227661
0.322711	0.476799	0.227661
0.386271	0.522978	0.227661
0.452161	0.565768	0.227661
0.520200	0.605050	0.227661
0.590202	0.640718	0.227661
0.661975	0.672673	0.227661
0.735322	0.700828	0.227661
0.810042	0.725106	0.227661
0.885929	0.745440	0.227661
0.962778	0.761775	0.227662
1.040376	0.774065	0.227661
1.118510	0.782278	0.227661
1.196967	0.786389	0.227661
1.275532	0.786389	0.227661
1.353990	0.782278	0.227661
1.432125	0.774065	0.227661
1.509722	0.761775	0.227662
1.586570	0.745440	0.227661
1.662459	0.725106	0.227661
1.737178	0.700828	0.227661
1.810525	0.672673	0.227661
1.882298	0.640718	0.227661
1.952299	0.605050	0.227661
2.020339	0.565768	0.227661
2.086229	0.522978	0.227661
2.149790	0.476799	0.227661
2.210846	0.427356	0.227661
2.269231	0.374786	0.227661
2.324785	0.319232	0.227661
2.377355	0.260846	0.227661
2.426798	0.199790	0.227661
2.472977	0.136230	0.227662
2.515766	0.070339	0.227661
Tiha nadnasypu pusobici na bloky:
P	h_ver	X_p	Y_p
0.000000	0.070195	-0.104267	0.107269
0.000000	0.067847	-0.059466	0.176294
0.000000	0.065314	-0.011114	0.242881
0.000000	0.062602	0.040657	0.306846
0.000000	0.059718	0.095706	0.368017
0.000000	0.056670	0.153882	0.426223
0.000000	0.053467	0.215026	0.481307
0.000000	0.050117	0.278971	0.533117
0.000000	0.046630	0.345543	0.581511
0.000000	0.043015	0.414559	0.626357
0.000000	0.039283	0.485833	0.667530
0.000000	0.035442	0.559168	0.704919
0.000000	0.031505	0.634365	0.738419
0.000000	0.027481	0.711218	0.767939
0.000000	0.023382	0.789517	0.793397
0.000000	0.019219	0.869048	0.814721
0.000000	0.015003	0.949591	0.831853
0.000000	0.010746	1.030926	0.844744
0.000000	0.006459	1.112828	0.853358
0.000000	0.002155	1.195071	0.857672
0.000000	-0.002155	1.277429	0.857672
0.000000	-0.006459	1.359672	0.853358
0.000000	-0.010746	1.441574	0.844744
0.000000	-0.015003	1.522909	0.831853
0.000000	-0.019219	1.603452	0.814721
0.000000	-0.023382	1.682983	0.793397
0.000000	-0.027481	1.761282	0.767939
0.000000	-0.031505	1.838135	0.738420
0.000000	-0.035442	1.913332	0.704919
0.000000	-0.039283	1.986668	0.667530
0.000000	-0.043016	2.057940	0.626357
0.000000	-0.046630	2.126957	0.581511
0.000000	-0.050117	2.193529	0.533117
0.000000	-0.053467	2.257474	0.481307
0.000000	-0.056670	2.318619	0.426223
0.000000	-0.059718	2.376793	0.368017
0.000000	-0.062602	2.431843	0.306846
0.000000	-0.065314	2.483614	0.242880
0.000000	-0.067848	2.531968	0.176292
0.000000	-0.070195	2.576767	0.107270
Vnejsi zatizeni pusobici na bloky:
X_q	Y_q	Q
-0.125574	0.072500	0.000000
-0.082558	0.142695	0.000000
-0.035928	0.210542	0.000000
0.014189	0.275856	0.000000
0.067656	0.338458	0.000000
0.124325	0.398175	0.000000
0.184043	0.454845	0.000000
0.246644	0.508312	0.000000
0.311958	0.558429	0.000000
0.379806	0.605059	0.000000
0.450001	0.648075	0.000000
0.522350	0.687358	0.000000
0.596657	0.722800	0.000000
0.672717	0.754305	0.000000
0.750321	0.781786	0.000000
0.829257	0.805168	0.000000
0.909309	0.824387	0.000000
0.990257	0.839390	0.000000
1.071879	0.850136	0.000000
1.153952	0.856595	0.000000
1.236250	0.858750	0.000000
1.400000	0.850087	1.000000
1.400621	0.850136	0.000000
1.482243	0.839390	0.000000
1.563191	0.824387	0.000000
1.643243	0.805168	0.000000
1.722179	0.781786	0.000000
1.799783	0.754305	0.000000
1.875843	0.722800	0.000000
1.950150	0.687358	0.000000
2.022500	0.648075	0.000000
2.092694	0.605059	0.000000
2.160542	0.558429	0.000000
2.225856	0.508312	0.000000
2.288457	0.454845	0.000000
2.348175	0.398175	0.000000
2.404845	0.338458	0.000000
2.458311	0.275856	0.000000
2.508428	0.210542	0.000000
2.555058	0.142695	0.000000
Ortogonalni lokalni souradnice jednotlivych bloku:
a	alfa	b	beta
0.072500	2.617995	0.078531	1.021018
0.072500	2.565635	0.078531	0.968659
0.072500	2.513275	0.078531	0.916299
0.072500	2.460915	0.078531	0.863939
0.072500	2.408555	0.078531	0.811579
0.072500	2.356195	0.078531	0.759219
0.072500	2.303835	0.078531	0.706859
0.072500	2.251475	0.078531	0.654500
0.072500	2.199115	0.078531	0.602139
0.072500	2.146756	0.078531	0.549778
0.072500	2.094395	0.078531	0.497420
0.072500	2.042036	0.078531	0.445059
0.072500	1.989676	0.078531	0.392700
0.072500	1.937316	0.078531	0.340338
0.072500	1.884957	0.078531	0.287981
0.072500	1.832596	0.078531	0.235619
0.072500	1.780236	0.078531	0.183260
0.072500	1.727876	0.078531	0.130899
0.072500	1.675516	0.078531	0.078541
0.072500	1.623156	0.078531	0.026179
0.072500	1.570796	0.078531	-0.026179
0.072500	1.518436	0.078531	-0.078540
0.072500	1.466077	0.078531	-0.130900
0.072500	1.413716	0.078531	-0.183260
0.072500	1.361356	0.078531	-0.235619
0.072500	1.308997	0.078531	-0.287979
0.072500	1.256637	0.078531	-0.340341
0.072500	1.204276	0.078531	-0.392699
0.072500	1.151917	0.078531	-0.445058
0.072500	1.099557	0.078531	-0.497421
0.072500	1.047197	0.078531	-0.549780
0.072500	0.994838	0.078531	-0.602137
0.072500	0.942477	0.078531	-0.654499
0.072500	0.890118	0.078531	-0.706859
0.072500	0.837758	0.078531	-0.759219
0.072500	0.785397	0.078531	-0.811578
0.072500	0.733037	0.078531	-0.863940
0.072500	0.680678	0.078531	-0.916301
0.072500	0.628319	0.078531	-0.968656
0.072500	0.575958	0.078531	-1.021019
0.072500	0.523597	1.000000	-1.047199
Transformovane zatizeni vlastni tihou klenby:
Px	Py	Mp
0.000000	0.227661	0.004444
0.000000	0.227661	0.004844
0.000000	0.227661	0.005231
0.000000	0.227661	0.005603
0.000000	0.227661	0.005961
0.000000	0.227661	0.006301
0.000000	0.227661	0.006625
0.000000	0.227661	0.006930
0.000000	0.227661	0.007216
0.000000	0.227661	0.007483
0.000000	0.227661	0.007729
0.000000	0.227661	0.007954
0.000000	0.227661	0.008157
0.000000	0.227661	0.008338
0.000000	0.227661	0.008496
0.000000	0.227661	0.008630
0.000000	0.227662	0.008741
0.000000	0.227661	0.008828
0.000000	0.227661	0.008891
0.000000	0.227661	0.008929
0.000000	0.227661	0.008943
0.000000	0.227661	0.008933
0.000000	0.227661	0.008897
0.000000	0.227662	0.008838
0.000000	0.227661	0.008754
0.000000	0.227661	0.008647
0.000000	0.227661	0.008515
0.000000	0.227661	0.008360
0.000000	0.227661	0.008183
0.000000	0.227661	0.007983
0.000000	0.227661	0.007761
0.000000	0.227661	0.007518
0.000000	0.227661	0.007254
0.000000	0.227661	0.006970
0.000000	0.227661	0.006667
0.000000	0.227661	0.006346
0.000000	0.227661	0.006008
0.000000	0.227661	0.005653
0.000000	0.227662	0.005282
0.000000	0.227661	0.004897
0.000000	0.000000	0.000000
Transformovane zatizeni nadnasypem:
Px	Py	Mp
0.000000	0.000000	0.000000
0.000000	0.000000	0.000000
0.000000	0.000000	0.000000
0.000000	0.000000	0.000000
0.000000	0.000000	0.000000
0.000000	0.000000	0.000000
0.000000	0.000000	0.000000
0.000000	0.000000	0.000000
0.000000	0.000000	0.000000
0.000000	0.000000	0.000000
0.000000	0.000000	0.000000
0.000000	0.000000	0.000000
0.000000	0.000000	0.000000
0.000000	0.000000	0.000000
0.000000	0.000000	0.000000
0.000000	0.000000	0.000000
0.000000	0.000000	0.000000
0.000000	0.000000	0.000000
0.000000	0.000000	0.000000
0.000000	0.000000	0.000000
0.000000	0.000000	0.000000
0.000000	0.000000	0.000000
0.000000	0.000000	0.000000
0.000000	0.000000	0.000000
0.000000	0.000000	0.000000
0.000000	0.000000	0.000000
0.000000	0.000000	0.000000
0.000000	0.000000	0.000000
0.000000	0.000000	0.000000
0.000000	0.000000	0.000000
0.000000	0.000000	0.000000
0.000000	0.000000	0.000000
0.000000	0.000000	0.000000
0.000000	0.000000	0.000000
0.000000	0.000000	0.000000
0.000000	0.000000	0.000000
0.000000	0.000000	0.000000
0.000000	0.000000	0.000000
0.000000	0.000000	0.000000
0.000000	0.000000	0.000000
0.000000	0.000000	0.000000
Transformovane zatizeni vnejsich sil:
Qx	Qy	Mq
0.000000	0.000000	0.000000
0.000000	0.000000	0.000000
0.000000	0.000000	0.000000
0.000000	0.000000	0.000000
0.000000	0.000000	0.000000
0.000000	0.000000	0.000000
0.000000	0.000000	0.000000
0.000000	0.000000	0.000000
0.000000	0.000000	0.000000
0.000000	0.000000	0.000000
0.000000	0.000000	0.000000
0.000000	0.000000	0.000000
0.000000	0.000000	0.000000
0.000000	0.000000	0.000000
0.000000	0.000000	0.000000
0.000000	0.000000	0.000000
0.000000	0.000000	0.000000
0.000000	0.000000	0.000000
0.000000	0.000000	0.000000
0.000000	0.000000	0.000000
0.000000	0.000000	0.000000
0.000000	1.000000	0.085246
0.000000	0.000000	0.000000
0.000000	0.000000	0.000000
0.000000	0.000000	0.000000
0.000000	0.000000	0.000000
0.000000	0.000000	0.000000
0.000000	0.000000	0.000000
0.000000	0.000000	0.000000
0.000000	0.000000	0.000000
0.000000	0.000000	0.000000
0.000000	0.000000	0.000000
0.000000	0.000000	0.000000
0.000000	0.000000	0.000000
0.000000	0.000000	0.000000
0.000000	0.000000	0.000000
0.000000	0.000000	0.000000
0.000000	0.000000	0.000000
0.000000	0.000000	0.000000
0.000000	0.000000	0.000000
0.000000	0.000000	0.000000

*** vysledky vypoctu ***
 icase = 0
         0 -> O.K.,
        -1 -> nelze splnit omezujici podminky,
        +1 -> cilova funkce je na polyedru neomezena.
 lambda = 5.456656
 pocet bloku N = 40
 Vektor lokalnich deformaci:
   2: fi 00 ext = 4.226660
  23: fi 11 int = 9.174533
  46: fi 22 ext = 6.434566
  65: fi 32 int = 1.486694
 Vektor indexu spary mezi bloky:
0		1		2		3		4		5		6		7		8		9		10		11		12		13		14		15		16		17		18		19		20		21		22		23		24		25		26		27		28		29		30		31		32		33		34		35		36		37		38		39		40		
 Vektor normalovych sil ve sparach (+ znaci tlak):
9.762985	9.742867	9.708911	9.662340	9.604332	9.536040	9.458289	9.372463	9.279550	9.180233	9.075704	8.967192	8.855310	8.740786	8.624677	8.507436	8.389903	8.272924	8.156703	8.041585	7.928512	7.817197	8.279084	8.456215	8.633752	8.810716	8.986570	9.160713	9.331837	9.499099	9.661545	9.818201	9.968060	10.109711	10.242261	10.364321	10.474932	10.572700	10.656583	10.725265	10.777484	
 Vektor vzdalenosti N od hornoho povrchu klenby:
0.000000	0.026642	0.050244	0.070968	0.088950	0.104300	0.117109	0.127447	0.135370	0.140917	0.144123	0.145000	0.143558	0.139803	0.133725	0.125320	0.114565	0.101446	0.085942	0.068027	0.047677	0.024865	0.000000	0.027659	0.052199	0.073705	0.092254	0.107918	0.120766	0.130854	0.138231	0.142938	0.145000	0.144437	0.141250	0.135428	0.126942	0.115746	0.101773	0.084933	0.065113	
 Vektor posouvajicich sil ve sparach:
-3.518357	-3.126549	-2.746204	-2.377568	-2.020966	-1.676505	-1.344331	-1.024404	-0.716658	-0.420944	-0.137080	0.135257	0.396408	0.646765	0.886811	1.117087	1.338107	1.550521	1.754958	1.952067	2.142612	2.327286	-2.919974	-2.707521	-2.483941	-2.248589	-2.000924	-1.740409	-1.466533	-1.179003	-0.877415	-0.561492	-0.231051	0.113999	0.473797	0.848197	1.237117	1.640383	2.057637	2.488581	2.932624	
 Vektor e_min:
0.002899	0.002893	0.002883	0.002869	0.002852	0.002831	0.002808	0.002783	0.002755	0.002726	0.002695	0.002663	0.002629	0.002595	0.002561	0.002526	0.002491	0.002456	0.002422	0.002388	0.002354	0.002321	0.002458	0.002511	0.002564	0.002616	0.002668	0.002720	0.002771	0.002820	0.002869	0.002915	0.002960	0.003002	0.003041	0.003077	0.003110	0.003139	0.003164	0.003185	0.003200	

 * Iterace c. 1 * Delta = 0.489794 *
 icase = 0
         0 -> O.K.,
        -1 -> nelze splnit omezujici podminky,
        +1 -> cilova funkce je na polyedru neomezena.
 lambda = 4.966862
 pocet bloku N = 40
 Vektor lokalnich deformaci:
   2: fi 00 ext = 3.986154
  23: fi 11 int = 8.697305
  46: fi 22 ext = 6.191485
  65: fi 32 int = 1.480327
 Vektor indexu spary mezi bloky:
0		1		2		3		4		5		6		7		8		9		10		11		12		13		14		15		16		17		18		19		20		21		22		23		24		25		26		27		28		29		30		31		32		33		34		35		36		37		38		39		40		
 Vektor normalovych sil ve sparach (+ znaci tlak):
9.409194	9.377190	9.332442	9.276114	9.209423	9.133406	9.049138	8.957840	8.860607	8.758301	8.651972	8.542431	8.431006	8.317993	8.204441	8.091144	7.978392	7.867515	7.758266	7.651628	7.548153	7.447334	7.869108	8.033378	8.198988	8.365365	8.531873	8.697660	8.861547	9.023461	9.181584	9.335157	9.483210	9.624764	9.758153	9.882492	9.996733	10.099452	10.189512	10.265655	10.326619	
 Vektor vzdalenosti N od hornoho povrchu klenby:
0.002899	0.028607	0.051378	0.071367	0.088700	0.103483	0.115801	0.125724	0.133305	0.138580	0.141585	0.142337	0.140848	0.137125	0.131167	0.122971	0.112528	0.099838	0.084876	0.067647	0.048133	0.026324	0.002458	0.028972	0.052551	0.073256	0.091143	0.106268	0.118683	0.128432	0.135556	0.140082	0.142040	0.141437	0.138273	0.132536	0.124196	0.113206	0.099503	0.083001	0.063587	
 Vektor posouvajicich sil ve sparach:
-3.283213	-2.910311	-2.549361	-2.200720	-1.864551	-1.541012	-1.230044	-0.931700	-0.645795	-0.372104	-0.110390	0.139714	0.378634	0.606805	0.824770	1.033141	1.232486	1.423499	1.606884	1.783385	1.953734	2.118734	-2.660463	-2.469839	-2.268718	-2.056412	-1.832310	-1.595828	-1.346413	-1.083627	-0.807067	-0.516361	-0.211257	0.108418	0.442784	0.791890	1.155698	1.534001	1.926646	2.333325	2.753560	
 Vektor e_min:
0.002794	0.002784	0.002771	0.002754	0.002734	0.002712	0.002687	0.002660	0.002631	0.002600	0.002569	0.002536	0.002503	0.002470	0.002436	0.002402	0.002369	0.002336	0.002304	0.002272	0.002241	0.002211	0.002336	0.002385	0.002434	0.002484	0.002533	0.002582	0.002631	0.002679	0.002726	0.002772	0.002816	0.002858	0.002897	0.002934	0.002968	0.002999	0.003025	0.003048	0.003066	

 * Iterace c. 2 * Delta = -0.021010 *
 icase = 0
         0 -> O.K.,
        -1 -> nelze splnit omezujici podminky,
        +1 -> cilova funkce je na polyedru neomezena.
 lambda = 4.987872
 pocet bloku N = 40
 Vektor lokalnich deformaci:
   2: fi 00 ext = 3.996730
  23: fi 11 int = 8.718176
  46: fi 22 ext = 6.202054
  65: fi 32 int = 1.480609
 Vektor indexu spary mezi bloky:
0		1		2		3		4		5		6		7		8		9		10		11		12		13		14		15		16		17		18		19		20		21		22		23		24		25		26		27		28		29		30		31		32		33		34		35		36		37		38		39		40		
 Vektor normalovych sil ve sparach (+ znaci tlak):
9.424131	9.392611	9.348408	9.292475	9.226160	9.150358	9.066588	8.975416	8.878218	8.776113	8.669818	8.560093	8.448740	8.335736	8.221979	8.108505	7.995831	7.884574	7.775087	7.668216	7.563782	7.462714	7.886353	8.050809	8.217153	8.383979	8.550950	8.716854	8.881561	9.043435	9.201826	9.355707	9.503843	9.645176	9.778418	9.902816	10.016995	10.119540	10.209279	10.285164	10.345776	
 Vektor vzdalenosti N od hornoho povrchu klenby:
0.002794	0.028542	0.051349	0.071367	0.088726	0.103533	0.115872	0.125813	0.133406	0.138693	0.141706	0.142464	0.140974	0.137247	0.131283	0.123076	0.112618	0.099904	0.084919	0.067658	0.048105	0.026250	0.002336	0.028904	0.052530	0.073273	0.091191	0.106344	0.118779	0.128546	0.135681	0.140219	0.142184	0.141584	0.138422	0.132681	0.124336	0.113339	0.099626	0.083111	0.063681	
 Vektor posouvajicich sil ve sparach:
-3.292983	-2.919250	-2.557478	-2.207995	-1.870979	-1.546535	-1.234706	-0.935423	-0.648584	-0.373978	-0.111319	0.139717	0.379550	0.608640	0.827553	1.036830	1.237077	1.429007	1.613278	1.790628	1.961823	2.127654	-2.671660	-2.480108	-2.278031	-2.064800	-1.839673	-1.602171	-1.351741	-1.087928	-0.810290	-0.518533	-0.212359	0.108379	0.443824	0.794014	1.158859	1.538246	1.931935	2.339638	2.760859	
 Vektor e_min:
0.002798	0.002789	0.002776	0.002759	0.002739	0.002717	0.002692	0.002665	0.002636	0.002606	0.002574	0.002542	0.002509	0.002475	0.002441	0.002408	0.002374	0.002341	0.002309	0.002277	0.002246	0.002216	0.002342	0.002390	0.002440	0.002489	0.002539	0.002588	0.002637	0.002685	0.002732	0.002778	0.002822	0.002864	0.002903	0.002940	0.002974	0.003005	0.003031	0.003054	0.003072	

 * Iterace c. 3 * Delta = 0.000749 *
 icase = 0
         0 -> O.K.,
        -1 -> nelze splnit omezujici podminky,
        +1 -> cilova funkce je na polyedru neomezena.
 lambda = 4.987123
 pocet bloku N = 40
 Vektor lokalnich deformaci:
   2: fi 00 ext = 3.996304
  23: fi 11 int = 8.717301
  46: fi 22 ext = 6.201619
  65: fi 32 int = 1.480612
 Vektor indexu spary mezi bloky:
0		1		2		3		4		5		6		7		8		9		10		11		12		13		14		15		16		17		18		19		20		21		22		23		24		25		26		27		28		29		30		31		32		33		34		35		36		37		38		39		40		
 Vektor normalovych sil ve sparach (+ znaci tlak):
9.423635	9.392139	9.347783	9.291871	9.225582	9.149775	9.065765	8.974896	8.877539	8.775379	8.669192	8.559841	8.448051	8.335114	8.221415	8.107878	7.995144	7.884002	7.774546	7.667531	7.563500	7.462132	7.885655	8.050402	8.216558	8.383355	8.550386	8.716318	8.880907	9.042624	9.201366	9.355003	9.503019	9.644396	9.777868	9.902170	10.016249	10.118906	10.208620	10.284452	10.345110	
 Vektor vzdalenosti N od hornoho povrchu klenby:
0.002798	0.028545	0.051349	0.071367	0.088727	0.103533	0.115871	0.125810	0.133403	0.138692	0.141702	0.142458	0.140972	0.137244	0.131280	0.123073	0.112616	0.099904	0.084920	0.067661	0.048107	0.026256	0.002342	0.028909	0.052533	0.073273	0.091190	0.106341	0.118775	0.128542	0.135674	0.140214	0.142178	0.141577	0.138413	0.132673	0.124328	0.113331	0.099618	0.083103	0.063674	
 Vektor posouvajicich sil ve sparach:
-3.292681	-2.918935	-2.557213	-2.207770	-1.870750	-1.546350	-1.234555	-0.935301	-0.648518	-0.373939	-0.111302	0.139714	0.379510	0.608599	0.827450	1.036698	1.236943	1.428806	1.613061	1.790379	1.961560	2.127373	-2.671239	-2.479716	-2.277696	-2.064452	-1.839391	-1.601929	-1.351522	-1.087741	-0.810157	-0.518403	-0.212296	0.108418	0.443823	0.793998	1.158826	1.538147	1.931801	2.339464	2.760685	
 Vektor e_min:
0.002798	0.002789	0.002776	0.002759	0.002739	0.002717	0.002692	0.002665	0.002636	0.002606	0.002574	0.002542	0.002508	0.002475	0.002441	0.002407	0.002374	0.002341	0.002308	0.002277	0.002246	0.002216	0.002341	0.002390	0.002440	0.002489	0.002539	0.002588	0.002637	0.002685	0.002732	0.002778	0.002822	0.002864	0.002903	0.002940	0.002974	0.003005	0.003031	0.003054	0.003072	
