Vstupni soubor: zlamal3_3.in
***kopie vstupniho souboru***

 2.472500
 0.713750
 1
 0.145000
 20.000000
 0.600000
 40
 1
 0.6 1.000000 0.200000
 0.500000
 0.000000
 0 30.000000
 0 0.600000 0.400000 2.400000
 1
 4 2000.000000 inter1.txt
*****************************
Ortoganalni souradnice intrados a extrados:
X_int	Y_int	X_ext	Y_ext
0.000000	0.000000	-0.125574	0.072500
0.039049	0.063722	-0.082558	0.142695
0.081379	0.125313	-0.035928	0.210542
0.126875	0.184605	0.014189	0.275856
0.175412	0.241434	0.067656	0.338458
0.226856	0.295645	0.124325	0.398175
0.281067	0.347089	0.184043	0.454845
0.337896	0.395626	0.246644	0.508312
0.397187	0.441122	0.311958	0.558429
0.458778	0.483452	0.379806	0.605059
0.522501	0.522501	0.450001	0.648075
0.588179	0.558162	0.522350	0.687358
0.655634	0.590336	0.596657	0.722800
0.724680	0.618936	0.672717	0.754305
0.795129	0.643883	0.750321	0.781786
0.866786	0.665109	0.829257	0.805168
0.939456	0.682556	0.909309	0.824387
1.012940	0.696175	0.990257	0.839390
1.087036	0.705930	1.071879	0.850136
1.161541	0.711794	1.153952	0.856595
1.236250	0.713750	1.236250	0.858750
1.310960	0.711794	1.318548	0.856595
1.385464	0.705930	1.400621	0.850136
1.459560	0.696175	1.482243	0.839390
1.533044	0.682556	1.563191	0.824387
1.605714	0.665109	1.643243	0.805168
1.677372	0.643883	1.722179	0.781786
1.747820	0.618936	1.799783	0.754305
1.816866	0.590336	1.875843	0.722800
1.884321	0.558162	1.950150	0.687358
1.949999	0.522501	2.022500	0.648075
2.013722	0.483452	2.092694	0.605059
2.075313	0.441122	2.160542	0.558429
2.134604	0.395626	2.225856	0.508312
2.191433	0.347089	2.288457	0.454845
2.245644	0.295645	2.348175	0.398175
2.297088	0.241434	2.404845	0.338458
2.345625	0.184605	2.458311	0.275856
2.391121	0.125313	2.508428	0.210542
2.433451	0.063722	2.555058	0.142695
2.472500	0.000000	2.598074	0.072500
Vlastni tiha klenby - jednotlive bloky:
X_p	Y_p	P
-0.043266	0.070339	0.227661
-0.000477	0.136230	0.227661
0.045702	0.199790	0.227661
0.095145	0.260847	0.227661
0.147715	0.319232	0.227661
0.203269	0.374786	0.227661
0.261654	0.427356	0.227661
0.322711	0.476799	0.227661
0.386271	0.522978	0.227661
0.452161	0.565768	0.227661
0.520200	0.605050	0.227661
0.590202	0.640718	0.227661
0.661975	0.672673	0.227661
0.735322	0.700828	0.227661
0.810042	0.725106	0.227661
0.885929	0.745440	0.227661
0.962778	0.761775	0.227662
1.040376	0.774065	0.227661
1.118510	0.782278	0.227661
1.196967	0.786389	0.227661
1.275532	0.786389	0.227661
1.353990	0.782278	0.227661
1.432125	0.774065	0.227661
1.509722	0.761775	0.227662
1.586570	0.745440	0.227661
1.662459	0.725106	0.227661
1.737178	0.700828	0.227661
1.810525	0.672673	0.227661
1.882298	0.640718	0.227661
1.952299	0.605050	0.227661
2.020339	0.565768	0.227661
2.086229	0.522978	0.227661
2.149790	0.476799	0.227661
2.210846	0.427356	0.227661
2.269231	0.374786	0.227661
2.324785	0.319232	0.227661
2.377355	0.260846	0.227661
2.426798	0.199790	0.227661
2.472977	0.136230	0.227662
2.515766	0.070339	0.227661
Tiha nadnasypu pusobici na bloky:
P	h_ver	X_p	Y_p
0.000000	0.070195	-0.104267	0.107269
0.000000	0.067847	-0.059466	0.176294
0.000000	0.065314	-0.011114	0.242881
0.000000	0.062602	0.040657	0.306846
0.000000	0.059718	0.095706	0.368017
0.000000	0.056670	0.153882	0.426223
0.000000	0.053467	0.215026	0.481307
0.000000	0.050117	0.278971	0.533117
0.000000	0.046630	0.345543	0.581511
0.000000	0.043015	0.414559	0.626357
0.000000	0.039283	0.485833	0.667530
0.000000	0.035442	0.559168	0.704919
0.000000	0.031505	0.634365	0.738419
0.000000	0.027481	0.711218	0.767939
0.000000	0.023382	0.789517	0.793397
0.000000	0.019219	0.869048	0.814721
0.000000	0.015003	0.949591	0.831853
0.000000	0.010746	1.030926	0.844744
0.000000	0.006459	1.112828	0.853358
0.000000	0.002155	1.195071	0.857672
0.000000	-0.002155	1.277429	0.857672
0.000000	-0.006459	1.359672	0.853358
0.000000	-0.010746	1.441574	0.844744
0.000000	-0.015003	1.522909	0.831853
0.000000	-0.019219	1.603452	0.814721
0.000000	-0.023382	1.682983	0.793397
0.000000	-0.027481	1.761282	0.767939
0.000000	-0.031505	1.838135	0.738420
0.000000	-0.035442	1.913332	0.704919
0.000000	-0.039283	1.986668	0.667530
0.000000	-0.043016	2.057940	0.626357
0.000000	-0.046630	2.126957	0.581511
0.000000	-0.050117	2.193529	0.533117
0.000000	-0.053467	2.257474	0.481307
0.000000	-0.056670	2.318619	0.426223
0.000000	-0.059718	2.376793	0.368017
0.000000	-0.062602	2.431843	0.306846
0.000000	-0.065314	2.483614	0.242880
0.000000	-0.067848	2.531968	0.176292
0.000000	-0.070195	2.576767	0.107270
Vnejsi zatizeni pusobici na bloky:
X_q	Y_q	Q
-0.125574	0.072500	0.000000
-0.082558	0.142695	0.000000
-0.035928	0.210542	0.000000
0.014189	0.275856	0.000000
0.067656	0.338458	0.000000
0.124325	0.398175	0.000000
0.184043	0.454845	0.000000
0.246644	0.508312	0.000000
0.311958	0.558429	0.000000
0.379806	0.605059	0.000000
0.450001	0.648075	0.000000
0.522350	0.687358	0.000000
0.600000	1.439616	1.000000
0.672717	0.754305	0.000000
0.750321	0.781786	0.000000
0.829257	0.805168	0.000000
0.909309	0.824387	0.000000
0.990257	0.839390	0.000000
1.071879	0.850136	0.000000
1.153952	0.856595	0.000000
1.236250	0.858750	0.000000
1.318548	0.856595	0.000000
1.400621	0.850136	0.000000
1.482243	0.839390	0.000000
1.563191	0.824387	0.000000
1.643243	0.805168	0.000000
1.722179	0.781786	0.000000
1.799783	0.754305	0.000000
1.875843	0.722800	0.000000
1.950150	0.687358	0.000000
2.022500	0.648075	0.000000
2.092694	0.605059	0.000000
2.160542	0.558429	0.000000
2.225856	0.508312	0.000000
2.288457	0.454845	0.000000
2.348175	0.398175	0.000000
2.404845	0.338458	0.000000
2.458311	0.275856	0.000000
2.508428	0.210542	0.000000
2.555058	0.142695	0.000000
Ortogonalni lokalni souradnice jednotlivych bloku:
a	alfa	b	beta
0.072500	2.617995	0.078531	1.021018
0.072500	2.565635	0.078531	0.968659
0.072500	2.513275	0.078531	0.916299
0.072500	2.460915	0.078531	0.863939
0.072500	2.408555	0.078531	0.811579
0.072500	2.356195	0.078531	0.759219
0.072500	2.303835	0.078531	0.706859
0.072500	2.251475	0.078531	0.654500
0.072500	2.199115	0.078531	0.602139
0.072500	2.146756	0.078531	0.549778
0.072500	2.094395	0.078531	0.497420
0.072500	2.042036	0.078531	0.445059
0.072500	1.989676	0.078531	0.392700
0.072500	1.937316	0.078531	0.340338
0.072500	1.884957	0.078531	0.287981
0.072500	1.832596	0.078531	0.235619
0.072500	1.780236	0.078531	0.183260
0.072500	1.727876	0.078531	0.130899
0.072500	1.675516	0.078531	0.078541
0.072500	1.623156	0.078531	0.026179
0.072500	1.570796	0.078531	-0.026179
0.072500	1.518436	0.078531	-0.078540
0.072500	1.466077	0.078531	-0.130900
0.072500	1.413716	0.078531	-0.183260
0.072500	1.361356	0.078531	-0.235619
0.072500	1.308997	0.078531	-0.287979
0.072500	1.256637	0.078531	-0.340341
0.072500	1.204276	0.078531	-0.392699
0.072500	1.151917	0.078531	-0.445058
0.072500	1.099557	0.078531	-0.497421
0.072500	1.047197	0.078531	-0.549780
0.072500	0.994838	0.078531	-0.602137
0.072500	0.942477	0.078531	-0.654499
0.072500	0.890118	0.078531	-0.706859
0.072500	0.837758	0.078531	-0.759219
0.072500	0.785397	0.078531	-0.811578
0.072500	0.733037	0.078531	-0.863940
0.072500	0.680678	0.078531	-0.916301
0.072500	0.628319	0.078531	-0.968656
0.072500	0.575958	0.078531	-1.021019
0.072500	0.523597	1.000000	-1.047199
Transformovane zatizeni vlastni tihou klenby:
Px	Py	Mp
0.000000	0.227661	0.004444
0.000000	0.227661	0.004844
0.000000	0.227661	0.005231
0.000000	0.227661	0.005603
0.000000	0.227661	0.005961
0.000000	0.227661	0.006301
0.000000	0.227661	0.006625
0.000000	0.227661	0.006930
0.000000	0.227661	0.007216
0.000000	0.227661	0.007483
0.000000	0.227661	0.007729
0.000000	0.227661	0.007954
0.000000	0.227661	0.008157
0.000000	0.227661	0.008338
0.000000	0.227661	0.008496
0.000000	0.227661	0.008630
0.000000	0.227662	0.008741
0.000000	0.227661	0.008828
0.000000	0.227661	0.008891
0.000000	0.227661	0.008929
0.000000	0.227661	0.008943
0.000000	0.227661	0.008933
0.000000	0.227661	0.008897
0.000000	0.227662	0.008838
0.000000	0.227661	0.008754
0.000000	0.227661	0.008647
0.000000	0.227661	0.008515
0.000000	0.227661	0.008360
0.000000	0.227661	0.008183
0.000000	0.227661	0.007983
0.000000	0.227661	0.007761
0.000000	0.227661	0.007518
0.000000	0.227661	0.007254
0.000000	0.227661	0.006970
0.000000	0.227661	0.006667
0.000000	0.227661	0.006346
0.000000	0.227661	0.006008
0.000000	0.227661	0.005653
0.000000	0.227662	0.005282
0.000000	0.227661	0.004897
0.000000	0.000000	0.000000
Transformovane zatizeni nadnasypem:
Px	Py	Mp
0.000000	0.000000	0.000000
0.000000	0.000000	0.000000
0.000000	0.000000	0.000000
0.000000	0.000000	0.000000
0.000000	0.000000	0.000000
0.000000	0.000000	0.000000
0.000000	0.000000	0.000000
0.000000	0.000000	0.000000
0.000000	0.000000	0.000000
0.000000	0.000000	0.000000
0.000000	0.000000	0.000000
0.000000	0.000000	0.000000
0.000000	0.000000	0.000000
0.000000	0.000000	0.000000
0.000000	0.000000	0.000000
0.000000	0.000000	0.000000
0.000000	0.000000	0.000000
0.000000	0.000000	0.000000
0.000000	0.000000	0.000000
0.000000	0.000000	0.000000
0.000000	0.000000	0.000000
0.000000	0.000000	0.000000
0.000000	0.000000	0.000000
0.000000	0.000000	0.000000
0.000000	0.000000	0.000000
0.000000	0.000000	0.000000
0.000000	0.000000	0.000000
0.000000	0.000000	0.000000
0.000000	0.000000	0.000000
0.000000	0.000000	0.000000
0.000000	0.000000	0.000000
0.000000	0.000000	0.000000
0.000000	0.000000	0.000000
0.000000	0.000000	0.000000
0.000000	0.000000	0.000000
0.000000	0.000000	0.000000
0.000000	0.000000	0.000000
0.000000	0.000000	0.000000
0.000000	0.000000	0.000000
0.000000	0.000000	0.000000
0.000000	0.000000	0.000000
Transformovane zatizeni vnejsich sil:
Qx	Qy	Mq
0.000000	0.000000	0.000000
0.000000	0.000000	0.000000
0.000000	0.000000	0.000000
0.000000	0.000000	0.000000
0.000000	0.000000	0.000000
0.000000	0.000000	0.000000
0.000000	0.000000	0.000000
0.000000	0.000000	0.000000
0.000000	0.000000	0.000000
0.000000	0.000000	0.000000
0.000000	0.000000	0.000000
0.000000	0.000000	0.000000
0.000000	1.000000	-0.026145
0.000000	0.000000	0.000000
0.000000	0.000000	0.000000
0.000000	0.000000	0.000000
0.000000	0.000000	0.000000
0.000000	0.000000	0.000000
0.000000	0.000000	0.000000
0.000000	0.000000	0.000000
0.000000	0.000000	0.000000
0.000000	0.000000	0.000000
0.000000	0.000000	0.000000
0.000000	0.000000	0.000000
0.000000	0.000000	0.000000
0.000000	0.000000	0.000000
0.000000	0.000000	0.000000
0.000000	0.000000	0.000000
0.000000	0.000000	0.000000
0.000000	0.000000	0.000000
0.000000	0.000000	0.000000
0.000000	0.000000	0.000000
0.000000	0.000000	0.000000
0.000000	0.000000	0.000000
0.000000	0.000000	0.000000
0.000000	0.000000	0.000000
0.000000	0.000000	0.000000
0.000000	0.000000	0.000000
0.000000	0.000000	0.000000
0.000000	0.000000	0.000000
0.000000	0.000000	0.000000

*** vysledky vypoctu ***
 icase = 0
         0 -> O.K.,
        -1 -> nelze splnit omezujici podminky,
        +1 -> cilova funkce je na polyedru neomezena.
 lambda = 4.667103
 pocet bloku N = 40
 Vektor lokalnich deformaci:
   5: fi 02 int = 1.959256
  26: fi 12 ext = 4.820224
  55: fi 27 int = 5.547068
  82: fi 40 ext = 2.686100
 Vektor indexu spary mezi bloky:
0		1		2		3		4		5		6		7		8		9		10		11		12		13		14		15		16		17		18		19		20		21		22		23		24		25		26		27		28		29		30		31		32		33		34		35		36		37		38		39		40		
 Vektor normalovych sil ve sparach (+ znaci tlak):
10.259805	10.095973	9.917378	9.725593	9.522193	9.308670	9.086398	8.857048	8.621904	8.382367	8.139734	7.895571	7.651083	5.734650	5.723215	5.718584	5.721311	5.731902	5.750230	5.776256	5.810446	5.852353	5.902279	5.959667	6.024248	6.095486	6.173018	6.256521	6.345025	6.437813	6.534162	6.633412	6.734433	6.836183	6.937768	7.037982	7.135826	7.230005	7.319449	7.402802	7.478833	
 Vektor vzdalenosti N od hornoho povrchu klenby:
0.136810	0.142359	0.145000	0.144726	0.141511	0.135303	0.126037	0.113622	0.097952	0.078900	0.056330	0.030087	0.000000	0.015126	0.031914	0.047656	0.062338	0.075946	0.088449	0.099815	0.110008	0.118990	0.126712	0.133136	0.138220	0.141920	0.144194	0.145000	0.144301	0.142054	0.138220	0.132752	0.125605	0.116728	0.106060	0.093539	0.079086	0.062615	0.044026	0.023200	0.000000	
 Vektor posouvajicich sil ve sparach:
-0.785793	-0.371732	0.023328	0.399076	0.755186	1.091532	1.408021	1.704717	1.981740	2.239338	2.477803	2.697569	2.899122	-1.274089	-1.188737	-1.107471	-1.029357	-0.953362	-0.878481	-0.803707	-0.727952	-0.650200	-0.569445	-0.484611	-0.394733	-0.298818	-0.195928	-0.085128	0.034475	0.163635	0.303170	0.453805	0.616168	0.790832	0.978370	1.179132	1.393524	1.621815	1.864158	2.120697	2.391374	
 Vektor e_min:
0.003046	0.002998	0.002945	0.002888	0.002827	0.002764	0.002698	0.002630	0.002560	0.002489	0.002417	0.002344	0.002272	0.001703	0.001699	0.001698	0.001699	0.001702	0.001707	0.001715	0.001725	0.001737	0.001752	0.001769	0.001789	0.001810	0.001833	0.001858	0.001884	0.001911	0.001940	0.001969	0.001999	0.002030	0.002060	0.002090	0.002119	0.002147	0.002173	0.002198	0.002221	

 * Iterace c. 1 * Delta = 0.245212 *
 icase = 0
         0 -> O.K.,
        -1 -> nelze splnit omezujici podminky,
        +1 -> cilova funkce je na polyedru neomezena.
 lambda = 4.421891
 pocet bloku N = 40
 Vektor lokalnich deformaci:
   5: fi 02 int = 1.941352
  26: fi 12 ext = 4.736549
  55: fi 27 int = 5.402637
  82: fi 40 ext = 2.607440
 Vektor indexu spary mezi bloky:
0		1		2		3		4		5		6		7		8		9		10		11		12		13		14		15		16		17		18		19		20		21		22		23		24		25		26		27		28		29		30		31		32		33		34		35		36		37		38		39		40		
 Vektor normalovych sil ve sparach (+ znaci tlak):
10.025043	9.862256	9.685336	9.495958	9.295518	9.085588	8.867538	8.642796	8.413090	8.179494	7.943514	7.706404	7.469271	5.648894	5.633840	5.626047	5.625822	5.633492	5.649184	5.673043	5.705166	5.745561	5.794016	5.850270	5.913971	5.984634	6.062077	6.145646	6.234591	6.328248	6.425589	6.526179	6.628724	6.732362	6.836244	6.938968	7.039567	7.136682	7.229391	7.316232	7.396007	
 Vektor vzdalenosti N od hornoho povrchu klenby:
0.133381	0.139159	0.142055	0.142066	0.139170	0.133320	0.124457	0.112495	0.097338	0.078871	0.056968	0.031484	0.002272	0.017448	0.033527	0.048622	0.062723	0.075817	0.087875	0.098861	0.108742	0.117466	0.125000	0.131292	0.136298	0.139972	0.142269	0.143142	0.142553	0.140456	0.136810	0.131563	0.124674	0.116082	0.105733	0.093559	0.079483	0.063420	0.045269	0.024914	0.002220	
 Vektor posouvajicich sil ve sparach:
-0.799803	-0.398052	-0.015158	0.348492	0.692652	1.017224	1.322132	1.607481	1.873444	2.120263	2.348274	2.557921	2.749781	-1.203811	-1.123035	-1.046549	-0.973363	-0.902447	-0.832803	-0.763358	-0.693070	-0.620879	-0.545751	-0.466633	-0.382491	-0.292379	-0.195265	-0.090264	0.023503	0.146921	0.280781	0.425732	0.582538	0.751718	0.933855	1.129388	1.338659	1.561954	1.799512	2.051408	2.317682	
 Vektor e_min:
0.002977	0.002928	0.002876	0.002820	0.002760	0.002698	0.002633	0.002566	0.002498	0.002429	0.002359	0.002288	0.002218	0.001677	0.001673	0.001670	0.001670	0.001672	0.001677	0.001684	0.001694	0.001706	0.001720	0.001737	0.001756	0.001777	0.001800	0.001825	0.001851	0.001879	0.001908	0.001938	0.001968	0.001999	0.002030	0.002060	0.002090	0.002119	0.002146	0.002172	0.002196	

 * Iterace c. 2 * Delta = -0.004864 *
 icase = 0
         0 -> O.K.,
        -1 -> nelze splnit omezujici podminky,
        +1 -> cilova funkce je na polyedru neomezena.
 lambda = 4.426754
 pocet bloku N = 40
 Vektor lokalnich deformaci:
   5: fi 02 int = 1.941786
  26: fi 12 ext = 4.738281
  55: fi 27 int = 5.405568
  82: fi 40 ext = 2.609074
 Vektor indexu spary mezi bloky:
0		1		2		3		4		5		6		7		8		9		10		11		12		13		14		15		16		17		18		19		20		21		22		23		24		25		26		27		28		29		30		31		32		33		34		35		36		37		38		39		40		
 Vektor normalovych sil ve sparach (+ znaci tlak):
10.029568	9.866699	9.689825	9.500323	9.299870	9.089773	8.871723	8.647008	8.417013	8.183378	7.947156	7.709986	7.472680	5.650355	5.635477	5.627512	5.627317	5.634920	5.650822	5.674662	5.706959	5.747431	5.795892	5.852244	5.915785	5.986557	6.064089	6.147721	6.236516	6.330065	6.427689	6.528118	6.630697	6.734262	6.838049	6.940686	7.041246	7.138394	7.231047	7.317813	7.397539	
 Vektor vzdalenosti N od hornoho povrchu klenby:
0.133462	0.139235	0.142124	0.142128	0.139223	0.133366	0.124492	0.112519	0.097350	0.078870	0.056951	0.031451	0.002218	0.017393	0.033484	0.048592	0.062704	0.075806	0.087873	0.098869	0.108758	0.117489	0.125028	0.131322	0.136330	0.140007	0.142302	0.143175	0.142587	0.140491	0.136839	0.131590	0.124697	0.116101	0.105748	0.093568	0.079488	0.063418	0.045260	0.024898	0.002196	
 Vektor posouvajicich sil ve sparach:
-0.799307	-0.397300	-0.014170	0.349688	0.694098	1.018850	1.324008	1.609578	1.875739	2.122733	2.350961	2.560825	2.752821	-1.205131	-1.124276	-1.047698	-0.974434	-0.903425	-0.833703	-0.764176	-0.693770	-0.621489	-0.546265	-0.467050	-0.382809	-0.292580	-0.195392	-0.090271	0.023607	0.147124	0.281074	0.426133	0.583029	0.752321	0.934569	1.130172	1.339541	1.562937	1.800576	2.052564	2.318910	
 Vektor e_min:
0.002978	0.002930	0.002877	0.002821	0.002761	0.002699	0.002634	0.002567	0.002499	0.002430	0.002360	0.002289	0.002219	0.001678	0.001673	0.001671	0.001671	0.001673	0.001678	0.001685	0.001694	0.001706	0.001721	0.001737	0.001756	0.001777	0.001800	0.001825	0.001852	0.001879	0.001908	0.001938	0.001969	0.001999	0.002030	0.002061	0.002091	0.002119	0.002147	0.002173	0.002196	
