Vstupni soubor: zlamal3_2.in
***kopie vstupniho souboru***

 2.472500
 0.713750
 1
 0.145000
 20.000000
 0.600000
 40
 1
 0.4 1.000000 0.200000
 0.500000
 0.000000
 0 30.000000
 0 0.600000 0.400000 2.400000
 1
 4 2000.000000 inter1.txt
*****************************
Ortoganalni souradnice intrados a extrados:
X_int	Y_int	X_ext	Y_ext
0.000000	0.000000	-0.125574	0.072500
0.039049	0.063722	-0.082558	0.142695
0.081379	0.125313	-0.035928	0.210542
0.126875	0.184605	0.014189	0.275856
0.175412	0.241434	0.067656	0.338458
0.226856	0.295645	0.124325	0.398175
0.281067	0.347089	0.184043	0.454845
0.337896	0.395626	0.246644	0.508312
0.397187	0.441122	0.311958	0.558429
0.458778	0.483452	0.379806	0.605059
0.522501	0.522501	0.450001	0.648075
0.588179	0.558162	0.522350	0.687358
0.655634	0.590336	0.596657	0.722800
0.724680	0.618936	0.672717	0.754305
0.795129	0.643883	0.750321	0.781786
0.866786	0.665109	0.829257	0.805168
0.939456	0.682556	0.909309	0.824387
1.012940	0.696175	0.990257	0.839390
1.087036	0.705930	1.071879	0.850136
1.161541	0.711794	1.153952	0.856595
1.236250	0.713750	1.236250	0.858750
1.310960	0.711794	1.318548	0.856595
1.385464	0.705930	1.400621	0.850136
1.459560	0.696175	1.482243	0.839390
1.533044	0.682556	1.563191	0.824387
1.605714	0.665109	1.643243	0.805168
1.677372	0.643883	1.722179	0.781786
1.747820	0.618936	1.799783	0.754305
1.816866	0.590336	1.875843	0.722800
1.884321	0.558162	1.950150	0.687358
1.949999	0.522501	2.022500	0.648075
2.013722	0.483452	2.092694	0.605059
2.075313	0.441122	2.160542	0.558429
2.134604	0.395626	2.225856	0.508312
2.191433	0.347089	2.288457	0.454845
2.245644	0.295645	2.348175	0.398175
2.297088	0.241434	2.404845	0.338458
2.345625	0.184605	2.458311	0.275856
2.391121	0.125313	2.508428	0.210542
2.433451	0.063722	2.555058	0.142695
2.472500	0.000000	2.598074	0.072500
Vlastni tiha klenby - jednotlive bloky:
X_p	Y_p	P
-0.043266	0.070339	0.227661
-0.000477	0.136230	0.227661
0.045702	0.199790	0.227661
0.095145	0.260847	0.227661
0.147715	0.319232	0.227661
0.203269	0.374786	0.227661
0.261654	0.427356	0.227661
0.322711	0.476799	0.227661
0.386271	0.522978	0.227661
0.452161	0.565768	0.227661
0.520200	0.605050	0.227661
0.590202	0.640718	0.227661
0.661975	0.672673	0.227661
0.735322	0.700828	0.227661
0.810042	0.725106	0.227661
0.885929	0.745440	0.227661
0.962778	0.761775	0.227662
1.040376	0.774065	0.227661
1.118510	0.782278	0.227661
1.196967	0.786389	0.227661
1.275532	0.786389	0.227661
1.353990	0.782278	0.227661
1.432125	0.774065	0.227661
1.509722	0.761775	0.227662
1.586570	0.745440	0.227661
1.662459	0.725106	0.227661
1.737178	0.700828	0.227661
1.810525	0.672673	0.227661
1.882298	0.640718	0.227661
1.952299	0.605050	0.227661
2.020339	0.565768	0.227661
2.086229	0.522978	0.227661
2.149790	0.476799	0.227661
2.210846	0.427356	0.227661
2.269231	0.374786	0.227661
2.324785	0.319232	0.227661
2.377355	0.260846	0.227661
2.426798	0.199790	0.227661
2.472977	0.136230	0.227662
2.515766	0.070339	0.227661
Tiha nadnasypu pusobici na bloky:
P	h_ver	X_p	Y_p
0.000000	0.070195	-0.104267	0.107269
0.000000	0.067847	-0.059466	0.176294
0.000000	0.065314	-0.011114	0.242881
0.000000	0.062602	0.040657	0.306846
0.000000	0.059718	0.095706	0.368017
0.000000	0.056670	0.153882	0.426223
0.000000	0.053467	0.215026	0.481307
0.000000	0.050117	0.278971	0.533117
0.000000	0.046630	0.345543	0.581511
0.000000	0.043015	0.414559	0.626357
0.000000	0.039283	0.485833	0.667530
0.000000	0.035442	0.559168	0.704919
0.000000	0.031505	0.634365	0.738419
0.000000	0.027481	0.711218	0.767939
0.000000	0.023382	0.789517	0.793397
0.000000	0.019219	0.869048	0.814721
0.000000	0.015003	0.949591	0.831853
0.000000	0.010746	1.030926	0.844744
0.000000	0.006459	1.112828	0.853358
0.000000	0.002155	1.195071	0.857672
0.000000	-0.002155	1.277429	0.857672
0.000000	-0.006459	1.359672	0.853358
0.000000	-0.010746	1.441574	0.844744
0.000000	-0.015003	1.522909	0.831853
0.000000	-0.019219	1.603452	0.814721
0.000000	-0.023382	1.682983	0.793397
0.000000	-0.027481	1.761282	0.767939
0.000000	-0.031505	1.838135	0.738420
0.000000	-0.035442	1.913332	0.704919
0.000000	-0.039283	1.986668	0.667530
0.000000	-0.043016	2.057940	0.626357
0.000000	-0.046630	2.126957	0.581511
0.000000	-0.050117	2.193529	0.533117
0.000000	-0.053467	2.257474	0.481307
0.000000	-0.056670	2.318619	0.426223
0.000000	-0.059718	2.376793	0.368017
0.000000	-0.062602	2.431843	0.306846
0.000000	-0.065314	2.483614	0.242880
0.000000	-0.067848	2.531968	0.176292
0.000000	-0.070195	2.576767	0.107270
Vnejsi zatizeni pusobici na bloky:
X_q	Y_q	Q
-0.125574	0.072500	0.000000
-0.082558	0.142695	0.000000
-0.035928	0.210542	0.000000
0.014189	0.275856	0.000000
0.067656	0.338458	0.000000
0.124325	0.398175	0.000000
0.184043	0.454845	0.000000
0.246644	0.508312	0.000000
0.311958	0.558429	0.000000
0.400000	0.754579	1.000000
0.450001	0.648075	0.000000
0.522350	0.687358	0.000000
0.596657	0.722800	0.000000
0.672717	0.754305	0.000000
0.750321	0.781786	0.000000
0.829257	0.805168	0.000000
0.909309	0.824387	0.000000
0.990257	0.839390	0.000000
1.071879	0.850136	0.000000
1.153952	0.856595	0.000000
1.236250	0.858750	0.000000
1.318548	0.856595	0.000000
1.400621	0.850136	0.000000
1.482243	0.839390	0.000000
1.563191	0.824387	0.000000
1.643243	0.805168	0.000000
1.722179	0.781786	0.000000
1.799783	0.754305	0.000000
1.875843	0.722800	0.000000
1.950150	0.687358	0.000000
2.022500	0.648075	0.000000
2.092694	0.605059	0.000000
2.160542	0.558429	0.000000
2.225856	0.508312	0.000000
2.288457	0.454845	0.000000
2.348175	0.398175	0.000000
2.404845	0.338458	0.000000
2.458311	0.275856	0.000000
2.508428	0.210542	0.000000
2.555058	0.142695	0.000000
Ortogonalni lokalni souradnice jednotlivych bloku:
a	alfa	b	beta
0.072500	2.617995	0.078531	1.021018
0.072500	2.565635	0.078531	0.968659
0.072500	2.513275	0.078531	0.916299
0.072500	2.460915	0.078531	0.863939
0.072500	2.408555	0.078531	0.811579
0.072500	2.356195	0.078531	0.759219
0.072500	2.303835	0.078531	0.706859
0.072500	2.251475	0.078531	0.654500
0.072500	2.199115	0.078531	0.602139
0.072500	2.146756	0.078531	0.549778
0.072500	2.094395	0.078531	0.497420
0.072500	2.042036	0.078531	0.445059
0.072500	1.989676	0.078531	0.392700
0.072500	1.937316	0.078531	0.340338
0.072500	1.884957	0.078531	0.287981
0.072500	1.832596	0.078531	0.235619
0.072500	1.780236	0.078531	0.183260
0.072500	1.727876	0.078531	0.130899
0.072500	1.675516	0.078531	0.078541
0.072500	1.623156	0.078531	0.026179
0.072500	1.570796	0.078531	-0.026179
0.072500	1.518436	0.078531	-0.078540
0.072500	1.466077	0.078531	-0.130900
0.072500	1.413716	0.078531	-0.183260
0.072500	1.361356	0.078531	-0.235619
0.072500	1.308997	0.078531	-0.287979
0.072500	1.256637	0.078531	-0.340341
0.072500	1.204276	0.078531	-0.392699
0.072500	1.151917	0.078531	-0.445058
0.072500	1.099557	0.078531	-0.497421
0.072500	1.047197	0.078531	-0.549780
0.072500	0.994838	0.078531	-0.602137
0.072500	0.942477	0.078531	-0.654499
0.072500	0.890118	0.078531	-0.706859
0.072500	0.837758	0.078531	-0.759219
0.072500	0.785397	0.078531	-0.811578
0.072500	0.733037	0.078531	-0.863940
0.072500	0.680678	0.078531	-0.916301
0.072500	0.628319	0.078531	-0.968656
0.072500	0.575958	0.078531	-1.021019
0.072500	0.523597	1.000000	-1.047199
Transformovane zatizeni vlastni tihou klenby:
Px	Py	Mp
0.000000	0.227661	0.004444
0.000000	0.227661	0.004844
0.000000	0.227661	0.005231
0.000000	0.227661	0.005603
0.000000	0.227661	0.005961
0.000000	0.227661	0.006301
0.000000	0.227661	0.006625
0.000000	0.227661	0.006930
0.000000	0.227661	0.007216
0.000000	0.227661	0.007483
0.000000	0.227661	0.007729
0.000000	0.227661	0.007954
0.000000	0.227661	0.008157
0.000000	0.227661	0.008338
0.000000	0.227661	0.008496
0.000000	0.227661	0.008630
0.000000	0.227662	0.008741
0.000000	0.227661	0.008828
0.000000	0.227661	0.008891
0.000000	0.227661	0.008929
0.000000	0.227661	0.008943
0.000000	0.227661	0.008933
0.000000	0.227661	0.008897
0.000000	0.227662	0.008838
0.000000	0.227661	0.008754
0.000000	0.227661	0.008647
0.000000	0.227661	0.008515
0.000000	0.227661	0.008360
0.000000	0.227661	0.008183
0.000000	0.227661	0.007983
0.000000	0.227661	0.007761
0.000000	0.227661	0.007518
0.000000	0.227661	0.007254
0.000000	0.227661	0.006970
0.000000	0.227661	0.006667
0.000000	0.227661	0.006346
0.000000	0.227661	0.006008
0.000000	0.227661	0.005653
0.000000	0.227662	0.005282
0.000000	0.227661	0.004897
0.000000	0.000000	0.000000
Transformovane zatizeni nadnasypem:
Px	Py	Mp
0.000000	0.000000	0.000000
0.000000	0.000000	0.000000
0.000000	0.000000	0.000000
0.000000	0.000000	0.000000
0.000000	0.000000	0.000000
0.000000	0.000000	0.000000
0.000000	0.000000	0.000000
0.000000	0.000000	0.000000
0.000000	0.000000	0.000000
0.000000	0.000000	0.000000
0.000000	0.000000	0.000000
0.000000	0.000000	0.000000
0.000000	0.000000	0.000000
0.000000	0.000000	0.000000
0.000000	0.000000	0.000000
0.000000	0.000000	0.000000
0.000000	0.000000	0.000000
0.000000	0.000000	0.000000
0.000000	0.000000	0.000000
0.000000	0.000000	0.000000
0.000000	0.000000	0.000000
0.000000	0.000000	0.000000
0.000000	0.000000	0.000000
0.000000	0.000000	0.000000
0.000000	0.000000	0.000000
0.000000	0.000000	0.000000
0.000000	0.000000	0.000000
0.000000	0.000000	0.000000
0.000000	0.000000	0.000000
0.000000	0.000000	0.000000
0.000000	0.000000	0.000000
0.000000	0.000000	0.000000
0.000000	0.000000	0.000000
0.000000	0.000000	0.000000
0.000000	0.000000	0.000000
0.000000	0.000000	0.000000
0.000000	0.000000	0.000000
0.000000	0.000000	0.000000
0.000000	0.000000	0.000000
0.000000	0.000000	0.000000
0.000000	0.000000	0.000000
Transformovane zatizeni vnejsich sil:
Qx	Qy	Mq
0.000000	0.000000	0.000000
0.000000	0.000000	0.000000
0.000000	0.000000	0.000000
0.000000	0.000000	0.000000
0.000000	0.000000	0.000000
0.000000	0.000000	0.000000
0.000000	0.000000	0.000000
0.000000	0.000000	0.000000
0.000000	0.000000	0.000000
0.000000	1.000000	-0.019292
0.000000	0.000000	0.000000
0.000000	0.000000	0.000000
0.000000	0.000000	0.000000
0.000000	0.000000	0.000000
0.000000	0.000000	0.000000
0.000000	0.000000	0.000000
0.000000	0.000000	0.000000
0.000000	0.000000	0.000000
0.000000	0.000000	0.000000
0.000000	0.000000	0.000000
0.000000	0.000000	0.000000
0.000000	0.000000	0.000000
0.000000	0.000000	0.000000
0.000000	0.000000	0.000000
0.000000	0.000000	0.000000
0.000000	0.000000	0.000000
0.000000	0.000000	0.000000
0.000000	0.000000	0.000000
0.000000	0.000000	0.000000
0.000000	0.000000	0.000000
0.000000	0.000000	0.000000
0.000000	0.000000	0.000000
0.000000	0.000000	0.000000
0.000000	0.000000	0.000000
0.000000	0.000000	0.000000
0.000000	0.000000	0.000000
0.000000	0.000000	0.000000
0.000000	0.000000	0.000000
0.000000	0.000000	0.000000
0.000000	0.000000	0.000000
0.000000	0.000000	0.000000

*** vysledky vypoctu ***
 icase = 0
         0 -> O.K.,
        -1 -> nelze splnit omezujici podminky,
        +1 -> cilova funkce je na polyedru neomezena.
 lambda = 5.897029
 pocet bloku N = 40
 Vektor lokalnich deformaci:
   1: fi 00 int = 2.500005
  22: fi 10 ext = 5.560503
  53: fi 26 int = 5.918508
  82: fi 40 ext = 2.858009
 Vektor indexu spary mezi bloky:
0		1		2		3		4		5		6		7		8		9		10		11		12		13		14		15		16		17		18		19		20		21		22		23		24		25		26		27		28		29		30		31		32		33		34		35		36		37		38		39		40		
 Vektor normalovych sil ve sparach (+ znaci tlak):
11.341004	11.124666	10.890758	10.640995	10.377098	10.100725	9.813459	9.517105	9.213162	8.903205	5.640176	5.594280	5.554306	5.520723	5.494396	5.475550	5.464712	5.462382	5.468587	5.483278	5.506919	5.539095	5.580113	5.629526	5.687027	5.752111	5.824431	5.903686	5.988897	6.079367	6.174409	6.273265	6.374955	6.478308	6.582505	6.686311	6.788700	6.888371	6.984250	7.074949	7.159231	
 Vektor vzdalenosti N od hornoho povrchu klenby:
0.145000	0.143421	0.138584	0.130405	0.118767	0.103522	0.084492	0.061461	0.034180	0.002358	0.000000	0.016223	0.031479	0.045806	0.059227	0.071754	0.083386	0.094114	0.103921	0.112779	0.120653	0.127514	0.133309	0.138002	0.141546	0.143895	0.145000	0.144812	0.143289	0.140381	0.136041	0.130215	0.122850	0.113889	0.103267	0.090916	0.076754	0.060691	0.042626	0.022441	0.000000	
 Vektor posouvajicich sil ve sparach:
0.188951	0.658263	1.105752	1.530956	1.933422	2.312898	2.669170	3.002183	3.311978	3.598692	-1.244421	-1.150371	-1.063987	-0.984389	-0.910629	-0.841721	-0.776693	-0.714474	-0.654027	-0.594299	-0.534166	-0.472567	-0.408450	-0.340697	-0.268293	-0.190201	-0.105431	-0.012998	0.088041	0.198487	0.319218	0.450999	0.594517	0.750397	0.919260	1.101512	1.297604	1.507857	1.732479	1.971656	2.225376	
 Vektor e_min:
0.003367	0.003303	0.003234	0.003160	0.003081	0.002999	0.002914	0.002826	0.002736	0.002644	0.001674	0.001661	0.001649	0.001639	0.001631	0.001626	0.001622	0.001622	0.001623	0.001628	0.001635	0.001644	0.001657	0.001671	0.001688	0.001708	0.001729	0.001753	0.001778	0.001805	0.001833	0.001862	0.001893	0.001923	0.001954	0.001985	0.002016	0.002045	0.002074	0.002101	0.002126	

 * Iterace c. 1 * Delta = 0.247442 *
 icase = 0
         0 -> O.K.,
        -1 -> nelze splnit omezujici podminky,
        +1 -> cilova funkce je na polyedru neomezena.
 lambda = 5.649587
 pocet bloku N = 40
 Vektor lokalnich deformaci:
   1: fi 00 int = 2.481910
  22: fi 10 ext = 5.490656
  53: fi 26 int = 5.802704
  82: fi 40 ext = 2.793958
 Vektor indexu spary mezi bloky:
0		1		2		3		4		5		6		7		8		9		10		11		12		13		14		15		16		17		18		19		20		21		22		23		24		25		26		27		28		29		30		31		32		33		34		35		36		37		38		39		40		
 Vektor normalovych sil ve sparach (+ znaci tlak):
11.105779	10.892654	10.662634	10.417379	10.158649	9.887906	9.606880	9.317438	9.020761	8.718925	5.588026	5.539590	5.497194	5.461610	5.433151	5.412520	5.400094	5.396214	5.401039	5.414609	5.437291	5.468941	5.509394	5.558298	5.615560	5.680837	5.753483	5.833094	5.918849	6.010003	6.106287	6.206274	6.309299	6.414208	6.520097	6.625925	6.730379	6.832289	6.930511	7.023747	7.110652	
 Vektor vzdalenosti N od hornoho povrchu klenby:
0.141633	0.140377	0.135890	0.128089	0.116866	0.102079	0.083558	0.061100	0.034463	0.003379	0.001674	0.017368	0.032137	0.046010	0.059021	0.071181	0.082491	0.092940	0.102512	0.111184	0.118918	0.125675	0.131421	0.136097	0.139664	0.142072	0.143271	0.143212	0.141846	0.139122	0.134985	0.129390	0.122275	0.113585	0.103254	0.091211	0.077376	0.061659	0.043960	0.024160	0.002126	
 Vektor posouvajicich sil ve sparach:
0.133410	0.590485	1.025927	1.439291	1.830179	2.198363	2.543650	2.866036	3.165559	3.442400	-1.195847	-1.104600	-1.021149	-0.944597	-0.873975	-0.808326	-0.746640	-0.687858	-0.630905	-0.574732	-0.518222	-0.460288	-0.399859	-0.335826	-0.267151	-0.192795	-0.111743	-0.023013	0.074317	0.181132	0.298275	0.426492	0.566564	0.719061	0.884575	1.063622	1.256600	1.463855	1.685592	1.922012	2.173139	
 Vektor e_min:
0.003298	0.003234	0.003166	0.003093	0.003016	0.002936	0.002852	0.002767	0.002678	0.002589	0.001659	0.001645	0.001632	0.001621	0.001613	0.001607	0.001603	0.001602	0.001603	0.001607	0.001614	0.001624	0.001636	0.001650	0.001667	0.001687	0.001708	0.001732	0.001757	0.001784	0.001813	0.001843	0.001873	0.001904	0.001936	0.001967	0.001998	0.002029	0.002058	0.002085	0.002111	

 * Iterace c. 2 * Delta = -0.003449 *
 icase = 0
         0 -> O.K.,
        -1 -> nelze splnit omezujici podminky,
        +1 -> cilova funkce je na polyedru neomezena.
 lambda = 5.653036
 pocet bloku N = 40
 Vektor lokalnich deformaci:
   1: fi 00 int = 2.482282
  22: fi 10 ext = 5.491785
  53: fi 26 int = 5.804398
  82: fi 40 ext = 2.794895
 Vektor indexu spary mezi bloky:
0		1		2		3		4		5		6		7		8		9		10		11		12		13		14		15		16		17		18		19		20		21		22		23		24		25		26		27		28		29		30		31		32		33		34		35		36		37		38		39		40		
 Vektor normalovych sil ve sparach (+ znaci tlak):
11.108932	10.895747	10.665698	10.420358	10.161465	9.890765	9.609619	9.319978	9.023163	8.720991	5.588675	5.540067	5.497797	5.462203	5.433748	5.413094	5.400539	5.396863	5.401564	5.415381	5.438126	5.469572	5.510141	5.558915	5.616267	5.681412	5.754256	5.833604	5.919482	6.010898	6.107038	6.206974	6.309927	6.414766	6.520786	6.626556	6.730958	6.832876	6.931031	7.024236	7.111156	
 Vektor vzdalenosti N od hornoho povrchu klenby:
0.141702	0.140441	0.135947	0.128139	0.116909	0.102114	0.083584	0.061115	0.034467	0.003369	0.001659	0.017357	0.032129	0.046010	0.059025	0.071188	0.082500	0.092954	0.102531	0.111202	0.118940	0.125699	0.131442	0.136123	0.139688	0.142097	0.143292	0.143236	0.141864	0.139137	0.135001	0.129402	0.122287	0.113593	0.103260	0.091213	0.077375	0.061656	0.043953	0.024149	0.002111	
 Vektor posouvajicich sil ve sparach:
0.134472	0.591685	1.027303	1.440807	1.831883	2.200204	2.545624	2.868141	3.167810	3.444759	-1.196340	-1.105070	-1.021569	-0.944982	-0.874346	-0.808679	-0.746959	-0.688135	-0.631153	-0.574944	-0.518401	-0.460434	-0.399955	-0.335904	-0.267179	-0.192792	-0.111692	-0.022937	0.074430	0.181269	0.298461	0.426726	0.566814	0.719343	0.884882	1.063974	1.257005	1.464266	1.686040	1.922502	2.173648	
 Vektor e_min:
0.003298	0.003235	0.003167	0.003094	0.003017	0.002937	0.002853	0.002767	0.002679	0.002589	0.001659	0.001645	0.001632	0.001622	0.001613	0.001607	0.001603	0.001602	0.001604	0.001608	0.001614	0.001624	0.001636	0.001650	0.001667	0.001687	0.001708	0.001732	0.001757	0.001785	0.001813	0.001843	0.001873	0.001905	0.001936	0.001967	0.001998	0.002029	0.002058	0.002086	0.002111	
