 icase = 0
         0 -> O.K.,
        -1 -> nelze splnit omezujici podminky,
        +1 -> cilova funkce je na polyedru neomezena.
 lambda = 1.097378
 pocet bloku N = 40
 Vektor lokalnich deformaci:
   2: fi 00 ext = 2.749532
  17: fi 08 int = 4.125274
  62: fi 30 ext = 3.968222
  75: fi 37 int = 2.592478
 Vektor indexu spary mezi bloky:
0		1		2		3		4		5		6		7		8		9		10		11		12		13		14		15		16		17		18		19		20		21		22		23		24		25		26		27		28		29		30		31		32		33		34		35		36		37		38		39		40		
 Vektor normalovych sil ve sparach (+ znaci tlak):
6.016905	5.871812	5.723692	5.574268	5.424109	5.275135	5.128987	4.985371	4.846936	4.715644	4.589233	4.474706	4.365709	4.267233	4.179075	4.103650	4.039096	3.984998	3.944878	3.919662	3.905542	3.904549	3.916800	3.943056	3.981264	4.032711	4.095744	4.167028	4.253152	4.347116	5.000532	5.161329	5.328015	5.501174	5.676022	5.854220	6.032162	6.210311	6.385785	6.558217	6.725576	
 Vektor vzdalenosti N od hornoho povrchu klenby:
0.048333	0.060315	0.070385	0.078656	0.085228	0.090209	0.093701	0.095817	0.096667	0.096368	0.095063	0.092874	0.089962	0.086494	0.082622	0.078518	0.074358	0.070270	0.066414	0.062917	0.059844	0.057268	0.055213	0.053633	0.052512	0.051754	0.051244	0.050825	0.050386	0.049751	0.048333	0.061443	0.072592	0.081692	0.088699	0.093551	0.096220	0.096667	0.094859	0.090757	0.084313	
 Vektor posouvajicich sil ve sparach:
-1.036075	-0.843733	-0.669084	-0.511870	-0.371728	-0.248347	-0.141162	-0.049469	0.027379	0.090083	0.139615	0.176814	0.202736	0.218389	0.224886	0.223396	0.215221	0.201447	0.183355	0.162296	0.139565	0.116409	0.094221	0.074239	0.057786	0.046150	0.040547	0.042154	0.052266	0.071843	-0.848221	-0.776339	-0.689345	-0.586458	-0.466957	-0.330230	-0.175770	-0.003083	0.188082	0.398080	0.626909	
