 icase = 0
         0 -> O.K.,
        -1 -> nelze splnit omezujici podminky,
        +1 -> cilova funkce je na polyedru neomezena.
 lambda = 1.843191
 pocet bloku N = 40
 Vektor lokalnich deformaci:
   2: fi 00 ext = 3.116678
  17: fi 08 int = 4.432892
  68: fi 33 ext = 4.884702
  79: fi 39 int = 3.568485
 Vektor indexu spary mezi bloky:
0		1		2		3		4		5		6		7		8		9		10		11		12		13		14		15		16		17		18		19		20		21		22		23		24		25		26		27		28		29		30		31		32		33		34		35		36		37		38		39		40		
 Vektor normalovych sil ve sparach (+ znaci tlak):
5.987120	5.841602	5.693062	5.543566	5.393127	5.244023	5.097821	4.954500	4.816026	4.685291	4.558713	4.445157	4.336368	4.238322	4.150808	4.076320	4.012422	3.959206	3.920609	3.895975	3.883757	3.883441	3.897260	3.924381	3.964084	4.016887	4.081379	4.153369	4.241196	4.336731	4.443267	4.556600	4.677528	5.966489	6.172383	6.380840	6.587179	6.792499	6.993224	7.189466	7.378801	
 Vektor vzdalenosti N od hornoho povrchu klenby:
0.048333	0.060268	0.070303	0.078549	0.085111	0.090095	0.093606	0.095757	0.096667	0.096445	0.095248	0.093187	0.090437	0.087163	0.083518	0.079672	0.075809	0.072046	0.068554	0.065442	0.062788	0.060647	0.059043	0.057918	0.057254	0.056947	0.056880	0.056889	0.056856	0.056610	0.055970	0.054769	0.052859	0.048333	0.063452	0.075692	0.085094	0.091703	0.095552	0.096667	0.095057	
 Vektor posouvajicich sil ve sparach:
-1.027335	-0.836579	-0.663511	-0.507902	-0.369366	-0.247610	-0.142055	-0.051989	0.023238	0.084333	0.132291	0.167918	0.192286	0.206431	0.211446	0.208512	0.198923	0.183782	0.164388	0.142067	0.118129	0.093827	0.070553	0.049558	0.032144	0.019637	0.013214	0.014096	0.023550	0.042548	0.072341	0.113791	0.167896	-1.196862	-1.052165	-0.888632	-0.705846	-0.503397	-0.281062	-0.038634	0.223829	
