 icase = 0
         0 -> O.K.,
        -1 -> nelze splnit omezujici podminky,
        +1 -> cilova funkce je na polyedru neomezena.
 lambda = 3.362883
 pocet bloku N = 40
 Vektor lokalnich deformaci:
   2: fi 00 ext = 2.886986
  21: fi 10 int = 4.296470
  74: fi 36 ext = 7.984231
  81: fi 40 int = 6.574746
 Vektor indexu spary mezi bloky:
0		1		2		3		4		5		6		7		8		9		10		11		12		13		14		15		16		17		18		19		20		21		22		23		24		25		26		27		28		29		30		31		32		33		34		35		36		37		38		39		40		
 Vektor normalovych sil ve sparach (+ znaci tlak):
5.880597	5.733768	5.584353	5.434126	5.283532	5.134527	4.988651	4.845689	4.707983	4.578076	4.453212	4.341163	4.234227	4.139060	4.053069	3.982298	3.922128	3.870717	3.835720	3.815588	3.807107	3.811313	3.829338	3.861086	3.905995	3.964194	4.033363	4.109853	4.203469	4.304109	4.416051	4.535566	4.661373	4.796947	4.935157	5.079160	7.724175	7.986817	8.241487	8.488497	8.724960	
 Vektor vzdalenosti N od hornoho povrchu klenby:
0.048333	0.060159	0.070126	0.078352	0.084940	0.090008	0.093663	0.096033	0.097232	0.097392	0.096667	0.095181	0.093109	0.090633	0.087915	0.085107	0.082419	0.079950	0.077838	0.076216	0.075117	0.074605	0.074653	0.075188	0.076170	0.077479	0.078971	0.080498	0.081861	0.082952	0.083540	0.083484	0.082635	0.080823	0.077932	0.073810	0.048333	0.065852	0.079642	0.089870	0.096667	
 Vektor posouvajicich sil ve sparach:
-1.000566	-0.815421	-0.648044	-0.498143	-0.365328	-0.249328	-0.149532	-0.065168	0.004354	0.059830	0.102206	0.132364	0.151347	0.160209	0.160048	0.152116	0.137683	0.117863	0.093954	0.067312	0.039272	0.011076	-0.015857	-0.040304	-0.060879	-0.076323	-0.085383	-0.086927	-0.079564	-0.062423	-0.034162	0.006038	0.059173	0.126177	0.207857	0.304908	-1.832294	-1.568779	-1.282501	-0.973356	-0.641616	
